#subID	 subGroupNr x	 y	 z	 vx	 yv	 yz	 vmax	 B_MAG V_MAG M_star
#subID	 groupID	 kpc/h	 kpc/h	 kpc/h	 km/s	 km/s	 km/s	 km/s	 mags mags 10^10Msun/h
396377 1015 28926.570312 29078.927734 51393.769531 -202.574677 105.857521 -124.894501 216.068329 -2.077641e+01 -2.134468e+01 3.666521
396378 1015 28989.837891 29142.691406 51267.546875 -102.462860 -30.542559 -173.268448 83.281555 -1.810816e+01 -1.846548e+01 0.115835
396379 1015 29004.664062 28997.224609 51494.519531 -314.286469 -29.556400 -219.954132 60.611565 -1.589416e+01 -1.635908e+01 0.021719
396380 1015 28869.435547 28987.439453 51479.824219 -118.044510 220.452225 -45.712376 64.734856 -1.597517e+01 -1.656787e+01 0.039390
396381 1015 28792.402344 29019.421875 51496.445312 -183.469376 159.794632 -14.873233 45.663441 -1.435383e+01 -1.483081e+01 0.005902
396382 1015 28978.732422 28966.824219 51327.925781 -250.891495 56.977283 -40.827602 43.315170 -1.452710e+01 -1.509443e+01 0.007586
396383 1015 29105.722656 28922.830078 51386.390625 -13.393184 250.235825 -18.816687 27.607458 1.000000e+37 1.000000e+37 0.000000
396384 1015 28926.953125 29066.089844 51376.140625 -355.257965 -17.278931 -35.750313 36.735088 -1.780768e+01 -1.778401e+01 0.007104
396385 1015 28942.306641 29091.322266 51382.519531 -248.185196 -15.792576 -289.398193 29.396233 -1.653733e+01 -1.661840e+01 0.003158
396386 1015 28963.376953 29129.673828 51443.484375 -77.929085 122.018684 -232.564697 30.826851 -1.289813e+01 -1.363512e+01 0.003618
396387 1015 28846.962891 29052.914062 51464.250000 -206.963028 231.501633 -179.167435 32.134338 -1.251399e+01 -1.319134e+01 0.002269
396388 1015 28922.330078 29198.642578 51204.132812 -92.309685 77.781395 -142.432861 27.003235 -8.755661e+00 -9.308758e+00 0.000062
396389 1015 28932.804688 29091.378906 51409.632812 -56.016548 160.245560 -247.709625 26.611244 -1.661667e+01 -1.659586e+01 0.002604
396390 1015 29063.464844 29122.806641 51293.390625 -169.118637 -55.727745 -316.937378 20.089041 1.000000e+37 1.000000e+37 0.000000
396391 1015 28887.126953 29198.693359 51434.773438 -155.848007 -76.474686 87.684692 21.545330 1.000000e+37 1.000000e+37 0.000000
396392 1015 28927.796875 29091.005859 51413.648438 -26.354795 201.749146 -192.068314 21.126059 -1.593008e+01 -1.609086e+01 0.003222
396393 1015 28875.167969 29104.796875 51274.179688 28.776735 109.475594 -298.863892 19.212011 1.000000e+37 1.000000e+37 0.000000
396394 1015 29163.267578 29121.333984 51239.355469 -418.838257 97.437256 -188.929733 15.657799 1.000000e+37 1.000000e+37 0.000000
396395 1015 28916.041016 29062.339844 51392.636719 -294.261169 151.753540 79.447609 18.791655 -1.610719e+01 -1.626032e+01 0.003318
396396 1015 28950.376953 28983.580078 51327.125000 -205.529022 75.210388 13.562842 26.049755 -9.772595e+00 -1.036331e+01 0.000149
396397 1015 28916.839844 29059.410156 51384.273438 -337.412872 77.875580 48.721561 19.880993 -1.635082e+01 -1.629443e+01 0.001913
396398 1015 28958.808594 28882.812500 51404.796875 -110.602531 302.487274 -127.781830 18.566853 1.000000e+37 1.000000e+37 0.000000
396399 1015 29013.041016 29183.683594 51243.632812 -94.714897 5.806919 -248.131393 22.716396 -9.865026e+00 -1.046107e+01 0.000213
396400 1015 28832.337891 28989.785156 51467.812500 -370.040161 277.644348 15.124893 15.064532 1.000000e+37 1.000000e+37 0.000000
396401 1015 28871.871094 28889.636719 51432.175781 -227.917221 77.415352 45.047745 19.042768 -9.042790e+00 -9.611038e+00 0.000096
396402 1015 29023.099609 29070.535156 51280.972656 -253.279160 -85.342880 -42.741817 18.718401 1.000000e+37 1.000000e+37 0.000000
396403 1015 29020.156250 29185.683594 51259.179688 -285.061615 -72.742851 -97.773621 21.503563 1.000000e+37 1.000000e+37 0.000000
396404 1015 28911.671875 29081.261719 51413.996094 -122.138382 280.695190 -43.552910 17.097422 -1.524741e+01 -1.534281e+01 0.001068
396405 1015 28909.041016 28914.550781 51262.554688 -238.503815 270.821014 -162.865005 15.676970 1.000000e+37 1.000000e+37 0.000000
396406 1015 29001.490234 29103.539062 51471.152344 -130.781860 -52.637283 -61.904266 16.313152 1.000000e+37 1.000000e+37 0.000000
396407 1015 29129.185547 29143.642578 51253.578125 -424.761261 76.702347 -192.072525 13.263577 1.000000e+37 1.000000e+37 0.000000
396408 1015 29083.896484 28929.683594 51374.156250 -22.910131 240.872406 -20.322437 15.104603 1.000000e+37 1.000000e+37 0.000000
396409 1015 29028.712891 29097.734375 51369.074219 -287.547455 164.579468 -369.943054 15.163264 1.000000e+37 1.000000e+37 0.000000
396410 1015 29010.566406 29172.142578 51382.195312 -253.669296 196.305908 -270.346130 16.770929 1.000000e+37 1.000000e+37 0.000000
396411 1015 29039.101562 29216.939453 51414.972656 -71.478973 28.840643 -340.673462 11.887271 1.000000e+37 1.000000e+37 0.000000
396412 1015 28884.296875 29010.599609 51181.292969 -91.432716 6.781248 -109.306694 15.091625 1.000000e+37 1.000000e+37 0.000000
396413 1015 28932.242188 29147.675781 51495.472656 -388.989044 95.297462 -4.972600 14.149038 1.000000e+37 1.000000e+37 0.000000
396414 1015 28879.232422 28906.033203 51376.574219 -145.972565 265.704681 -25.424454 15.364381 1.000000e+37 1.000000e+37 0.000000
396415 1015 28852.664062 29067.884766 51359.695312 -255.313934 141.380722 90.892960 18.646509 1.000000e+37 1.000000e+37 0.000000
396416 1015 28958.447266 28956.419922 51228.238281 -41.136433 267.178833 -203.252853 13.244448 1.000000e+37 1.000000e+37 0.000000
396417 1015 28856.935547 28943.089844 51469.378906 -194.624710 156.911484 -200.751312 16.109819 -8.761764e+00 -9.426377e+00 0.000076
396418 1015 28851.882812 29008.867188 51376.171875 -223.048264 373.285187 -95.251808 12.074844 1.000000e+37 1.000000e+37 0.000000
396419 1015 28872.919922 29064.347656 51659.785156 -175.784164 144.602295 -117.859177 15.075008 1.000000e+37 1.000000e+37 0.000000
396420 1015 28984.666016 29007.941406 51406.375000 -222.745926 172.643127 124.002747 15.113914 1.000000e+37 1.000000e+37 0.000000
396421 1015 29023.320312 29151.943359 51371.144531 -123.590530 274.484741 7.752611 13.037105 1.000000e+37 1.000000e+37 0.000000
396422 1015 28957.507812 29092.755859 51194.480469 -89.447166 -9.829354 -223.762711 12.578556 1.000000e+37 1.000000e+37 0.000000
396423 1015 28910.058594 29182.478516 51376.660156 -61.900543 226.297943 -16.941698 16.579559 1.000000e+37 1.000000e+37 0.000000
396424 1015 29018.298828 28910.816406 51215.628906 -8.998434 171.919556 39.098724 9.504117 1.000000e+37 1.000000e+37 0.000000
396425 1015 28958.080078 29009.220703 51479.207031 -25.684715 195.080475 -57.446869 14.620402 1.000000e+37 1.000000e+37 0.000000
396426 1015 29179.714844 29123.359375 51200.554688 -37.691479 114.434868 -154.953156 11.756588 1.000000e+37 1.000000e+37 0.000000
396427 1015 28922.160156 29048.636719 51383.855469 -145.422516 94.768784 223.713074 15.663475 -9.467325e+00 -1.005361e+01 0.000135
396428 1015 29052.279297 29057.152344 51303.843750 -360.461456 215.162231 -201.210510 12.525143 1.000000e+37 1.000000e+37 0.000000
396429 1015 28749.394531 29048.130859 51288.679688 -203.946396 37.478436 -7.665987 13.610191 1.000000e+37 1.000000e+37 0.000000
396430 1015 29013.466797 28985.546875 51323.460938 6.381778 224.291794 80.588272 10.688059 1.000000e+37 1.000000e+37 0.000000
396431 1015 28918.812500 29154.404297 51504.277344 -348.026581 61.733925 -3.182599 12.167428 1.000000e+37 1.000000e+37 0.000000
396432 1015 29071.564453 29075.804688 51348.343750 -104.230919 -16.451071 -196.907120 11.524268 1.000000e+37 1.000000e+37 0.000000
396433 1015 28868.595703 29049.748047 51448.449219 -293.821838 -197.802292 -57.444565 13.360652 1.000000e+37 1.000000e+37 0.000000
396434 1015 29014.914062 29069.554688 51223.539062 -308.022369 41.505165 20.101841 12.340336 1.000000e+37 1.000000e+37 0.000000
396435 1015 28791.496094 29087.666016 51292.671875 -241.732178 203.662445 -195.636826 9.569516 1.000000e+37 1.000000e+37 0.000000
396436 1015 28907.845703 28846.392578 51413.875000 -235.656448 179.855743 89.472641 9.758771 1.000000e+37 1.000000e+37 0.000000
396437 1015 28948.421875 29090.951172 51462.949219 45.363838 103.212830 -227.535416 14.170019 1.000000e+37 1.000000e+37 0.000000
396438 1015 28959.445312 29043.523438 51360.550781 -385.093536 362.864746 -31.504984 13.642620 1.000000e+37 1.000000e+37 0.000000
396439 1015 28788.253906 29007.005859 51309.953125 -332.877441 179.809753 -137.479004 11.069992 1.000000e+37 1.000000e+37 0.000000
396440 1015 29070.681641 28925.382812 51370.550781 -3.454995 242.450043 17.312534 11.219406 1.000000e+37 1.000000e+37 0.000000
396441 1015 29000.316406 29109.738281 51435.312500 -152.372360 310.519562 -226.323746 13.613987 1.000000e+37 1.000000e+37 0.000000
396442 1015 28999.873047 29049.658203 51289.027344 -227.752747 6.154722 88.623215 13.174106 1.000000e+37 1.000000e+37 0.000000
396443 1015 28938.960938 29140.080078 51241.929688 -245.343643 -50.355263 45.561176 11.915242 1.000000e+37 1.000000e+37 0.000000
396444 1015 29097.154297 29216.083984 51194.035156 -107.284561 233.910751 -69.666061 8.067478 1.000000e+37 1.000000e+37 0.000000
396445 1015 29020.503906 29098.125000 51214.265625 -240.909500 -26.058676 -27.388090 11.371868 1.000000e+37 1.000000e+37 0.000000
396446 1015 28960.623047 29151.757812 51381.394531 -128.856812 4.445222 -216.645020 16.982508 -8.606485e+00 -9.244246e+00 0.000061
396447 1015 29033.335938 29092.701172 51294.019531 -193.439423 248.574158 36.344189 10.569332 1.000000e+37 1.000000e+37 0.000000
396448 1015 29088.779297 29201.720703 51247.906250 -143.400467 80.067398 -166.605270 7.915855 1.000000e+37 1.000000e+37 0.000000
396449 1015 28873.445312 29010.861328 51223.726562 -75.617134 30.546488 -132.340912 10.223827 1.000000e+37 1.000000e+37 0.000000
396450 1015 29075.783203 28964.730469 51253.503906 -432.905518 138.013168 -194.576279 7.429880 1.000000e+37 1.000000e+37 0.000000
396451 1015 28855.052734 29148.687500 51453.226562 -218.007202 -41.158981 77.462418 11.892825 1.000000e+37 1.000000e+37 0.000000
396452 1015 28884.851562 29044.976562 51224.136719 -65.069305 269.208160 -268.443268 7.247684 1.000000e+37 1.000000e+37 0.000000
396453 1015 29079.511719 29056.492188 51438.335938 -339.526520 -42.284206 -167.062897 10.980921 1.000000e+37 1.000000e+37 0.000000
396454 1015 28957.029297 29109.429688 51389.832031 97.413040 86.316963 69.891701 13.595863 1.000000e+37 1.000000e+37 0.000000
396455 1015 28930.859375 29017.623047 51630.437500 -270.162903 78.687447 -23.758053 8.514009 1.000000e+37 1.000000e+37 0.000000
396456 1015 28922.314453 29269.394531 51347.906250 -117.307755 27.601482 -109.695755 11.276904 1.000000e+37 1.000000e+37 0.000000
396457 1015 29006.242188 29145.964844 51260.773438 -344.605103 -30.021854 -0.843610 11.643381 1.000000e+37 1.000000e+37 0.000000
396458 1015 29016.462891 29096.017578 51380.378906 -96.378098 143.888306 -305.516296 9.224715 1.000000e+37 1.000000e+37 0.000000
396459 1015 28989.025391 29105.070312 51262.406250 -196.792770 -12.269930 74.498024 10.433299 1.000000e+37 1.000000e+37 0.000000
396460 1015 28851.445312 29163.589844 51429.578125 -180.977814 138.682449 -315.219818 11.658646 1.000000e+37 1.000000e+37 0.000000
396461 1015 28934.757812 29089.404297 51219.386719 -461.622559 95.204659 -95.927361 9.308036 1.000000e+37 1.000000e+37 0.000000
396462 1015 28941.230469 29058.535156 51157.648438 -183.723190 237.353439 -147.804764 12.406944 1.000000e+37 1.000000e+37 0.000000
396463 1015 28943.509766 29022.031250 51321.429688 -276.235687 10.734994 141.536179 9.530508 1.000000e+37 1.000000e+37 0.000000
396464 1015 28974.058594 29118.808594 51189.457031 -3.874401 203.685242 -207.036942 8.543240 1.000000e+37 1.000000e+37 0.000000
396465 1015 29096.929688 28925.259766 51336.128906 -36.480179 221.023499 43.112576 6.300302 1.000000e+37 1.000000e+37 0.000000
396466 1015 29089.513672 29100.960938 51486.246094 -287.673798 41.886898 -168.286270 12.480482 1.000000e+37 1.000000e+37 0.000000
441412 2037 29172.248047 28173.183594 50994.812500 -162.181900 154.366943 -108.298401 199.556702 -2.119774e+01 -2.165479e+01 3.294355
441413 2037 29168.666016 28179.406250 50992.468750 -225.446442 228.909973 15.919414 43.309177 -1.816635e+01 -1.818647e+01 0.008633
441414 2037 29083.089844 28045.068359 50982.566406 -164.828201 93.424126 -119.105171 20.771341 -1.331165e+01 -1.395463e+01 0.003112
441415 2037 29231.941406 28172.251953 50890.167969 -352.788879 161.484222 -122.607582 21.250402 1.000000e+37 1.000000e+37 0.000000
441416 2037 29063.218750 28157.451172 50900.691406 -102.252716 275.206268 -51.406601 24.141327 -1.088858e+01 -1.146020e+01 0.000441
441417 2037 29104.556641 28195.425781 50911.476562 -339.048737 84.905876 -72.484894 21.832966 1.000000e+37 1.000000e+37 0.000000
441418 2037 29178.501953 28151.341797 51005.695312 -174.098801 133.783691 -250.085159 18.104784 -1.494543e+01 -1.502821e+01 0.000504
441419 2037 29049.599609 28081.947266 50980.414062 -218.415802 5.877849 -94.238045 25.367750 1.000000e+37 1.000000e+37 0.000000
441420 2037 29185.449219 28174.117188 51036.816406 -100.039444 11.726836 -26.012869 13.016889 -1.180857e+01 -1.194940e+01 0.000057
441421 2037 29140.009766 28264.859375 51087.039062 -54.109035 258.400238 -84.850845 17.840305 -8.654934e+00 -9.226627e+00 0.000071
441422 2037 29193.472656 28116.929688 50981.968750 -80.993874 183.287338 72.101471 15.677901 1.000000e+37 1.000000e+37 0.000000
441423 2037 29222.271484 28095.556641 50972.863281 -170.029907 336.113953 -25.470497 11.042058 1.000000e+37 1.000000e+37 0.000000
441424 2037 29063.445312 28274.162109 51019.671875 -129.607407 167.767258 1.748284 11.358736 1.000000e+37 1.000000e+37 0.000000
441425 2037 29193.476562 28272.533203 51115.519531 -159.216019 87.688255 -210.696335 14.745583 1.000000e+37 1.000000e+37 0.000000
441426 2037 29103.589844 28310.310547 50961.089844 -230.943726 12.886539 -156.219727 11.029815 1.000000e+37 1.000000e+37 0.000000
441427 2037 29042.703125 28161.031250 51024.441406 -204.743530 116.207199 31.442472 13.055912 1.000000e+37 1.000000e+37 0.000000
441428 2037 29168.619141 28193.789062 50991.230469 -466.451904 -39.209045 -113.128281 15.000689 1.000000e+37 1.000000e+37 0.000000
441429 2037 29206.240234 28250.335938 51146.078125 -146.579391 89.300125 -92.764313 14.383298 1.000000e+37 1.000000e+37 0.000000
441430 2037 29193.150391 28084.332031 50894.089844 -67.286545 178.507721 -189.652725 12.172218 1.000000e+37 1.000000e+37 0.000000
575002 14002 29656.263672 27754.906250 51369.277344 -164.737320 148.798569 -59.441051 86.932175 -1.805375e+01 -1.847635e+01 0.111995
575003 14002 29740.068359 27772.371094 51387.441406 -212.202515 161.791336 -9.960926 24.670835 1.000000e+37 1.000000e+37 0.000000
575004 14002 29660.513672 27740.958984 51393.808594 -206.407028 30.265888 -0.962821 20.096418 1.000000e+37 1.000000e+37 0.000000
575005 14002 29737.978516 27695.726562 51290.769531 -184.867676 145.469040 -76.268440 16.300016 1.000000e+37 1.000000e+37 0.000000
575006 14002 29640.187500 27783.136719 51416.199219 -147.542053 122.894051 -1.097374 10.046498 1.000000e+37 1.000000e+37 0.000000
575007 14002 29683.746094 27743.222656 51327.398438 -191.998917 98.688728 -25.616400 10.256269 1.000000e+37 1.000000e+37 0.000000
632353 28193 28857.203125 28593.390625 51641.972656 -214.761978 196.608719 -121.643936 71.393082 -1.673213e+01 -1.721169e+01 0.037966
632354 28193 28817.988281 28637.160156 51617.503906 -143.186920 197.419510 -71.387161 10.267796 1.000000e+37 1.000000e+37 0.000000
632355 28193 28818.257812 28576.298828 51594.542969 -203.075424 153.490280 -320.609741 8.640452 1.000000e+37 1.000000e+37 0.000000
646144 32794 28737.832031 28809.730469 51670.039062 -146.061798 196.045135 -98.815315 66.502731 -1.601163e+01 -1.654248e+01 0.023547
660195 37777 28941.679688 28735.429688 51120.296875 -197.326660 185.469635 -94.185333 64.235321 -1.585150e+01 -1.638194e+01 0.023607
660328 37826 29722.626953 27845.412109 51059.218750 -157.600677 99.038765 0.606448 60.079548 -1.538815e+01 -1.593697e+01 0.014663
660329 37826 29726.533203 27848.712891 51042.785156 -215.035645 75.983101 56.627800 15.410412 1.000000e+37 1.000000e+37 0.000000
688139 49118 28834.726562 27977.794922 51323.582031 -222.178238 126.503181 -126.009201 52.374367 -1.512496e+01 -1.560854e+01 0.009521
688140 49118 28842.675781 27972.314453 51301.144531 -263.258087 134.030762 -141.022476 15.167339 1.000000e+37 1.000000e+37 0.000000
697455 53291 29528.671875 27912.689453 50739.316406 -122.807053 114.382332 22.844151 52.643211 -1.433687e+01 -1.456720e+01 0.001952
697456 53291 29545.375000 27901.121094 50779.320312 -152.619598 85.059608 26.042288 12.365200 1.000000e+37 1.000000e+37 0.000000
702870 55772 28672.048828 28987.937500 50822.390625 -204.505020 187.674698 -160.097473 57.377419 -1.467689e+01 -1.524880e+01 0.009491
709331 58868 28822.115234 28484.912109 50969.882812 -228.463181 158.696671 -263.150085 55.369591 -1.453823e+01 -1.512640e+01 0.008195
709332 58868 28782.435547 28516.634766 51022.335938 -225.896103 95.168282 -171.942642 9.686177 1.000000e+37 1.000000e+37 0.000000
711765 60073 29471.964844 28261.894531 50477.058594 -116.521240 86.752296 8.268500 50.703640 -1.413436e+01 -1.453487e+01 0.002855
711766 60073 29499.080078 28319.316406 50492.253906 -125.165962 79.327393 10.162815 14.827842 1.000000e+37 1.000000e+37 0.000000
724018 66152 29614.634766 28088.273438 50698.019531 -136.914581 77.884651 3.958127 51.713795 -1.398625e+01 -1.444166e+01 0.003250
734251 71504 28907.455078 28519.523438 50608.562500 -176.986160 116.962860 -123.261604 50.889370 -1.356465e+01 -1.417221e+01 0.003681
764597 88137 29062.482422 27930.822266 50844.582031 -221.815964 211.168320 -134.342163 46.758015 -1.292629e+01 -1.355680e+01 0.002512
764598 88137 29103.865234 27905.806641 50819.488281 -223.284546 198.354126 -98.462883 20.688454 1.000000e+37 1.000000e+37 0.000000
790399 103061 28955.041016 29780.708984 51160.089844 -342.245758 95.770729 -153.597275 36.177105 -1.037085e+01 -1.089823e+01 0.000175
790400 103061 28987.402344 29737.820312 51127.640625 -155.520721 155.318176 -48.733273 13.699889 1.000000e+37 1.000000e+37 0.000000
790401 103061 28956.841797 29770.179688 51126.652344 -354.359070 112.626381 -141.392258 10.727486 1.000000e+37 1.000000e+37 0.000000
804813 111648 30103.435547 28178.173828 51774.839844 -275.873810 94.370995 -217.073685 37.311047 1.000000e+37 1.000000e+37 0.000000
817755 119505 28850.669922 27981.222656 51518.664062 -227.487167 124.484879 -134.739151 40.848484 -1.143738e+01 -1.205063e+01 0.000711
833404 129157 28889.910156 29141.818359 51775.648438 -185.554489 109.254860 -130.770004 35.180828 -1.307152e+01 -1.372982e+01 0.003127
833405 129157 28908.935547 29115.779297 51770.054688 -321.712860 155.420792 -82.859436 17.007040 1.000000e+37 1.000000e+37 0.000000
843399 135423 29775.701172 27826.800781 50544.816406 -128.252533 108.598061 1.481200 36.981857 -1.054403e+01 -1.113727e+01 0.000324
849852 139500 29207.826172 28858.722656 51425.074219 -143.460159 167.848465 -171.238663 35.385883 -1.199432e+01 -1.260549e+01 0.001091
861558 146947 29423.173828 28840.205078 51531.484375 -102.497368 197.977478 -201.877609 30.795984 -8.420418e+00 -8.990941e+00 0.000056
870612 152763 28954.568359 29685.687500 51382.031250 -140.880371 78.841690 -68.692993 37.615387 -1.187982e+01 -1.252243e+01 0.001281
872178 153775 28749.621094 29710.957031 51082.707031 -166.614838 179.873367 -55.246300 32.599503 -1.055121e+01 -1.112303e+01 0.000311
872179 153775 28748.888672 29702.718750 51093.636719 -155.227173 138.125275 -98.010193 12.909162 1.000000e+37 1.000000e+37 0.000000
887930 164145 28576.103516 28521.728516 51586.847656 -195.068481 147.065628 -34.698738 31.824389 -9.946980e+00 -1.048189e+01 0.000153
911656 180156 28536.796875 29547.345703 51608.687500 -179.268494 128.050858 -288.154724 27.304323 -8.878885e+00 -9.450277e+00 0.000086
911657 180156 28543.748047 29545.359375 51600.632812 -200.679932 146.533569 -288.628174 15.551953 1.000000e+37 1.000000e+37 0.000000
926505 190547 28951.072266 27993.048828 51320.613281 -288.276459 155.638672 -102.846245 28.359055 1.000000e+37 1.000000e+37 0.000000
939259 199762 29925.710938 28234.488281 51710.402344 -276.621368 92.517845 -210.577866 24.633612 1.000000e+37 1.000000e+37 0.000000
939260 199762 29954.521484 28215.947266 51723.820312 -284.255188 100.092812 -208.826691 16.402121 1.000000e+37 1.000000e+37 0.000000
939797 200153 29226.255859 29575.263672 51579.429688 -166.099350 114.663239 -179.669495 32.058735 -1.020582e+01 -1.077209e+01 0.000239
947397 205677 29468.058594 27938.240234 50258.097656 -113.806709 101.197311 -3.284718 29.421618 -8.436186e+00 -9.004862e+00 0.000055
952622 209547 28994.722656 29014.421875 51773.921875 -314.345947 20.698582 -83.427658 25.046144 1.000000e+37 1.000000e+37 0.000000
959679 214794 28780.539062 28377.128906 51181.652344 -290.230682 78.256531 -29.316200 25.469667 1.000000e+37 1.000000e+37 0.000000
963910 217959 29278.251953 27458.187500 51229.164062 -193.480362 153.879471 -75.794853 26.039459 1.000000e+37 1.000000e+37 0.000000
965572 219165 28900.394531 28846.185547 51251.742188 -194.134186 137.705002 28.687586 29.169647 -1.122295e+01 -1.184968e+01 0.000669
973268 225011 29386.281250 29058.708984 51480.558594 -111.689560 189.926315 -238.961670 27.434238 1.000000e+37 1.000000e+37 0.000000
985167 234077 28347.457031 29682.542969 51578.304688 -201.836182 104.545494 -96.276108 27.095409 -1.017053e+01 -1.072751e+01 0.000196
993852 240801 28882.111328 28870.025391 52140.917969 -92.542824 139.402222 -202.122360 28.213806 -7.708934e+00 -8.282378e+00 0.000030
994641 241422 29374.021484 28133.822266 50744.750000 -259.292725 96.531219 -135.871185 27.864641 1.000000e+37 1.000000e+37 0.000000
995038 241723 28412.957031 28039.753906 51085.941406 -19.999897 142.863892 -51.309147 25.275452 1.000000e+37 1.000000e+37 0.000000
1005405 249764 29087.576172 28600.931641 51133.605469 -210.700195 111.824043 -163.716873 29.790394 -1.123945e+01 -1.188317e+01 0.000760
1008777 252441 28908.380859 29700.658203 51618.023438 -189.243118 150.451538 -180.010086 30.511679 -1.120723e+01 -1.182950e+01 0.000625
1013701 256305 28955.382812 28949.128906 51682.941406 -317.825012 26.277472 -137.578751 24.404736 1.000000e+37 1.000000e+37 0.000000
1021146 262190 28717.498047 29840.197266 51245.101562 -144.491547 181.110321 -66.031448 27.330086 -1.036444e+01 -1.091805e+01 0.000244
1022103 262952 28902.517578 27893.476562 51735.335938 -222.464188 114.081261 -258.125092 25.121151 -8.947690e+00 -9.519042e+00 0.000092
1025425 265601 29623.177734 27749.763672 51016.421875 -84.435936 168.683868 -187.332565 23.384789 -8.053582e+00 -8.625566e+00 0.000041
1033999 272479 28531.021484 29209.730469 51053.007812 -9.843823 144.688354 -42.084068 23.912004 1.000000e+37 1.000000e+37 0.000000
1034952 273259 30101.722656 28456.621094 51473.988281 -299.342377 88.241325 -184.564499 21.267500 1.000000e+37 1.000000e+37 0.000000
1043952 280479 28836.267578 28994.005859 51700.566406 -145.443527 0.784319 -205.268417 16.060232 1.000000e+37 1.000000e+37 0.000000
1043953 280479 28847.648438 29004.863281 51697.277344 -153.937424 -7.785973 -206.927231 11.116554 1.000000e+37 1.000000e+37 0.000000
1052884 287809 29199.652344 29077.542969 51029.285156 -111.584930 104.150490 -152.535736 25.987539 1.000000e+37 1.000000e+37 0.000000
1058706 292509 28666.320312 29816.029297 51767.191406 -185.484756 137.666946 -175.579102 29.859627 -1.041962e+01 -1.100343e+01 0.000291
1062273 295444 28887.074219 28712.792969 51216.023438 -241.561783 167.339264 -120.236549 24.433788 -1.111253e+01 -1.173691e+01 0.000592
1062274 295444 28855.470703 28702.771484 51196.968750 -242.580429 180.705765 -27.350447 10.167893 1.000000e+37 1.000000e+37 0.000000
1076385 307149 28821.589844 28856.166016 51558.718750 -115.356415 -31.984020 -154.330902 23.324892 1.000000e+37 1.000000e+37 0.000000
1090337 318806 29744.642578 29397.689453 51331.273438 -328.407837 107.847153 -171.990677 24.410057 1.000000e+37 1.000000e+37 0.000000
1104046 330416 29387.757812 28182.482422 49940.367188 -113.248314 100.267578 -26.797476 24.589926 1.000000e+37 1.000000e+37 0.000000
1106248 332276 28945.013672 28368.828125 51050.449219 -236.031662 146.564941 -301.344604 23.944317 1.000000e+37 1.000000e+37 0.000000
1107831 333607 28796.298828 28132.789062 51123.343750 8.430799 150.448715 -52.464352 23.458313 1.000000e+37 1.000000e+37 0.000000
1111748 336917 28827.310547 29279.566406 51166.164062 -365.122070 7.665969 -112.789543 25.416849 1.000000e+37 1.000000e+37 0.000000
1119856 343825 29172.636719 27647.798828 50783.179688 -270.766602 100.625610 -41.152889 21.696690 1.000000e+37 1.000000e+37 0.000000
1134973 356860 29090.837891 28731.710938 51378.625000 -80.354553 140.244003 -148.912781 23.130955 1.000000e+37 1.000000e+37 0.000000
1154337 373581 28945.662109 28771.941406 51233.406250 -367.845886 174.225967 -224.357285 17.250004 1.000000e+37 1.000000e+37 0.000000
1154338 373581 28974.119141 28750.373047 51224.886719 -372.356232 175.726501 -234.444244 5.601356 1.000000e+37 1.000000e+37 0.000000
1172231 389257 29177.080078 29797.634766 51901.265625 -216.675751 92.903748 -64.304375 21.587048 1.000000e+37 1.000000e+37 0.000000
1173325 390209 28907.189453 28331.587891 51414.402344 -269.971039 144.780579 -119.622292 21.925026 -8.959306e+00 -9.529724e+00 0.000092
1175450 392081 28478.443359 29117.941406 51967.023438 -187.915970 123.119453 -275.560272 20.258411 1.000000e+37 1.000000e+37 0.000000
1180918 396894 29650.921875 27694.322266 51228.914062 -147.911926 113.977646 -69.705818 27.180820 1.000000e+37 1.000000e+37 0.000000
1190740 405606 29455.072266 28380.009766 51247.429688 -117.376030 82.154640 -1.092624 16.800631 1.000000e+37 1.000000e+37 0.000000
1190741 405606 29456.960938 28404.990234 51254.128906 -100.564636 70.218254 -2.180598 14.710349 1.000000e+37 1.000000e+37 0.000000
1195304 409672 28659.597656 28516.380859 51546.285156 -143.782074 158.375656 -265.393738 18.121544 1.000000e+37 1.000000e+37 0.000000
1197678 411788 29043.650391 28654.632812 51532.343750 -135.148605 52.224487 -180.630554 17.855820 1.000000e+37 1.000000e+37 0.000000
1197679 411788 29061.062500 28680.789062 51515.652344 -144.322159 57.179340 -182.195572 7.036313 1.000000e+37 1.000000e+37 0.000000
1204865 418181 28505.541016 27551.968750 51240.058594 -22.445078 135.374802 -57.303024 19.678154 1.000000e+37 1.000000e+37 0.000000
1226039 437189 29588.455078 28016.349609 51404.585938 -141.199097 136.981247 -15.762603 18.803797 1.000000e+37 1.000000e+37 0.000000
1239711 449515 28863.130859 28262.408203 50996.542969 -250.638351 50.791553 2.697737 20.206858 1.000000e+37 1.000000e+37 0.000000
1241058 450743 28493.787109 28619.839844 51758.507812 -194.142090 156.322418 -44.737968 22.528996 1.000000e+37 1.000000e+37 0.000000
1246720 455919 29473.677734 27841.642578 51487.066406 -158.338638 174.168442 -39.891964 22.231411 1.000000e+37 1.000000e+37 0.000000
1256816 465171 29504.589844 28156.958984 51285.230469 -224.109940 158.542191 -177.363785 23.453136 1.000000e+37 1.000000e+37 0.000000
1268934 476292 29633.330078 27569.988281 51464.078125 -180.373337 155.047485 -33.805462 18.935753 1.000000e+37 1.000000e+37 0.000000
1293442 498890 28930.781250 27911.574219 51397.105469 -227.312378 89.289368 -128.249603 21.781553 1.000000e+37 1.000000e+37 0.000000
1298664 503729 28829.878906 28963.341797 51200.187500 -150.466309 254.736465 -289.819885 19.921001 1.000000e+37 1.000000e+37 0.000000
1302169 506999 29470.828125 28662.537109 50095.269531 -121.289001 98.122566 -28.232746 21.840693 1.000000e+37 1.000000e+37 0.000000
1309336 513704 29622.517578 28055.755859 51427.800781 -123.967842 144.635254 -1.376702 20.343332 1.000000e+37 1.000000e+37 0.000000
1309337 513705 29061.072266 28594.980469 51572.855469 -158.368439 73.274605 -166.331116 18.345982 1.000000e+37 1.000000e+37 0.000000
1309338 513705 29052.746094 28581.246094 51548.445312 -136.989227 59.400879 -161.245926 10.108242 1.000000e+37 1.000000e+37 0.000000
1330216 533202 29037.357422 28279.585938 50820.281250 -111.766190 70.477448 -90.361427 22.106386 1.000000e+37 1.000000e+37 0.000000
1342200 544428 29738.060547 27602.041016 51398.082031 -204.523941 102.438721 -42.177155 19.106176 1.000000e+37 1.000000e+37 0.000000
1342201 544428 29717.750000 27599.193359 51385.648438 -202.411972 108.395805 -31.848534 11.101247 1.000000e+37 1.000000e+37 0.000000
1344240 546354 29668.265625 28456.666016 51428.371094 -318.179779 101.532600 -192.854477 19.012541 1.000000e+37 1.000000e+37 0.000000
1352492 554138 28886.027344 29201.250000 51646.101562 -275.321594 86.027992 -349.430420 16.676805 1.000000e+37 1.000000e+37 0.000000
1358852 560137 29112.101562 28958.908203 51903.320312 -276.692230 152.178604 -145.041992 20.344309 1.000000e+37 1.000000e+37 0.000000
1358855 560140 29655.642578 29075.712891 51377.457031 -334.394867 102.019455 -205.896530 15.142031 1.000000e+37 1.000000e+37 0.000000
1372030 572634 29164.382812 29235.044922 51032.433594 -268.133667 76.738785 -233.549484 18.031866 1.000000e+37 1.000000e+37 0.000000
1392699 592427 29468.228516 27942.343750 50870.367188 -51.948521 157.204102 19.073381 17.791756 1.000000e+37 1.000000e+37 0.000000
1392700 592428 28923.681641 28054.064453 51234.507812 -283.013702 153.134720 -108.246635 14.948193 1.000000e+37 1.000000e+37 0.000000
1395123 594761 28784.126953 28741.826172 51259.480469 -114.797516 139.740753 -176.557541 19.912561 1.000000e+37 1.000000e+37 0.000000
1402440 601729 29972.531250 27688.087891 51172.386719 -141.535400 136.975174 -161.410248 19.824619 1.000000e+37 1.000000e+37 0.000000
1420172 618852 29652.626953 28009.455078 50748.332031 -304.727325 53.236115 -41.306179 15.756253 1.000000e+37 1.000000e+37 0.000000
1420173 618852 29627.343750 28036.142578 50759.765625 -301.184998 46.805264 -45.814384 9.235265 1.000000e+37 1.000000e+37 0.000000
1425506 623979 28697.441406 29083.195312 51771.960938 -281.961945 112.603256 -175.933472 21.150179 1.000000e+37 1.000000e+37 0.000000
1428096 626494 29129.679688 28595.414062 51361.207031 -160.174759 101.202621 -210.948502 14.443750 1.000000e+37 1.000000e+37 0.000000
1428097 626494 29153.230469 28591.808594 51375.250000 -272.707001 102.405548 -65.698357 14.108320 1.000000e+37 1.000000e+37 0.000000
1428098 626495 29166.876953 29193.740234 51645.535156 -131.922699 121.878181 -298.305878 14.209347 1.000000e+37 1.000000e+37 0.000000
1428100 626497 29648.732422 29130.982422 51502.570312 -168.420807 185.870422 -135.407700 16.797920 1.000000e+37 1.000000e+37 0.000000
1430815 629138 29274.806641 27653.843750 50763.191406 -269.282501 84.546242 -25.574780 18.542120 1.000000e+37 1.000000e+37 0.000000
1433469 631699 29628.423828 27923.333984 51514.769531 -295.558014 101.206200 -223.858749 15.504868 1.000000e+37 1.000000e+37 0.000000
1436147 634300 29210.146484 27955.925781 50495.667969 -164.394577 202.671783 -163.488235 18.303091 1.000000e+37 1.000000e+37 0.000000
1436149 634302 28868.318359 28961.226562 50821.964844 -154.548248 173.941132 -104.116882 17.266838 1.000000e+37 1.000000e+37 0.000000
1441575 639533 28635.687500 28463.642578 51682.660156 -178.068253 143.520721 -270.105103 16.366316 1.000000e+37 1.000000e+37 0.000000
1447256 645047 28987.763672 28083.560547 50993.175781 -181.258072 165.893112 -310.452881 16.371321 1.000000e+37 1.000000e+37 0.000000
1449991 647713 29208.255859 28403.855469 51133.765625 -340.886200 44.176155 -43.495144 15.461829 1.000000e+37 1.000000e+37 0.000000
1452922 650564 28481.662109 29042.144531 52075.074219 -196.669693 126.805511 -275.135437 17.758194 1.000000e+37 1.000000e+37 0.000000
1461514 658949 29150.529297 28855.337891 51391.953125 -25.021772 241.107056 -48.041046 12.880827 1.000000e+37 1.000000e+37 0.000000
1464495 661868 29507.423828 28489.679688 50980.859375 -200.602432 108.415123 -119.656281 18.660412 1.000000e+37 1.000000e+37 0.000000
1467516 664852 28784.406250 27685.554688 52078.019531 -221.076660 96.160004 -233.701279 16.633095 1.000000e+37 1.000000e+37 0.000000
1470422 667687 29257.507812 29182.755859 51621.867188 -74.086960 122.532936 -258.996429 16.842926 1.000000e+37 1.000000e+37 0.000000
1470424 667689 28586.996094 28348.750000 51559.722656 -206.237198 116.911446 -26.499495 19.562185 1.000000e+37 1.000000e+37 0.000000
1473450 670643 28978.064453 28676.941406 51561.160156 -231.921646 119.758804 -216.481171 20.932903 -1.027081e+01 -1.083678e+01 0.000230
1482794 679772 29360.041016 29937.355469 51461.375000 -159.847061 153.412033 -227.451111 17.916220 1.000000e+37 1.000000e+37 0.000000
1495539 692300 28688.769531 29006.017578 51325.386719 -285.505981 -41.130623 -47.984127 16.889734 1.000000e+37 1.000000e+37 0.000000
1495540 692301 28263.583984 28059.054688 52143.875000 -158.934601 107.983360 -199.929398 17.711964 1.000000e+37 1.000000e+37 0.000000
1498671 695401 29588.458984 28262.566406 51043.445312 -150.408508 66.451073 1.786817 16.111286 1.000000e+37 1.000000e+37 0.000000
1498672 695402 28665.796875 29637.857422 51943.093750 -221.211060 102.426147 -157.761948 20.189774 1.000000e+37 1.000000e+37 0.000000
1502035 698729 28867.900391 29197.632812 51857.238281 -232.355652 13.981494 -159.628357 17.365108 1.000000e+37 1.000000e+37 0.000000
1502036 698729 28884.591797 29188.230469 51837.562500 -145.232346 154.376450 -18.162333 12.336606 1.000000e+37 1.000000e+37 0.000000
1505367 702040 29882.455078 27858.285156 51429.160156 -117.137924 190.453598 -26.021015 15.531214 1.000000e+37 1.000000e+37 0.000000
1505368 702040 29853.824219 27863.869141 51412.906250 -166.787811 176.556122 -37.268524 9.061997 1.000000e+37 1.000000e+37 0.000000
1508659 705290 29020.142578 28799.210938 51449.812500 -325.172943 163.753799 -90.741440 17.358311 1.000000e+37 1.000000e+37 0.000000
1508660 705291 28755.464844 28960.609375 51727.140625 -313.659668 72.899857 -156.847733 18.639286 1.000000e+37 1.000000e+37 0.000000
1508663 705294 29077.703125 29237.023438 51690.179688 -205.603241 3.124404 -54.288399 20.379526 1.000000e+37 1.000000e+37 0.000000
1522197 718772 28806.720703 28871.074219 51387.984375 -164.092468 178.831039 -165.186554 16.454479 1.000000e+37 1.000000e+37 0.000000
1522198 718772 28778.035156 28859.333984 51388.558594 -158.357788 196.833145 -329.425293 7.091725 1.000000e+37 1.000000e+37 0.000000
1525759 722319 29375.617188 28641.019531 51616.578125 -114.663979 177.379761 -216.003326 14.845855 1.000000e+37 1.000000e+37 0.000000
1525760 722319 29338.908203 28648.841797 51610.011719 -115.549889 175.717224 -230.989655 9.883470 1.000000e+37 1.000000e+37 0.000000
1525763 722322 28485.337891 28898.500000 51261.578125 -212.397369 183.047241 -87.434868 13.079261 1.000000e+37 1.000000e+37 0.000000
1525764 722322 28478.566406 28909.281250 51240.750000 -204.088837 185.653549 -89.812401 9.338685 1.000000e+37 1.000000e+37 0.000000
1529272 725832 30199.117188 28197.144531 51842.878906 -287.242767 77.748177 -208.139893 15.759827 1.000000e+37 1.000000e+37 0.000000
1547266 743827 29612.365234 27866.310547 51396.941406 -169.404144 142.490952 -32.806705 16.269281 1.000000e+37 1.000000e+37 0.000000
1558671 755249 28946.964844 27907.623047 50525.660156 -138.399414 193.489838 -179.646042 17.063494 1.000000e+37 1.000000e+37 0.000000
1566495 763145 29139.613281 28772.132812 51414.546875 -234.724579 170.498856 -187.124298 22.173143 -8.702849e+00 -9.274735e+00 0.000074
1566496 763146 29102.291016 28808.771484 51437.156250 -327.079041 136.541382 -84.969704 15.210351 1.000000e+37 1.000000e+37 0.000000
1566497 763146 29078.308594 28816.302734 51433.929688 -330.521484 134.263306 -71.817024 11.865256 1.000000e+37 1.000000e+37 0.000000
1582443 779189 29063.597656 29153.335938 51881.921875 -105.344757 141.166138 -255.658127 15.670939 1.000000e+37 1.000000e+37 0.000000
1582444 779189 29072.728516 29160.689453 51898.160156 -112.424934 145.666412 -254.794342 14.126068 1.000000e+37 1.000000e+37 0.000000
1586394 783177 29059.021484 28978.373047 51165.585938 -165.225983 61.294666 -36.606506 18.728794 1.000000e+37 1.000000e+37 0.000000
1603320 800366 29512.519531 28094.480469 51399.812500 -186.785889 176.968643 -156.959747 18.304474 1.000000e+37 1.000000e+37 0.000000
1611985 809226 29407.755859 28955.402344 49982.437500 -118.982841 113.314346 -38.406742 15.894877 1.000000e+37 1.000000e+37 0.000000
1616452 813822 28718.853516 29186.339844 51395.781250 -93.599327 90.560005 -332.674103 16.790854 1.000000e+37 1.000000e+37 0.000000
1621100 818551 28346.236328 28586.171875 52354.871094 -203.286377 106.981323 -242.124344 17.276630 1.000000e+37 1.000000e+37 0.000000
1625589 823144 28919.457031 27492.085938 51383.554688 -152.412552 118.848038 -228.367950 15.382518 1.000000e+37 1.000000e+37 0.000000
1630150 827808 29622.964844 27495.281250 51455.015625 -147.149796 144.995117 -139.432831 19.810490 1.000000e+37 1.000000e+37 0.000000
1639511 837417 29245.826172 29238.388672 51089.933594 -211.425171 33.516857 -239.468552 13.855479 1.000000e+37 1.000000e+37 0.000000
1658625 857078 29831.152344 28373.183594 51242.843750 -175.096924 169.825150 -130.195038 18.966606 1.000000e+37 1.000000e+37 0.000000
1658626 857079 28953.679688 28941.771484 51105.367188 -148.636627 174.107193 -82.515320 18.235786 1.000000e+37 1.000000e+37 0.000000
1668633 867417 28976.923828 28970.572266 51165.796875 -106.644913 23.911049 -77.966110 8.631565 1.000000e+37 1.000000e+37 0.000000
1683906 883217 28750.162109 29101.484375 51357.820312 -278.666138 71.022865 -14.825358 14.910180 1.000000e+37 1.000000e+37 0.000000
1710622 911117 28751.867188 28496.466797 50781.000000 -206.174652 134.946304 -226.399704 18.259348 1.000000e+37 1.000000e+37 0.000000
1757404 960208 27927.070312 28162.726562 51352.109375 -43.224205 139.130051 -68.697594 14.846769 1.000000e+37 1.000000e+37 0.000000
1763491 966644 28827.363281 29745.964844 51892.027344 -251.703018 88.147568 -91.987068 17.176104 1.000000e+37 1.000000e+37 0.000000
1775932 979829 29458.333984 28578.109375 51390.363281 -331.454254 104.592636 -228.534454 13.772023 1.000000e+37 1.000000e+37 0.000000
1782417 986749 28615.902344 29158.269531 51346.003906 -303.993927 182.762634 -33.711323 16.631618 1.000000e+37 1.000000e+37 0.000000
1788866 993612 28810.041016 28841.921875 51297.054688 -189.951431 224.113831 -320.371918 12.641681 1.000000e+37 1.000000e+37 0.000000
1795353 1000510 29149.027344 28323.521484 51133.148438 -345.786591 33.027847 -61.169827 13.878642 1.000000e+37 1.000000e+37 0.000000
1802095 1007701 28514.982422 28388.931641 52108.460938 -198.859192 113.030670 -241.521606 16.643908 1.000000e+37 1.000000e+37 0.000000
1808669 1014769 29212.791016 29831.154297 51509.500000 -179.655106 91.957573 -7.076794 17.031864 1.000000e+37 1.000000e+37 0.000000
1815463 1022053 29083.861328 27547.216797 52085.597656 -88.031021 102.670074 -146.876404 13.240367 1.000000e+37 1.000000e+37 0.000000
1815466 1022056 29339.929688 28458.203125 50960.746094 -151.100266 64.704445 29.932747 14.856191 1.000000e+37 1.000000e+37 0.000000
1822346 1029462 29125.099609 27684.332031 51486.386719 -196.031586 116.989212 -152.335663 17.186563 1.000000e+37 1.000000e+37 0.000000
1822347 1029463 29626.699219 28195.113281 51206.210938 -150.750290 73.493118 -9.285364 10.742412 1.000000e+37 1.000000e+37 0.000000
1829412 1037065 29260.417969 29429.906250 50110.421875 -114.958427 128.552078 -45.908989 14.520907 1.000000e+37 1.000000e+37 0.000000
1836442 1044693 29155.353516 28987.550781 51450.074219 -194.252289 179.535629 -277.601501 16.670513 1.000000e+37 1.000000e+37 0.000000
1843699 1052480 28706.646484 28199.527344 51160.457031 3.639769 144.116791 -63.242508 14.955946 1.000000e+37 1.000000e+37 0.000000
1843706 1052487 29887.412109 28278.220703 51524.777344 -298.229156 101.557724 -191.991852 16.306473 1.000000e+37 1.000000e+37 0.000000
1850995 1060326 29169.744141 27245.222656 51148.527344 -79.881248 119.051361 -176.155884 14.498985 1.000000e+37 1.000000e+37 0.000000
1858416 1068342 28869.214844 28769.275391 51210.125000 -151.471741 161.641953 -187.564240 14.368380 1.000000e+37 1.000000e+37 0.000000
1865749 1076385 29165.519531 28656.863281 51850.867188 -247.990723 146.772217 -57.785515 16.010092 1.000000e+37 1.000000e+37 0.000000
1865750 1076386 29608.734375 28452.171875 51434.007812 -102.633720 162.798492 -170.311005 11.908440 1.000000e+37 1.000000e+37 0.000000
1865763 1076399 29298.833984 29701.318359 51173.406250 -350.605896 106.961159 -124.199600 14.525842 1.000000e+37 1.000000e+37 0.000000
1865764 1076400 28751.580078 28830.396484 50737.679688 -203.223602 170.938736 -147.640350 17.393974 1.000000e+37 1.000000e+37 0.000000
1873532 1084803 29401.232422 28059.291016 51740.847656 -79.786324 136.792404 -177.465439 14.014790 1.000000e+37 1.000000e+37 0.000000
1889061 1101732 28706.015625 29559.773438 51171.968750 -152.504333 148.951523 -44.535988 16.920904 1.000000e+37 1.000000e+37 0.000000
1896793 1110172 28933.285156 28048.453125 51026.726562 -261.479706 166.675247 -279.093445 13.567918 1.000000e+37 1.000000e+37 0.000000
1905074 1119258 28802.357422 27810.787109 51929.980469 -218.524353 96.678741 -248.125580 15.301012 1.000000e+37 1.000000e+37 0.000000
1929729 1146427 29069.414062 28391.076172 51072.960938 -225.673416 69.634628 -82.952881 16.653219 1.000000e+37 1.000000e+37 0.000000
1938427 1155975 28962.322266 28319.484375 51294.707031 -190.465576 253.331177 -72.052620 16.233974 1.000000e+37 1.000000e+37 0.000000
1938428 1155976 28959.808594 28757.669922 51616.171875 -233.480423 204.129868 -203.691193 16.498875 1.000000e+37 1.000000e+37 0.000000
1947087 1165463 28153.392578 28435.710938 52136.375000 -146.112900 112.313225 -198.118881 14.948223 1.000000e+37 1.000000e+37 0.000000
1947088 1165464 28749.183594 29094.998047 51169.253906 22.385496 143.403732 -9.183382 12.378732 1.000000e+37 1.000000e+37 0.000000
1947089 1165465 29840.519531 28147.484375 51376.414062 -150.057632 89.971046 -99.689491 14.644645 1.000000e+37 1.000000e+37 0.000000
1955862 1175265 29214.783203 28577.341797 51199.824219 -26.781776 139.656357 -8.311839 13.723608 1.000000e+37 1.000000e+37 0.000000
1955863 1175266 28486.847656 28439.773438 51729.328125 -134.707764 135.148682 -230.341736 12.994352 1.000000e+37 1.000000e+37 0.000000
1964923 1185348 27895.408203 29208.771484 51625.203125 -34.609444 150.893814 -85.868538 15.782974 1.000000e+37 1.000000e+37 0.000000
1964945 1185374 28822.365234 28846.097656 51153.273438 -266.712433 203.787277 -93.204514 13.333840 1.000000e+37 1.000000e+37 0.000000
1964946 1185375 29614.755859 28159.255859 51097.710938 -161.304947 71.968102 -3.043441 9.642680 1.000000e+37 1.000000e+37 0.000000
1964947 1185376 29468.625000 27721.980469 51432.917969 -188.268250 98.623230 -159.762054 16.553318 1.000000e+37 1.000000e+37 0.000000
1964953 1185382 28642.216797 29714.421875 51119.906250 -144.414673 179.536835 -58.749622 19.431042 1.000000e+37 1.000000e+37 0.000000
1965126 1185555 28374.837891 28414.673828 52358.816406 -205.261780 104.066864 -234.184158 12.913527 1.000000e+37 1.000000e+37 0.000000
1974182 1195618 28708.964844 27654.099609 51232.074219 -17.799450 142.123062 -57.947685 14.208354 1.000000e+37 1.000000e+37 0.000000
1974185 1195622 28684.134766 28413.048828 51851.062500 -84.854630 145.943527 -185.939636 15.378562 1.000000e+37 1.000000e+37 0.000000
1974188 1195625 29317.808594 29141.384766 51441.425781 -116.779938 147.241226 -281.395447 8.763722 1.000000e+37 1.000000e+37 0.000000
1983399 1205953 29893.257812 27591.128906 51299.992188 -61.080673 171.614899 -59.348186 15.413854 1.000000e+37 1.000000e+37 0.000000
2002146 1227082 29552.896484 28096.486328 50584.265625 -113.987488 80.123802 11.703301 11.749285 1.000000e+37 1.000000e+37 0.000000
2052560 1284209 28869.628906 29477.525391 50936.867188 -214.541016 87.581352 23.091080 13.341622 1.000000e+37 1.000000e+37 0.000000
2073920 1308497 29508.294922 27867.609375 50793.437500 -218.065552 93.747757 -144.751068 14.077896 1.000000e+37 1.000000e+37 0.000000
2084820 1321029 29424.802734 29500.013672 51135.875000 -218.240936 166.284012 -175.627518 15.495653 1.000000e+37 1.000000e+37 0.000000
2084821 1321030 28760.386719 29497.572266 51546.996094 4.688919 121.256699 -91.069016 12.965894 1.000000e+37 1.000000e+37 0.000000
2095897 1333837 29728.931641 27861.087891 51148.570312 -150.459854 88.450111 28.716864 9.861864 1.000000e+37 1.000000e+37 0.000000
2095898 1333838 29133.218750 29297.693359 50879.542969 -210.953476 92.587967 24.329718 14.617607 1.000000e+37 1.000000e+37 0.000000
2095900 1333840 29292.179688 29082.289062 50228.851562 -122.180901 110.377274 -34.125912 12.814938 1.000000e+37 1.000000e+37 0.000000
2095907 1333848 28586.121094 29279.291016 51260.828125 -248.106567 209.484238 -86.574516 15.138031 1.000000e+37 1.000000e+37 0.000000
2107511 1347192 29063.371094 27837.363281 51496.332031 -255.707474 102.748451 -65.245758 14.709738 1.000000e+37 1.000000e+37 0.000000
2119031 1360495 29950.214844 27630.632812 51357.113281 -96.489265 176.178101 -49.494919 12.390573 1.000000e+37 1.000000e+37 0.000000
2119032 1360496 29528.367188 27876.425781 51292.460938 -146.827332 158.473755 -123.531830 17.230478 1.000000e+37 1.000000e+37 0.000000
2130753 1374141 29864.187500 28256.312500 51163.328125 -175.571259 173.644867 -138.822372 13.378868 1.000000e+37 1.000000e+37 0.000000
2143039 1388404 28439.380859 29612.609375 51756.472656 -195.953476 136.998917 -292.897217 12.521008 1.000000e+37 1.000000e+37 0.000000
2155051 1402394 29179.722656 27724.851562 51706.992188 -93.866081 124.524620 -183.691742 15.057477 1.000000e+37 1.000000e+37 0.000000
2155052 1402395 28861.097656 28017.199219 51225.464844 -257.327240 94.786583 -127.751060 13.632278 1.000000e+37 1.000000e+37 0.000000
2167466 1417038 29200.763672 28492.458984 51221.351562 -7.418270 141.443314 -45.192310 13.781668 1.000000e+37 1.000000e+37 0.000000
2167467 1417039 29769.777344 28240.859375 51194.332031 -196.097290 165.620712 -145.797089 13.158819 1.000000e+37 1.000000e+37 0.000000
2180207 1432155 29544.669922 27592.539062 51111.898438 -235.535812 84.035675 -136.071579 14.475130 1.000000e+37 1.000000e+37 0.000000
2206492 1463244 29623.246094 27663.830078 51019.414062 -105.773010 163.606003 -202.247040 7.938159 1.000000e+37 1.000000e+37 0.000000
2206497 1463249 28890.722656 28751.900391 51431.515625 -157.245743 58.597679 -253.970642 13.238669 1.000000e+37 1.000000e+37 0.000000
2206728 1463488 28639.888672 28767.914062 50894.085938 -248.495697 176.443893 -214.859177 12.858929 1.000000e+37 1.000000e+37 0.000000
2219888 1479111 29060.634766 29571.464844 51873.359375 -249.103363 59.149155 -75.512169 14.494652 1.000000e+37 1.000000e+37 0.000000
2219889 1479112 28877.226562 28756.257812 50882.285156 -210.662674 74.436058 -53.569267 12.088905 1.000000e+37 1.000000e+37 0.000000
2233979 1495860 29658.306641 27993.603516 51336.042969 -152.146439 87.029732 -10.431531 12.228040 1.000000e+37 1.000000e+37 0.000000
2233982 1495863 28919.833984 29154.359375 51121.671875 -105.427917 257.686096 -205.168488 11.392161 1.000000e+37 1.000000e+37 0.000000
2248191 1512737 28961.464844 27546.160156 51480.960938 -72.263977 122.718155 -165.401703 11.856847 1.000000e+37 1.000000e+37 0.000000
2248192 1512740 28995.843750 29713.337891 51990.050781 -56.303963 154.296753 -167.319427 13.023529 1.000000e+37 1.000000e+37 0.000000
2262461 1529957 29322.736328 29473.912109 51401.144531 -173.647888 98.165901 -262.511719 13.378742 1.000000e+37 1.000000e+37 0.000000
2277035 1547745 28902.648438 28153.939453 51150.839844 13.694148 147.593536 -48.248470 14.547603 1.000000e+37 1.000000e+37 0.000000
2277040 1547750 29475.792969 28533.494141 51111.437500 -169.965668 75.232941 9.406022 12.090112 1.000000e+37 1.000000e+37 0.000000
2277046 1547758 29169.925781 29977.562500 51230.859375 -347.402740 118.964447 -130.109055 12.812312 1.000000e+37 1.000000e+37 0.000000
2291915 1565854 28828.376953 28370.882812 51097.468750 -206.139526 238.231766 -107.416916 6.371615 1.000000e+37 1.000000e+37 0.000000
2291916 1565855 29053.017578 28705.796875 51377.281250 11.798795 202.084198 -72.971916 10.357455 1.000000e+37 1.000000e+37 0.000000
2306912 1584256 29598.662109 27517.974609 51438.679688 -147.521927 139.681168 -143.184433 11.831709 1.000000e+37 1.000000e+37 0.000000
2306913 1584258 29138.421875 29156.556641 51186.257812 -317.629333 16.551519 -62.976925 10.227740 1.000000e+37 1.000000e+37 0.000000
2306914 1584259 28843.416016 29261.445312 51623.210938 -25.634903 116.920326 -254.213974 12.047222 1.000000e+37 1.000000e+37 0.000000
2322520 1603286 29768.935547 27729.806641 51390.539062 -143.252563 124.701027 -108.026917 9.559701 1.000000e+37 1.000000e+37 0.000000
2322522 1603288 29023.912109 29208.048828 51709.949219 -304.599640 97.673477 -317.116730 12.757523 1.000000e+37 1.000000e+37 0.000000
2322523 1603290 29734.453125 28323.835938 51340.820312 -208.994919 112.270355 -135.016174 13.488829 1.000000e+37 1.000000e+37 0.000000
2354930 1643274 28468.314453 27428.632812 51307.488281 -22.524443 130.647263 -58.217106 12.546059 1.000000e+37 1.000000e+37 0.000000
2354953 1643299 29224.205078 27676.097656 50904.710938 -306.778961 92.045509 -59.476746 11.352692 1.000000e+37 1.000000e+37 0.000000
2354954 1643300 29502.287109 28365.601562 50463.441406 -140.438736 73.025467 18.640350 13.579783 1.000000e+37 1.000000e+37 0.000000
2354957 1643303 28757.318359 29180.634766 50948.472656 -20.270720 136.162216 -8.654506 9.697613 1.000000e+37 1.000000e+37 0.000000
2354974 1643320 29789.367188 29331.677734 51340.644531 -331.862579 115.607239 -171.673828 13.420160 1.000000e+37 1.000000e+37 0.000000
2355268 1643633 29365.492188 28048.779297 51629.167969 -283.690796 107.578156 -250.017242 12.006145 1.000000e+37 1.000000e+37 0.000000
2371596 1664039 28723.701172 28931.931641 51739.453125 -289.571381 81.148392 -163.119751 12.419945 1.000000e+37 1.000000e+37 0.000000
2371597 1664040 28586.388672 28916.082031 51645.718750 -233.391220 100.905701 -200.115265 15.053097 1.000000e+37 1.000000e+37 0.000000
2371612 1664055 29063.580078 28123.998047 50681.617188 -158.606827 242.739258 -224.845596 12.418447 1.000000e+37 1.000000e+37 0.000000
2388837 1685580 29331.556641 28480.025391 51005.390625 -161.170273 60.407722 24.782860 10.299491 1.000000e+37 1.000000e+37 0.000000
2406317 1707749 28517.927734 29616.431641 50504.625000 -64.321548 157.517670 -47.555882 13.699386 1.000000e+37 1.000000e+37 0.000000
2424278 1730585 29564.867188 29306.171875 51330.296875 -342.940063 100.343346 -197.067581 11.844581 1.000000e+37 1.000000e+37 0.000000
2442678 1754051 28078.529297 28225.910156 51279.742188 -35.459606 137.293091 -65.962677 11.829648 1.000000e+37 1.000000e+37 0.000000
2442681 1754054 29684.794922 27529.933594 50759.269531 -126.590042 113.532173 -6.075552 11.270912 1.000000e+37 1.000000e+37 0.000000
2442683 1754056 29252.623047 28522.621094 51698.417969 -230.859833 126.569107 -27.603760 12.237588 1.000000e+37 1.000000e+37 0.000000
2442684 1754057 29022.871094 29052.308594 51942.843750 -281.158051 144.899841 -127.630424 12.259218 1.000000e+37 1.000000e+37 0.000000
2442686 1754060 28683.433594 29526.119141 50347.910156 -73.631584 156.532318 -39.605179 11.390880 1.000000e+37 1.000000e+37 0.000000
2461600 1778565 29838.634766 28373.666016 51511.957031 -303.168274 95.129608 -200.400604 11.025474 1.000000e+37 1.000000e+37 0.000000
2480575 1803529 29542.537109 27666.470703 51145.125000 -69.354431 161.137741 -186.537155 12.628705 1.000000e+37 1.000000e+37 0.000000
2480576 1803530 28993.146484 28395.275391 50994.890625 -254.936859 99.202286 -100.933258 15.954715 1.000000e+37 1.000000e+37 0.000000
2500264 1829837 29127.283203 28272.406250 50636.628906 -128.599579 247.362335 -175.531586 11.505368 1.000000e+37 1.000000e+37 0.000000
2500265 1829838 29317.263672 29654.195312 51505.496094 -187.079910 76.311867 -2.005745 10.099691 1.000000e+37 1.000000e+37 0.000000
2500266 1829839 29235.478516 29093.140625 51123.601562 -256.840973 215.898758 -191.829178 11.266805 1.000000e+37 1.000000e+37 0.000000
2500267 1829840 28763.484375 29426.205078 50861.484375 -220.997665 109.878082 -99.279358 15.245382 1.000000e+37 1.000000e+37 0.000000
2500272 1829845 29497.187500 28825.253906 50370.667969 -111.023758 102.464119 -22.770050 11.383172 1.000000e+37 1.000000e+37 0.000000
2500288 1829863 29259.222656 29967.072266 51230.753906 -348.747833 119.250511 -128.674408 11.614705 1.000000e+37 1.000000e+37 0.000000
2520513 1857508 29541.054688 27801.144531 51577.292969 -156.394699 176.464386 -31.168671 13.019467 1.000000e+37 1.000000e+37 0.000000
2520515 1857510 29694.386719 28433.648438 50961.824219 -225.361176 148.489136 -129.924561 15.282935 1.000000e+37 1.000000e+37 0.000000
2520529 1857528 29107.462891 28570.072266 51292.187500 -181.043991 104.920082 -185.966995 13.079071 1.000000e+37 1.000000e+37 0.000000
2520531 1857530 28800.332031 27578.835938 50855.496094 -198.266953 153.266525 -216.599869 11.119777 1.000000e+37 1.000000e+37 0.000000
2540917 1886212 28920.242188 28829.154297 51217.847656 -144.638184 178.703278 -195.180008 7.713006 1.000000e+37 1.000000e+37 0.000000
2540918 1886213 29120.236328 27754.210938 50922.070312 -269.166718 107.701088 -1.520851 11.881416 1.000000e+37 1.000000e+37 0.000000
2540924 1886220 28658.753906 29386.880859 50708.511719 -49.914448 148.445297 -30.286455 9.984319 1.000000e+37 1.000000e+37 0.000000
2540932 1886230 29436.173828 27384.925781 50845.109375 -290.252625 50.433018 -72.376488 10.246361 1.000000e+37 1.000000e+37 0.000000
2540941 1886239 29028.109375 27645.455078 51359.648438 -214.235001 160.591949 -31.483164 12.030576 1.000000e+37 1.000000e+37 0.000000
2583879 1950086 29018.052734 28048.806641 51275.453125 -226.150238 222.216553 -133.024292 12.284214 1.000000e+37 1.000000e+37 0.000000
2606294 1986034 29488.210938 27598.988281 50853.496094 -90.868866 168.927536 -174.029617 12.433479 1.000000e+37 1.000000e+37 0.000000
2606295 1986035 28342.759766 27890.609375 52084.710938 -175.862137 113.969994 -200.145233 10.288062 1.000000e+37 1.000000e+37 0.000000
2606297 1986037 28670.603516 28478.660156 52403.250000 -102.868462 116.817223 -164.317459 13.803008 1.000000e+37 1.000000e+37 0.000000
2629280 2025198 29279.117188 27353.208984 51045.457031 -82.425751 133.788940 -176.105576 8.897026 1.000000e+37 1.000000e+37 0.000000
2629281 2025199 28899.130859 28162.458984 51266.445312 -228.612762 201.336304 -163.605057 13.017020 1.000000e+37 1.000000e+37 0.000000
2629282 2025200 28869.066406 28721.990234 51543.839844 -284.377869 169.070282 -104.289101 13.508742 1.000000e+37 1.000000e+37 0.000000
2629301 2025222 29992.361328 28107.218750 50517.304688 -290.612122 53.728168 -87.671684 12.329134 1.000000e+37 1.000000e+37 0.000000
2652818 2067967 28859.949219 28183.617188 51145.839844 -215.527710 203.561981 -143.800430 12.941140 1.000000e+37 1.000000e+37 0.000000
2652821 2067971 28984.767578 28871.947266 51159.414062 -129.937714 191.113770 -106.865089 12.826668 1.000000e+37 1.000000e+37 0.000000
2652823 2067973 28812.431641 29222.761719 51561.515625 -155.482071 166.247482 -190.147339 15.272304 1.000000e+37 1.000000e+37 0.000000
2652828 2067978 29656.978516 29005.437500 51545.343750 -169.160904 181.303391 -121.512512 13.127451 1.000000e+37 1.000000e+37 0.000000
2677033 2114929 29042.230469 27947.625000 51321.039062 -284.300110 119.927834 -46.220463 12.838573 1.000000e+37 1.000000e+37 0.000000
2677035 2114932 29613.068359 28357.271484 51679.843750 -180.888382 107.845886 -78.895203 11.760343 1.000000e+37 1.000000e+37 0.000000
2677050 2114953 28631.460938 28194.576172 51328.742188 -222.236481 88.818848 -54.876667 11.253194 1.000000e+37 1.000000e+37 0.000000
2701822 2166439 28586.910156 29169.003906 51696.410156 -206.453156 112.447281 -182.117096 13.620435 1.000000e+37 1.000000e+37 0.000000
2701828 2166446 29519.978516 28285.884766 50877.816406 -306.959839 49.826645 -26.652460 11.304249 1.000000e+37 1.000000e+37 0.000000
2727285 2222271 28870.746094 28059.718750 51252.585938 -152.917969 163.343613 -155.978821 8.538362 1.000000e+37 1.000000e+37 0.000000
2727286 2222272 29476.955078 27809.689453 51550.964844 -161.086777 177.652390 -36.371765 12.134817 1.000000e+37 1.000000e+37 0.000000
2727290 2222277 28610.238281 29471.419922 50652.050781 -56.512791 149.586945 -34.279659 13.263789 1.000000e+37 1.000000e+37 0.000000
2727312 2222303 28865.562500 27394.214844 51036.945312 -229.815735 125.349533 -217.054535 11.880488 1.000000e+37 1.000000e+37 0.000000
2727820 2223051 29275.189453 27621.525391 51931.402344 -258.588379 87.997192 -236.846313 12.705097 1.000000e+37 1.000000e+37 0.000000
2753751 2282315 28527.523438 28217.921875 51493.742188 -14.760692 146.090805 -85.258904 12.966831 1.000000e+37 1.000000e+37 0.000000
2753752 2282316 29740.789062 28327.187500 51411.449219 -165.408676 114.201767 -96.383942 13.943357 1.000000e+37 1.000000e+37 0.000000
2753753 2282318 29050.806641 27423.013672 51580.308594 -80.823051 117.249275 -157.602905 10.298841 1.000000e+37 1.000000e+37 0.000000
2753755 2282320 28887.964844 28045.253906 51261.175781 -206.024506 139.387527 -191.443207 10.528617 1.000000e+37 1.000000e+37 0.000000
2753758 2282323 29434.648438 29016.421875 50232.785156 -119.266823 113.911179 -26.835892 10.366920 1.000000e+37 1.000000e+37 0.000000
2753775 2282342 30113.429688 28381.457031 51500.023438 -295.507141 99.652283 -175.039078 11.441559 1.000000e+37 1.000000e+37 0.000000
2754258 2283109 29059.277344 28924.910156 52331.656250 -255.758575 109.411682 -263.193390 10.392164 1.000000e+37 1.000000e+37 0.000000
2780649 2346086 28987.279297 27443.769531 51594.449219 -75.083237 113.710922 -161.812347 9.140677 1.000000e+37 1.000000e+37 0.000000
2780650 2346089 29057.800781 28961.171875 51111.519531 -140.105911 45.399940 -73.574188 9.731922 1.000000e+37 1.000000e+37 0.000000
2780652 2346091 29088.988281 28208.078125 50714.320312 -317.089844 64.064072 -41.791912 8.662213 1.000000e+37 1.000000e+37 0.000000
2780663 2346104 28842.974609 29567.134766 50179.812500 -200.123672 127.439186 -36.321732 14.071958 1.000000e+37 1.000000e+37 0.000000
2780673 2346114 30031.294922 28212.072266 51549.527344 -293.826416 100.554962 -187.135727 12.996501 1.000000e+37 1.000000e+37 0.000000
2780676 2346117 29042.937500 27567.326172 50461.410156 -156.256866 161.085373 -169.529755 13.625731 1.000000e+37 1.000000e+37 0.000000
2781204 2346959 28870.332031 27689.578125 50979.183594 -195.187546 154.890686 -248.854752 10.729115 1.000000e+37 1.000000e+37 0.000000
2781205 2346960 28823.593750 28567.910156 50897.117188 -236.534012 159.945251 -216.085449 11.715434 1.000000e+37 1.000000e+37 0.000000
2808553 2414181 29082.416016 27948.050781 51228.695312 -220.231201 217.152237 -136.783051 10.406492 1.000000e+37 1.000000e+37 0.000000
2808554 2414182 29231.990234 27834.888672 50602.468750 -154.853012 197.165421 -200.156448 10.797578 1.000000e+37 1.000000e+37 0.000000
2837179 2485395 28537.896484 27668.578125 51233.480469 -24.894678 138.622040 -48.981346 10.968410 1.000000e+37 1.000000e+37 0.000000
2837209 2485456 29499.570312 27785.457031 51368.476562 -157.804642 139.899429 -122.400375 12.911180 1.000000e+37 1.000000e+37 0.000000
2866721 2560030 29005.750000 27349.212891 51593.339844 -84.232536 110.688110 -163.128021 12.573526 1.000000e+37 1.000000e+37 0.000000
2866722 2560031 29053.005859 28543.701172 51124.628906 -300.083069 124.786461 -120.802238 12.932262 1.000000e+37 1.000000e+37 0.000000
2866727 2560036 29128.861328 27853.482422 51365.765625 -261.673279 127.437416 -23.460625 7.720512 1.000000e+37 1.000000e+37 0.000000
2866728 2560037 29092.458984 27702.421875 51346.406250 -228.074463 160.863785 -34.474873 6.626029 1.000000e+37 1.000000e+37 0.000000
2866729 2560038 28646.722656 28627.968750 51555.429688 -105.068855 159.146408 -253.824692 6.390387 1.000000e+37 1.000000e+37 0.000000
2866758 2560072 28682.140625 29505.035156 50773.937500 -174.633286 183.661819 -93.511635 13.356858 1.000000e+37 1.000000e+37 0.000000
2897397 2638262 28777.861328 29263.126953 51425.597656 -77.037910 82.497025 -231.689392 9.323409 1.000000e+37 1.000000e+37 0.000000
2897398 2638264 28846.845703 28821.443359 50938.425781 -252.845459 53.698265 -75.498222 13.560331 1.000000e+37 1.000000e+37 0.000000
2897401 2638267 28819.970703 29114.808594 50942.578125 -29.031109 136.165085 4.965250 10.779342 1.000000e+37 1.000000e+37 0.000000
2897409 2638278 29444.796875 27853.607422 50665.824219 -40.772209 146.786972 8.789169 9.273156 1.000000e+37 1.000000e+37 0.000000
2897430 2638306 29934.193359 29336.917969 50916.066406 -300.788391 94.116692 -86.327423 9.504168 1.000000e+37 1.000000e+37 0.000000
2897432 2638309 28664.898438 28655.187500 51636.093750 -201.966232 159.738205 -8.482046 11.352604 1.000000e+37 1.000000e+37 0.000000
2897434 2638311 29066.503906 29561.613281 51200.503906 -362.332672 82.951286 -107.361320 12.045963 1.000000e+37 1.000000e+37 0.000000
2928930 2719467 28920.601562 29068.033203 51133.597656 -148.841248 23.084269 -20.416363 13.204861 1.000000e+37 1.000000e+37 0.000000
2928961 2719511 28963.253906 29209.095703 51728.535156 -112.796318 202.863800 -138.915466 13.528691 1.000000e+37 1.000000e+37 0.000000
2961445 2804505 29834.890625 27635.382812 51366.878906 -192.899002 95.834930 -23.581076 10.883065 1.000000e+37 1.000000e+37 0.000000
2961450 2804514 29565.902344 28504.683594 51463.117188 -90.911659 167.949448 -180.115845 10.871429 1.000000e+37 1.000000e+37 0.000000
2961466 2804535 28740.824219 28002.003906 51436.207031 -251.749619 101.450073 -103.152321 14.173857 1.000000e+37 1.000000e+37 0.000000
2961481 2804558 28840.275391 27583.121094 50775.507812 -175.750290 154.867035 -218.146454 11.613688 1.000000e+37 1.000000e+37 0.000000
2995479 2893767 29144.416016 27843.156250 50908.851562 -328.463043 90.491669 -38.176243 9.892247 1.000000e+37 1.000000e+37 0.000000
2995483 2893773 29539.392578 27510.980469 50759.730469 -202.531723 70.737061 -1.060482 9.673474 1.000000e+37 1.000000e+37 0.000000
2995484 2893774 29209.421875 29482.781250 50100.777344 -117.030251 125.974823 -50.502911 12.174375 1.000000e+37 1.000000e+37 0.000000
2995485 2893775 28692.253906 29232.029297 50884.937500 -33.198277 132.492691 -20.828321 8.213085 1.000000e+37 1.000000e+37 0.000000
2995518 2893821 29034.494141 27254.992188 51184.375000 -250.784332 101.933838 -229.049210 7.834851 1.000000e+37 1.000000e+37 0.000000
2996130 2894972 28927.804688 27372.298828 51577.453125 -206.564148 100.881775 -238.386261 10.775496 1.000000e+37 1.000000e+37 0.000000
3030396 2987438 28705.912109 28036.251953 51149.058594 -209.063339 81.209694 -75.896301 9.241727 1.000000e+37 1.000000e+37 0.000000
3030404 2987452 29016.746094 29084.742188 50994.777344 -293.738800 36.992653 -145.735077 14.339417 1.000000e+37 1.000000e+37 0.000000
3030425 2987477 29092.468750 28690.447266 51302.699219 -358.508545 149.619919 -242.092545 13.616901 1.000000e+37 1.000000e+37 0.000000
3030426 2987478 29128.675781 28973.695312 51130.511719 -257.744781 169.290543 -99.901169 13.216252 1.000000e+37 1.000000e+37 0.000000
3031085 2988724 28272.472656 28242.802734 51973.117188 -156.899170 110.252327 -210.674408 10.047591 1.000000e+37 1.000000e+37 0.000000
3066571 3085430 29265.525391 27602.115234 51251.671875 -10.122200 157.742310 -67.732033 7.377727 1.000000e+37 1.000000e+37 0.000000
3066572 3085431 29823.052734 27775.742188 51283.003906 -195.391098 141.843475 -141.284836 11.973344 1.000000e+37 1.000000e+37 0.000000
3066576 3085438 28524.015625 27859.439453 51678.148438 -113.119316 129.151230 -180.447830 11.803089 1.000000e+37 1.000000e+37 0.000000
3066577 3085439 28930.931641 28887.544922 50742.429688 -215.616272 70.816750 -75.475563 14.829786 1.000000e+37 1.000000e+37 0.000000
3066579 3085441 29303.861328 28327.650391 51847.675781 -82.040764 148.313583 -186.212585 10.556113 1.000000e+37 1.000000e+37 0.000000
3066580 3085442 29145.703125 29209.130859 51384.703125 -260.176788 -23.522211 -198.039444 12.198714 1.000000e+37 1.000000e+37 0.000000
3066589 3085455 29029.906250 27988.638672 50696.410156 -159.144165 219.325104 -227.150894 10.333083 1.000000e+37 1.000000e+37 0.000000
3066606 3085478 28630.781250 28625.951172 51450.527344 -172.133987 144.966080 -7.443244 11.644227 1.000000e+37 1.000000e+37 0.000000
3103775 3188280 28803.345703 28241.951172 50886.683594 -204.715942 139.633423 -247.520554 8.563436 1.000000e+37 1.000000e+37 0.000000
3142366 3296367 29304.626953 27622.419922 50999.742188 -210.540512 106.409164 18.299465 9.388844 1.000000e+37 1.000000e+37 0.000000
3142367 3296368 29007.863281 29174.224609 51683.964844 -178.211685 72.536613 -134.796692 11.165804 1.000000e+37 1.000000e+37 0.000000
3142369 3296370 29001.898438 28099.791016 50815.800781 -113.566757 201.534988 -258.181183 10.667534 1.000000e+37 1.000000e+37 0.000000
3142372 3296378 29417.263672 29878.318359 51431.218750 -215.526443 128.219345 -197.867355 13.878181 1.000000e+37 1.000000e+37 0.000000
3143117 3297848 28876.076172 28174.082031 50441.277344 -167.968964 91.626221 -155.770493 13.928200 1.000000e+37 1.000000e+37 0.000000
3182165 3409614 29047.351562 28875.484375 51396.972656 -95.373840 163.333633 20.298361 10.717337 1.000000e+37 1.000000e+37 0.000000
3182167 3409618 28881.527344 28755.275391 51588.636719 -159.046188 -28.304289 -175.815262 8.268773 1.000000e+37 1.000000e+37 0.000000
3182171 3409622 28879.496094 29491.271484 51896.281250 -223.270279 58.351921 -131.720810 10.410142 1.000000e+37 1.000000e+37 0.000000
3182172 3409623 29122.005859 28808.609375 51367.777344 -251.150162 212.818466 -106.813698 9.725943 1.000000e+37 1.000000e+37 0.000000
3182176 3409627 29412.082031 28997.775391 51491.425781 -110.680313 200.801010 -220.398743 11.700614 1.000000e+37 1.000000e+37 0.000000
3182177 3409628 29367.339844 28991.714844 50231.847656 -114.003326 112.863754 -29.431377 9.445725 1.000000e+37 1.000000e+37 0.000000
3182178 3409629 28671.964844 29445.078125 50527.613281 -66.376717 152.125671 -34.513248 9.771235 1.000000e+37 1.000000e+37 0.000000
3182201 3409668 28979.119141 27319.427734 51104.718750 -242.903046 112.206650 -228.914429 10.154312 1.000000e+37 1.000000e+37 0.000000
3223411 3528900 29484.921875 28088.166016 50805.351562 -161.261459 175.557922 -219.922089 12.032226 1.000000e+37 1.000000e+37 0.000000
3223412 3528901 29453.908203 27562.076172 50604.582031 -188.592224 75.622803 4.924983 8.859351 1.000000e+37 1.000000e+37 0.000000
3223413 3528906 28903.333984 28537.093750 51189.660156 -154.910568 116.769363 -71.101379 11.400484 1.000000e+37 1.000000e+37 0.000000
3223414 3528907 29161.994141 29113.501953 51707.835938 -302.548492 61.933567 -8.391660 11.122025 1.000000e+37 1.000000e+37 0.000000
3223416 3528911 28606.039062 29509.990234 51158.187500 -143.427750 153.250763 -46.334122 13.379728 1.000000e+37 1.000000e+37 0.000000
3223418 3528914 29339.251953 28993.083984 51520.441406 -82.594872 225.074982 -103.336510 8.388395 1.000000e+37 1.000000e+37 0.000000
3223420 3528916 29615.902344 28098.314453 51172.972656 -163.547089 74.232849 -11.500659 9.250886 1.000000e+37 1.000000e+37 0.000000
3223448 3528964 28643.324219 28963.564453 50900.175781 -231.772125 184.606277 -148.751511 12.296846 1.000000e+37 1.000000e+37 0.000000
3223449 3528965 28440.421875 28528.603516 51742.804688 -204.344543 137.937592 -34.445061 13.085600 1.000000e+37 1.000000e+37 0.000000
3266417 3655380 29359.750000 28075.246094 51054.593750 -75.263435 221.034470 44.482353 9.666873 1.000000e+37 1.000000e+37 0.000000
3266419 3655385 29357.304688 27621.921875 50821.914062 -250.439850 119.603844 -134.522461 12.556576 1.000000e+37 1.000000e+37 0.000000
3266422 3655388 29248.867188 28630.140625 51636.515625 -227.553635 132.382126 -8.375969 12.932890 1.000000e+37 1.000000e+37 0.000000
3266424 3655390 28863.216797 28316.748047 50860.953125 -266.673004 73.156982 -2.775536 9.939156 1.000000e+37 1.000000e+37 0.000000
3266427 3655393 29437.207031 28727.466797 51483.476562 -212.814484 116.823944 3.968509 8.759060 1.000000e+37 1.000000e+37 0.000000
3266443 3655418 29250.761719 28412.435547 50925.511719 -154.769943 129.176224 -15.820593 12.058829 1.000000e+37 1.000000e+37 0.000000
3266445 3655420 29023.914062 28329.283203 51153.964844 -149.681580 210.057251 -186.173004 11.048765 1.000000e+37 1.000000e+37 0.000000
3266458 3655440 29983.744141 28777.189453 50695.250000 -285.985779 68.990921 -60.826183 9.280509 1.000000e+37 1.000000e+37 0.000000
3311255 3788394 29571.132812 28446.251953 51449.164062 -66.240540 167.550751 -141.868591 8.169808 1.000000e+37 1.000000e+37 0.000000
3311259 3788403 28802.814453 28766.832031 51135.164062 -320.878021 187.988464 -227.757477 8.247307 1.000000e+37 1.000000e+37 0.000000
3311262 3788406 28910.160156 27781.056641 51621.332031 -178.303711 140.520401 -138.139465 8.934703 1.000000e+37 1.000000e+37 0.000000
3311263 3788410 28627.892578 29054.406250 51502.339844 -289.895142 85.052399 -21.017212 5.779509 1.000000e+37 1.000000e+37 0.000000
3311264 3788411 28982.503906 28726.074219 51241.007812 -360.630646 172.495178 -234.021240 5.044169 1.000000e+37 1.000000e+37 0.000000
3311268 3788415 29299.865234 29304.542969 50125.968750 -114.612747 123.310966 -45.281765 11.901917 1.000000e+37 1.000000e+37 0.000000
3311298 3788466 29226.298828 29527.298828 51275.917969 -228.358505 65.768089 -150.431839 13.656525 1.000000e+37 1.000000e+37 0.000000
3357779 3929411 29425.521484 27879.304688 51129.296875 -145.646927 138.775574 30.465048 10.168200 1.000000e+37 1.000000e+37 0.000000
3357782 3929415 29201.021484 29909.152344 50641.394531 -155.165634 124.342499 -21.279121 9.800071 1.000000e+37 1.000000e+37 0.000000
3357783 3929416 29294.664062 28577.515625 51328.121094 -338.549194 122.404243 -235.823074 8.840161 1.000000e+37 1.000000e+37 0.000000
3357804 3929449 29191.332031 28210.410156 50482.953125 -167.191849 189.836212 -102.907295 11.991728 1.000000e+37 1.000000e+37 0.000000
3357806 3929451 29081.304688 27692.886719 51496.714844 -227.257202 122.190125 -39.820248 9.802232 1.000000e+37 1.000000e+37 0.000000
3357822 3929478 28701.744141 29634.777344 51219.890625 -133.149719 174.473526 -84.324318 10.038843 1.000000e+37 1.000000e+37 0.000000
3406167 4079066 28814.662109 28109.308594 51147.445312 -2.359438 147.322266 -55.914516 9.227916 1.000000e+37 1.000000e+37 0.000000
3406173 4079075 29203.505859 28506.720703 50803.250000 -210.451553 69.147095 30.771290 10.331951 1.000000e+37 1.000000e+37 0.000000
3406177 4079080 29212.599609 27985.068359 51300.183594 -234.438232 141.189255 -11.738834 10.725317 1.000000e+37 1.000000e+37 0.000000
3406178 4079081 29261.390625 28983.275391 50377.289062 -140.117416 102.395592 -21.472797 9.222164 1.000000e+37 1.000000e+37 0.000000
3406180 4079084 28824.365234 29310.660156 51749.894531 -136.723053 198.118637 -75.952003 8.941897 1.000000e+37 1.000000e+37 0.000000
3406181 4079086 28578.906250 29123.003906 51866.031250 -67.755974 146.568893 -210.845367 10.901110 1.000000e+37 1.000000e+37 0.000000
3406188 4079095 29493.564453 28570.408203 51212.898438 -183.515350 81.147873 4.087892 9.614224 1.000000e+37 1.000000e+37 0.000000
3406201 4079114 29101.630859 28823.298828 51518.878906 -301.328094 152.316650 24.169067 6.844903 1.000000e+37 1.000000e+37 0.000000
3406203 4079116 29036.126953 28711.671875 51617.890625 -176.449219 2.697355 -125.959534 10.819880 1.000000e+37 1.000000e+37 0.000000
3407183 4081178 28499.294922 28352.830078 52174.156250 -201.409973 111.754684 -242.406708 9.421592 1.000000e+37 1.000000e+37 0.000000
3456272 4237317 29605.226562 28064.339844 51380.339844 -214.498917 100.910202 -148.670380 11.484892 1.000000e+37 1.000000e+37 0.000000
3456280 4237328 29597.103516 27797.539062 51008.464844 -99.991951 162.800125 -181.741379 9.466060 1.000000e+37 1.000000e+37 0.000000
3456281 4237329 29517.804688 27842.414062 50625.796875 -184.320496 115.032913 -156.195328 10.153238 1.000000e+37 1.000000e+37 0.000000
3456319 4237398 29679.085938 28135.941406 51526.511719 -295.979340 104.195000 -219.237534 9.011240 1.000000e+37 1.000000e+37 0.000000
3456320 4237399 29317.363281 28612.753906 51429.253906 -340.141174 120.037682 -229.411926 8.685116 1.000000e+37 1.000000e+37 0.000000
3456324 4237403 29150.150391 29284.789062 51209.218750 -233.201721 22.856998 -138.733154 13.109996 1.000000e+37 1.000000e+37 0.000000
3456325 4237404 28589.953125 29391.533203 51676.085938 -174.409332 122.530243 -304.908051 10.103613 1.000000e+37 1.000000e+37 0.000000
3456327 4237406 29119.039062 27669.824219 51263.863281 -243.147079 149.300186 -29.589872 8.878385 1.000000e+37 1.000000e+37 0.000000
3508472 4405307 28466.138672 27954.013672 51117.875000 -23.059671 151.072052 -55.907894 9.575407 1.000000e+37 1.000000e+37 0.000000
3508478 4405321 29088.917969 29101.835938 51151.007812 -266.763000 188.496643 -105.094879 10.398383 1.000000e+37 1.000000e+37 0.000000
3508479 4405323 28793.912109 29091.576172 51896.332031 -299.739532 113.257393 -128.446976 8.404129 1.000000e+37 1.000000e+37 0.000000
3508481 4405330 29172.953125 28517.472656 51631.226562 -112.491379 176.225403 -230.342896 8.383741 1.000000e+37 1.000000e+37 0.000000
3508483 4405333 28800.724609 29243.253906 51002.351562 -184.781036 236.631577 -168.841782 9.284318 1.000000e+37 1.000000e+37 0.000000
3508502 4405365 29045.669922 28853.910156 51591.769531 -318.252380 157.545013 -1.078089 9.130282 1.000000e+37 1.000000e+37 0.000000
3508516 4405396 28792.029297 28980.210938 50848.589844 -169.149353 206.681183 -117.445808 8.748730 1.000000e+37 1.000000e+37 0.000000
3562663 4584549 29701.279297 27711.636719 51252.824219 -128.642349 104.758011 -98.394051 9.481834 1.000000e+37 1.000000e+37 0.000000
3562671 4584563 29398.900391 27447.785156 51262.636719 -72.379639 135.801376 -174.393036 12.991815 1.000000e+37 1.000000e+37 0.000000
3562672 4584565 29019.816406 28322.185547 50682.019531 -162.118423 186.968018 -53.795677 11.281609 1.000000e+37 1.000000e+37 0.000000
3562673 4584567 29023.484375 29025.703125 51953.000000 -168.419708 133.057785 -204.504135 11.280688 1.000000e+37 1.000000e+37 0.000000
3562674 4584568 29572.220703 27774.226562 50888.750000 -240.585114 103.752800 -162.745743 9.967103 1.000000e+37 1.000000e+37 0.000000
3562677 4584571 29151.714844 29628.910156 51566.921875 -148.046310 118.117897 -172.694855 13.744109 1.000000e+37 1.000000e+37 0.000000
3562682 4584580 29390.285156 29880.925781 51256.050781 -199.605881 136.244217 -215.036255 10.719923 1.000000e+37 1.000000e+37 0.000000
3562702 4584616 29184.800781 28986.244141 51255.402344 -276.213959 101.727257 63.817272 10.270647 1.000000e+37 1.000000e+37 0.000000
3562724 4584655 29600.384766 28321.845703 50815.277344 -309.774139 51.905239 -40.978512 10.541151 1.000000e+37 1.000000e+37 0.000000
3619506 4775119 29040.054688 27970.408203 51406.875000 -173.846832 101.877533 -147.554565 10.857926 1.000000e+37 1.000000e+37 0.000000
3619507 4775120 29282.525391 27469.513672 51280.167969 -191.530014 167.661148 -68.879532 9.394840 1.000000e+37 1.000000e+37 0.000000
3619508 4775121 28926.609375 28319.087891 51078.660156 -210.903473 156.714111 -310.983826 11.639777 1.000000e+37 1.000000e+37 0.000000
3619509 4775122 28694.990234 28597.648438 51497.113281 -161.043106 163.931259 -284.139923 8.359849 1.000000e+37 1.000000e+37 0.000000
3619513 4775130 28902.984375 29299.445312 51123.863281 -157.513870 182.932205 -35.676960 9.616327 1.000000e+37 1.000000e+37 0.000000
3619519 4775138 28315.216797 29375.603516 50971.351562 -26.886423 155.151367 -52.437798 8.031100 1.000000e+37 1.000000e+37 0.000000
3619532 4775170 29770.763672 27902.814453 50448.527344 -268.326904 41.800823 -36.166344 8.215484 1.000000e+37 1.000000e+37 0.000000
3619533 4775172 29588.835938 27539.861328 50704.304688 -120.205032 112.733925 0.704734 8.499947 1.000000e+37 1.000000e+37 0.000000
3619544 4775189 29174.855469 28716.392578 50685.039062 -203.119751 85.741173 16.647793 11.986717 1.000000e+37 1.000000e+37 0.000000
3619567 4775230 29430.869141 27962.359375 51436.410156 -296.520935 107.287605 -232.799622 7.671803 1.000000e+37 1.000000e+37 0.000000
3619568 4775231 30314.896484 28917.376953 51374.000000 -295.513733 98.768456 -171.342834 10.595434 1.000000e+37 1.000000e+37 0.000000
3619569 4775232 29006.853516 29808.189453 51141.683594 -366.612091 91.151497 -142.366745 9.979650 1.000000e+37 1.000000e+37 0.000000
3619572 4775237 29052.810547 27812.527344 51002.500000 -225.108383 170.474625 -7.639524 8.692525 1.000000e+37 1.000000e+37 0.000000
3620622 4777845 28511.580078 29881.675781 51514.972656 -188.254715 166.486176 -281.151367 9.547001 1.000000e+37 1.000000e+37 0.000000
3678815 4979024 29573.263672 28133.406250 51225.585938 -168.590637 69.237526 -21.658007 7.733356 1.000000e+37 1.000000e+37 0.000000
3678817 4979029 28940.738281 29290.027344 51539.718750 45.165833 68.019913 -131.602951 11.100116 1.000000e+37 1.000000e+37 0.000000
3678818 4979031 28934.701172 28160.900391 51313.250000 -192.621902 125.668999 -157.561188 7.596183 1.000000e+37 1.000000e+37 0.000000
3678820 4979034 28842.867188 29171.503906 51136.230469 -135.938690 151.778732 17.015169 9.993375 1.000000e+37 1.000000e+37 0.000000
3678821 4979035 28900.853516 29044.873047 51923.710938 -259.467896 117.609604 -304.737183 9.868936 1.000000e+37 1.000000e+37 0.000000
3678822 4979036 28747.001953 28930.775391 51746.589844 -300.088989 82.502571 -164.820786 11.558571 1.000000e+37 1.000000e+37 0.000000
3678824 4979038 28949.523438 29745.742188 51390.296875 -174.170883 130.149536 -195.587372 10.454593 1.000000e+37 1.000000e+37 0.000000
3678827 4979044 28950.429688 28705.748047 50872.675781 -317.629700 78.069183 -27.287275 6.831244 1.000000e+37 1.000000e+37 0.000000
3678875 4979130 28957.134766 27870.578125 50708.109375 -154.914917 92.570381 -111.125214 9.469596 1.000000e+37 1.000000e+37 0.000000
3678876 4979131 30183.341797 28307.716797 51834.394531 -285.113220 79.549652 -195.480499 8.300215 1.000000e+37 1.000000e+37 0.000000
3740850 5197013 28894.476562 28446.978516 51445.207031 -173.008499 114.870926 -81.151779 11.529518 1.000000e+37 1.000000e+37 0.000000
3740851 5197015 28724.792969 29066.783203 51790.000000 -284.137848 122.054306 -173.204483 8.047085 1.000000e+37 1.000000e+37 0.000000
3740852 5197017 28818.351562 29451.806641 51861.027344 -220.703430 54.987431 -155.945831 7.994480 1.000000e+37 1.000000e+37 0.000000
3740854 5197023 28605.601562 28182.953125 52207.140625 -50.479561 125.145645 -105.252319 8.117384 1.000000e+37 1.000000e+37 0.000000
3740858 5197027 29857.552734 28290.955078 51418.574219 -145.028763 106.562065 -83.534569 10.808916 1.000000e+37 1.000000e+37 0.000000
3740892 5197122 28989.767578 28139.250000 50577.695312 -108.980392 135.677002 -191.313828 9.038568 1.000000e+37 1.000000e+37 0.000000
3740893 5197123 28555.609375 28422.992188 51418.082031 -236.984665 132.534683 -50.275513 9.698125 1.000000e+37 1.000000e+37 0.000000
3805828 5430523 29387.455078 28257.322266 50958.933594 -336.120209 46.157719 -30.738913 10.073261 1.000000e+37 1.000000e+37 0.000000
3805829 5430524 29008.183594 28257.394531 50613.589844 -171.027802 202.807129 -76.721230 11.775349 1.000000e+37 1.000000e+37 0.000000
3805830 5430525 29311.388672 27423.167969 51034.710938 -218.453705 120.561256 -40.095211 6.313993 1.000000e+37 1.000000e+37 0.000000
3805831 5430530 29218.982422 28466.437500 51838.355469 -242.542572 134.696396 -80.702141 9.863525 1.000000e+37 1.000000e+37 0.000000
3805889 5430647 29132.310547 28586.185547 50898.433594 -328.656372 59.881466 -35.119740 9.336478 1.000000e+37 1.000000e+37 0.000000
3873959 5681823 28977.082031 27901.218750 52005.406250 -47.828148 126.942551 -118.019386 9.886360 1.000000e+37 1.000000e+37 0.000000
3873964 5681838 29486.625000 27509.363281 50658.816406 -186.362625 73.201775 3.595904 6.985569 1.000000e+37 1.000000e+37 0.000000
3873965 5681840 28943.048828 28154.728516 51254.574219 -227.706055 213.678345 -165.539520 8.571648 1.000000e+37 1.000000e+37 0.000000
3873967 5681845 29055.945312 28947.152344 51145.492188 -142.025406 62.264091 -60.199711 9.905988 1.000000e+37 1.000000e+37 0.000000
3873968 5681846 29199.261719 27542.470703 51710.328125 -181.445770 108.864960 -136.406723 9.121912 1.000000e+37 1.000000e+37 0.000000
3873974 5681860 29644.830078 28148.250000 51465.292969 -196.796371 168.904160 -132.373398 9.778130 1.000000e+37 1.000000e+37 0.000000
3873978 5681865 29449.917969 29052.037109 50310.812500 -110.582222 112.215210 -28.779127 9.361866 1.000000e+37 1.000000e+37 0.000000
3874029 5681977 29244.242188 28354.859375 51179.203125 -207.526077 80.249283 -171.123108 10.979126 1.000000e+37 1.000000e+37 0.000000
3874031 5681979 28833.443359 29221.320312 52010.835938 -250.285156 113.262474 -294.370819 7.268673 1.000000e+37 1.000000e+37 0.000000
3874032 5681980 28870.736328 27946.259766 51281.394531 -129.023926 170.112823 -248.635986 9.791064 1.000000e+37 1.000000e+37 0.000000
3874033 5681981 28905.193359 28120.445312 51376.867188 -210.088425 219.147110 -68.645775 9.989401 1.000000e+37 1.000000e+37 0.000000
3945777 5951926 29987.681641 28114.640625 51088.562500 -153.548370 160.433914 -149.715134 8.767777 1.000000e+37 1.000000e+37 0.000000
3945778 5951928 29512.671875 28246.550781 50687.718750 -233.315338 96.806946 -165.612244 12.323608 1.000000e+37 1.000000e+37 0.000000
3945782 5951947 29094.777344 28148.523438 50632.437500 -98.489204 207.495651 -203.188492 6.693691 1.000000e+37 1.000000e+37 0.000000
3945785 5951955 28803.535156 27940.433594 51189.027344 -192.539963 142.915543 -119.281784 10.292472 1.000000e+37 1.000000e+37 0.000000
3945786 5951957 28853.222656 28587.951172 51849.496094 -283.378113 151.382767 -102.441185 10.530535 1.000000e+37 1.000000e+37 0.000000
3945787 5951958 29211.818359 28353.416016 51739.949219 -252.742661 126.274529 -102.606178 11.386292 1.000000e+37 1.000000e+37 0.000000
3945788 5951962 28523.412109 29085.107422 51702.378906 -194.280807 114.653069 -182.656204 10.184443 1.000000e+37 1.000000e+37 0.000000
3945789 5951963 28867.376953 29765.816406 51937.132812 -246.718018 95.377144 -94.388649 6.139075 1.000000e+37 1.000000e+37 0.000000
3945794 5951978 29271.382812 29221.906250 51291.093750 -232.585144 115.054985 -287.330963 9.265266 1.000000e+37 1.000000e+37 0.000000
3945795 5951979 29552.509766 28642.619141 50444.292969 -116.785454 89.846802 -15.571801 5.485130 1.000000e+37 1.000000e+37 0.000000
3945796 5951980 29452.074219 28284.750000 51228.632812 -95.532227 69.366074 -3.055388 8.444093 1.000000e+37 1.000000e+37 0.000000
3945827 5952032 29314.335938 27948.679688 50573.500000 -318.451416 78.366493 -84.338928 8.859029 1.000000e+37 1.000000e+37 0.000000
3945858 5952106 29071.041016 28469.279297 50646.332031 -163.052231 111.347717 -108.444328 12.201113 1.000000e+37 1.000000e+37 0.000000
3945859 5952107 29197.925781 29410.849609 51514.296875 -123.841095 56.722855 -58.702671 10.349643 1.000000e+37 1.000000e+37 0.000000
3945860 5952108 28743.162109 29249.169922 51848.054688 -200.837082 11.179085 -115.770477 9.721798 1.000000e+37 1.000000e+37 0.000000
3945861 5952109 29281.083984 27722.890625 50990.882812 -316.298401 83.558952 -62.827682 7.896352 1.000000e+37 1.000000e+37 0.000000
3945862 5952111 28876.822266 27387.878906 50987.718750 -231.940475 123.660843 -221.154572 8.949384 1.000000e+37 1.000000e+37 0.000000
3947282 5956010 29292.849609 29747.181641 51561.675781 -318.295807 111.330940 -244.390594 8.190592 1.000000e+37 1.000000e+37 0.000000
4021057 6243324 28007.449219 28217.142578 50882.875000 -39.419739 144.588699 -49.567593 8.341033 1.000000e+37 1.000000e+37 0.000000
4021184 6243866 29731.353516 27557.343750 51358.554688 -182.949310 149.034988 -142.008041 6.925090 1.000000e+37 1.000000e+37 0.000000
4021194 6243896 29239.070312 28137.134766 51422.980469 -238.040115 133.442139 -194.719604 9.757565 1.000000e+37 1.000000e+37 0.000000
4021196 6243899 29098.031250 29092.464844 51691.453125 -301.766235 -9.726926 -70.428123 9.213053 1.000000e+37 1.000000e+37 0.000000
4021197 6243900 28845.500000 29183.375000 51791.859375 -249.661438 -2.119860 -161.609772 7.925580 1.000000e+37 1.000000e+37 0.000000
4021198 6243901 28798.121094 29423.603516 51817.925781 -237.773254 44.813496 -158.104736 6.574975 1.000000e+37 1.000000e+37 0.000000
4021199 6243902 28838.558594 29496.482422 51919.921875 -225.490845 54.633469 -127.630951 11.372437 1.000000e+37 1.000000e+37 0.000000
4021203 6243913 29457.556641 29382.435547 51182.730469 -201.571564 170.992065 -191.417496 10.489709 1.000000e+37 1.000000e+37 0.000000
4021205 6243915 29480.343750 28362.246094 50814.257812 -144.150375 66.193314 12.952509 9.588219 1.000000e+37 1.000000e+37 0.000000
4021234 6243985 28954.707031 28352.121094 51790.226562 -277.158997 129.961258 -71.792618 7.710616 1.000000e+37 1.000000e+37 0.000000
4021265 6244051 28661.156250 29875.427734 51132.843750 -187.165314 186.059433 -91.383659 10.061014 1.000000e+37 1.000000e+37 0.000000
4021268 6244055 29269.296875 27380.576172 51061.386719 -216.176239 117.893028 -37.556026 5.731859 1.000000e+37 1.000000e+37 0.000000
4022767 6248297 28321.578125 27927.054688 52118.343750 -172.274368 113.553436 -198.592178 8.055835 1.000000e+37 1.000000e+37 0.000000
4022773 6248314 28630.599609 29429.925781 51026.964844 -180.016510 184.425583 -115.654884 8.628468 1.000000e+37 1.000000e+37 0.000000
4100196 6559389 29188.500000 27578.560547 51265.480469 -8.111835 154.102203 -68.818855 7.696564 1.000000e+37 1.000000e+37 0.000000
4100197 6559390 28391.728516 28240.851562 51360.015625 -18.699837 141.870773 -74.662674 9.461267 1.000000e+37 1.000000e+37 0.000000
4100198 6559391 29705.685547 27931.107422 50995.773438 -153.404114 79.426239 -9.843279 7.143916 1.000000e+37 1.000000e+37 0.000000
4100199 6559393 29600.125000 27727.412109 50983.621094 -137.700302 145.467880 14.979122 7.950457 1.000000e+37 1.000000e+37 0.000000
4100208 6559427 28951.148438 28047.832031 51311.425781 -201.803513 127.505882 -184.798477 10.737705 1.000000e+37 1.000000e+37 0.000000
4100209 6559429 29186.644531 28107.218750 51128.605469 -108.339684 43.500004 -221.485245 9.014713 1.000000e+37 1.000000e+37 0.000000
4100211 6559434 29344.269531 28908.226562 51627.367188 -257.509979 122.640862 -4.104584 8.349591 1.000000e+37 1.000000e+37 0.000000
4100212 6559436 29318.863281 29850.210938 51267.773438 -217.922180 124.775826 -204.280746 7.371197 1.000000e+37 1.000000e+37 0.000000
4100217 6559452 29426.699219 29282.138672 51240.402344 -357.120758 93.606140 -191.317841 8.771714 1.000000e+37 1.000000e+37 0.000000
4100219 6559454 28947.525391 29395.457031 50942.402344 -61.569164 115.317863 1.734387 8.237846 1.000000e+37 1.000000e+37 0.000000
4100220 6559455 28737.138672 29551.562500 50282.898438 -86.739563 148.776657 -44.448181 10.190365 1.000000e+37 1.000000e+37 0.000000
4100249 6559519 29459.939453 28044.136719 50123.976562 -111.813690 96.874535 -12.034904 8.877758 1.000000e+37 1.000000e+37 0.000000
4100304 6559624 28855.535156 29288.796875 50957.437500 -162.978989 164.016541 -41.814724 11.563463 1.000000e+37 1.000000e+37 0.000000
4183186 6902973 29044.173828 27528.876953 51476.886719 -75.022064 124.340843 -163.849915 7.315115 1.000000e+37 1.000000e+37 0.000000
4183187 6902975 29229.166016 28398.628906 51113.792969 -348.557587 49.745701 -34.876408 8.637772 1.000000e+37 1.000000e+37 0.000000
4183190 6902982 29333.136719 28203.275391 51136.597656 -141.561920 57.711628 -105.690765 8.733655 1.000000e+37 1.000000e+37 0.000000
4183191 6902983 28881.183594 28249.060547 51349.031250 -193.821777 224.335526 -86.781075 7.961070 1.000000e+37 1.000000e+37 0.000000
4183192 6902988 29508.177734 28163.505859 50537.445312 -100.020355 94.639305 -4.859879 8.664522 1.000000e+37 1.000000e+37 0.000000
4183193 6902989 28649.880859 29765.941406 51818.453125 -236.121933 119.722427 -169.703247 9.078363 1.000000e+37 1.000000e+37 0.000000
4183198 6903012 29157.871094 29311.896484 50968.203125 -277.332794 113.405373 -181.788391 9.445465 1.000000e+37 1.000000e+37 0.000000
4183199 6903013 29272.550781 28554.103516 51055.121094 -47.431721 106.591339 13.818609 5.524771 1.000000e+37 1.000000e+37 0.000000
4183257 6903156 28630.015625 28590.140625 51630.253906 -191.803452 170.624039 -51.400230 11.748172 1.000000e+37 1.000000e+37 0.000000
4183258 6903157 30016.833984 29495.542969 50868.867188 -295.105560 101.860649 -88.713982 8.183464 1.000000e+37 1.000000e+37 0.000000
4268866 7276895 28906.423828 29673.718750 51919.722656 -234.124588 78.579483 -99.366692 8.529428 1.000000e+37 1.000000e+37 0.000000
4268867 7276896 29024.757812 29283.994141 51333.023438 -276.147278 14.104354 -265.588440 10.269536 1.000000e+37 1.000000e+37 0.000000
4268870 7276912 29377.599609 28212.265625 51759.816406 -82.878601 143.070374 -184.256653 7.994135 1.000000e+37 1.000000e+37 0.000000
4268872 7276914 29083.800781 28347.074219 51456.433594 -195.730759 62.460400 -176.235153 8.702976 1.000000e+37 1.000000e+37 0.000000
4268874 7276917 29519.078125 28400.736328 50511.132812 -144.376114 85.126945 4.764081 10.176598 1.000000e+37 1.000000e+37 0.000000
4268943 7277103 29472.099609 28953.169922 50831.660156 -324.379395 80.664337 -66.561676 8.034214 1.000000e+37 1.000000e+37 0.000000
4270744 7282668 28419.119141 29066.718750 52049.960938 -190.825974 131.339142 -264.573608 10.178004 1.000000e+37 1.000000e+37 0.000000
4358901 7684277 28766.009766 27622.765625 51221.851562 -19.251923 147.262558 -57.662804 8.492889 1.000000e+37 1.000000e+37 0.000000
4358902 7684281 29272.775391 28028.125000 51528.785156 -109.117104 143.826920 -217.046951 7.551018 1.000000e+37 1.000000e+37 0.000000
4358908 7684301 29248.097656 28934.066406 51239.933594 -160.857483 240.694534 -187.102890 9.626254 1.000000e+37 1.000000e+37 0.000000
4358911 7684311 28825.291016 28722.255859 51657.964844 -221.627747 219.648300 -155.500275 12.946333 1.000000e+37 1.000000e+37 0.000000
4358913 7684315 28690.308594 28920.587891 51650.140625 -269.964325 80.606026 -191.874237 11.310510 1.000000e+37 1.000000e+37 0.000000
4358918 7684337 29148.679688 29327.291016 51789.507812 -48.728931 119.431175 -214.153137 5.010744 1.000000e+37 1.000000e+37 0.000000
4358919 7684338 29310.400391 29441.947266 51789.113281 -213.936432 45.505600 -64.929482 8.430440 1.000000e+37 1.000000e+37 0.000000
4358920 7684341 29656.185547 28096.857422 50962.785156 -150.635010 73.268341 -3.495573 9.372516 1.000000e+37 1.000000e+37 0.000000
4359001 7684541 28550.755859 28549.539062 51609.832031 -118.120529 151.232010 -241.102417 6.748412 1.000000e+37 1.000000e+37 0.000000
4359003 7684546 30253.101562 28303.402344 51509.667969 -289.225464 95.119354 -174.199066 8.683595 1.000000e+37 1.000000e+37 0.000000
4359006 7684551 28641.710938 28867.638672 51015.699219 -256.621948 200.994568 -207.337280 6.148499 1.000000e+37 1.000000e+37 0.000000
4360817 7690651 30132.974609 28627.433594 51891.242188 -273.811005 91.362946 -222.061905 8.131751 1.000000e+37 1.000000e+37 0.000000
