#subID	 subGroupNr x	 y	 z	 vx	 yv	 yz	 vmax	 B_MAG V_MAG M_star
#subID	 groupID	 kpc/h	 kpc/h	 kpc/h	 km/s	 km/s	 km/s	 km/s	 mags mags 10^10Msun/h
363448 624 56795.007812 24219.945312 5466.259277 68.468346 49.914146 -44.310650 212.023880 -2.176107e+01 -2.218314e+01 4.278156
363449 624 56597.222656 24344.730469 5126.916992 155.885101 47.605808 75.529312 220.957367 -2.162103e+01 -2.209631e+01 4.589331
363450 624 56708.167969 24204.097656 5303.459961 64.676712 -117.604309 -56.565071 82.811043 -1.784038e+01 -1.830966e+01 0.116703
363451 624 56657.078125 24610.720703 5159.979980 -30.603079 4.427410 89.590416 64.385643 -1.516896e+01 -1.574836e+01 0.013417
363452 624 56710.312500 24109.597656 5402.350586 28.184359 123.402596 -106.142212 55.184460 -1.578578e+01 -1.630084e+01 0.019540
363453 624 56695.722656 24467.664062 5087.942383 132.036392 43.343933 -8.720903 48.345215 -1.465355e+01 -1.525373e+01 0.007980
363454 624 56706.484375 24240.458984 5446.009277 116.353928 117.852539 132.053329 50.300247 -1.437758e+01 -1.506868e+01 0.010466
363455 624 56625.355469 24138.492188 5036.093262 184.993210 197.782578 70.373100 37.628551 -1.060760e+01 -1.114364e+01 0.000228
363456 624 56927.734375 24067.732422 5607.575684 97.450775 77.010094 97.148277 38.651855 -1.126267e+01 -1.186139e+01 0.000556
363457 624 56818.917969 24214.404297 5668.128418 225.013504 -12.752823 -121.422371 36.999397 -1.059721e+01 -1.117304e+01 0.000326
363458 624 56791.011719 24211.162109 5467.295898 -96.366745 152.798325 45.578823 37.104282 -1.783807e+01 -1.788968e+01 0.012897
363459 624 56795.222656 24227.390625 5465.810547 233.898178 53.077599 -162.451477 36.456287 -1.793463e+01 -1.798568e+01 0.013572
363460 624 56804.042969 24213.486328 5461.563477 -15.308198 -62.256046 -12.376047 32.534615 -1.732378e+01 -1.755066e+01 0.014413
363461 624 56663.214844 24210.740234 5167.521484 99.622391 -90.143181 -82.315094 23.737368 -7.688409e+00 -8.259906e+00 0.000029
363462 624 56795.496094 24304.392578 5266.651855 89.412575 -161.027008 10.829021 20.373579 1.000000e+37 1.000000e+37 0.000000
363463 624 56905.914062 24159.707031 5485.579102 -97.186203 230.566299 99.661888 24.253166 1.000000e+37 1.000000e+37 0.000000
363464 624 56599.179688 24434.031250 5144.661621 296.213623 15.846422 186.131302 28.675089 -9.852768e+00 -1.041421e+01 0.000159
363465 624 56798.320312 24377.498047 5508.979980 142.044006 -31.478603 -73.159225 23.646757 -1.321645e+01 -1.384194e+01 0.002591
363466 624 56884.644531 24059.478516 5471.485352 -35.764587 -25.278509 -152.845795 23.869709 1.000000e+37 1.000000e+37 0.000000
363467 624 56762.394531 24341.679688 5271.023926 -50.444477 -1.687484 -20.947031 26.181402 -9.137983e+00 -9.694969e+00 0.000092
363468 624 56698.343750 24399.238281 5400.168945 48.867378 22.970510 -128.767685 27.746134 -9.750937e+00 -1.030134e+01 0.000148
363469 624 56852.792969 24408.957031 5420.596191 89.775482 32.248787 -25.413218 24.764256 -1.181472e+01 -1.244763e+01 0.001061
363470 624 56471.554688 24231.136719 5132.442383 109.447937 -13.115879 91.676407 20.606527 -1.231079e+01 -1.293930e+01 0.001246
363471 624 56732.246094 24302.597656 5157.409668 213.246689 177.147644 13.785361 19.246752 1.000000e+37 1.000000e+37 0.000000
363472 624 56681.859375 24148.771484 5088.691406 56.895611 -51.793018 -43.442734 17.451694 1.000000e+37 1.000000e+37 0.000000
363473 624 56778.703125 24213.757812 5424.515625 180.340500 -185.728653 -240.263565 24.849443 -1.111633e+01 -1.174107e+01 0.000576
363474 624 56716.257812 24278.080078 5552.873047 -156.331085 -54.366646 20.258135 16.258835 1.000000e+37 1.000000e+37 0.000000
363475 624 56539.582031 24283.685547 5109.249023 179.740372 -4.335126 261.702606 22.801933 1.000000e+37 1.000000e+37 0.000000
363476 624 56721.886719 24412.361328 5090.393555 87.541832 106.332207 193.127365 18.697702 1.000000e+37 1.000000e+37 0.000000
363477 624 56759.050781 24429.306641 5509.626953 180.052963 71.839417 2.674669 18.903614 1.000000e+37 1.000000e+37 0.000000
363478 624 56896.871094 24187.835938 5509.885254 128.619308 8.407759 -297.072540 18.660521 1.000000e+37 1.000000e+37 0.000000
363479 624 56847.476562 24299.353516 5324.270508 155.018402 -183.008270 -43.058121 13.931742 1.000000e+37 1.000000e+37 0.000000
363480 624 56650.992188 24172.060547 5364.520996 0.648304 92.885170 31.543457 18.180496 1.000000e+37 1.000000e+37 0.000000
363481 624 56845.925781 24298.101562 5584.103027 -170.274582 89.850929 13.575238 14.372430 1.000000e+37 1.000000e+37 0.000000
363482 624 56625.710938 24306.361328 5239.768066 257.170258 116.551003 96.945595 15.808526 1.000000e+37 1.000000e+37 0.000000
363483 624 56438.898438 24268.076172 5144.442383 177.123093 -32.002918 63.127670 20.435585 1.000000e+37 1.000000e+37 0.000000
363484 624 56515.343750 24273.189453 5137.111816 -5.312158 193.014221 -48.963409 15.676309 1.000000e+37 1.000000e+37 0.000000
363485 624 56846.503906 24336.132812 5544.111328 72.945770 101.604034 155.315491 12.379658 1.000000e+37 1.000000e+37 0.000000
363486 624 56950.914062 24133.648438 5468.562988 -61.828033 230.061081 113.003601 12.374137 1.000000e+37 1.000000e+37 0.000000
363487 624 56415.695312 24194.138672 5100.372559 130.889938 33.647278 9.802949 12.434098 1.000000e+37 1.000000e+37 0.000000
363488 624 56672.773438 24253.814453 5375.355469 220.370407 -12.783381 139.462982 12.025515 1.000000e+37 1.000000e+37 0.000000
363489 624 56755.957031 24242.667969 5553.625977 207.975494 30.122881 -33.102791 16.226263 -9.296754e+00 -9.868493e+00 0.000089
363490 624 56531.285156 24400.583984 5240.531738 141.681580 -107.738586 30.473503 14.582726 1.000000e+37 1.000000e+37 0.000000
363491 624 56861.468750 24189.138672 5351.766113 17.902330 134.442917 -255.706711 12.116297 1.000000e+37 1.000000e+37 0.000000
363492 624 56768.503906 24297.095703 5581.831055 -95.425636 -130.371429 -48.102173 12.202168 1.000000e+37 1.000000e+37 0.000000
363493 624 56843.554688 24347.490234 5549.591309 208.035889 50.245960 -61.444229 14.576963 1.000000e+37 1.000000e+37 0.000000
363494 624 56812.878906 24342.060547 5331.812500 109.528816 -185.402008 9.951375 11.838614 1.000000e+37 1.000000e+37 0.000000
363495 624 56834.703125 24406.638672 5342.529785 32.163628 -34.234184 -94.001930 18.277937 1.000000e+37 1.000000e+37 0.000000
363496 624 56853.480469 24251.046875 5576.708008 237.486649 46.919334 -38.585045 14.302247 1.000000e+37 1.000000e+37 0.000000
363497 624 56624.746094 24286.539062 5290.055664 139.948914 197.482620 -94.832489 11.914105 1.000000e+37 1.000000e+37 0.000000
363498 624 56550.097656 24428.429688 5018.951660 167.663757 170.782700 92.237381 15.552409 1.000000e+37 1.000000e+37 0.000000
363499 624 56801.796875 24216.947266 5618.365723 233.172806 105.372322 -137.448853 13.728585 1.000000e+37 1.000000e+37 0.000000
363500 624 56634.855469 24411.181641 5151.647461 -15.133801 213.509628 66.935303 15.870563 1.000000e+37 1.000000e+37 0.000000
363501 624 56695.191406 24219.261719 5340.818848 55.147079 -158.792435 -156.138733 13.721581 1.000000e+37 1.000000e+37 0.000000
363502 624 56911.320312 24109.541016 5407.291992 -46.076546 25.622913 -50.224396 16.235361 1.000000e+37 1.000000e+37 0.000000
363503 624 56840.582031 24164.904297 5437.919922 -135.138229 73.016548 -116.355080 15.725641 1.000000e+37 1.000000e+37 0.000000
363504 624 56829.238281 24219.050781 5316.884277 -148.093002 57.522247 -17.807871 10.724275 1.000000e+37 1.000000e+37 0.000000
363505 624 56596.015625 24330.691406 5231.359863 340.869232 119.142242 103.454773 11.579243 1.000000e+37 1.000000e+37 0.000000
363506 624 56769.203125 24347.873047 5254.898438 92.285156 -178.499496 -20.478346 9.591553 1.000000e+37 1.000000e+37 0.000000
363507 624 56892.207031 24027.943359 5546.090332 21.477837 45.141102 127.029274 11.793046 1.000000e+37 1.000000e+37 0.000000
363508 624 56522.343750 24338.552734 5231.744629 178.947891 159.398880 57.068707 13.569216 1.000000e+37 1.000000e+37 0.000000
363509 624 56465.574219 24232.226562 4975.274902 135.638611 125.586067 68.182777 9.561142 1.000000e+37 1.000000e+37 0.000000
363510 624 56802.894531 24316.521484 5262.955078 79.973541 -166.491547 -6.405748 13.200444 1.000000e+37 1.000000e+37 0.000000
363511 624 56762.464844 24159.021484 5505.244141 270.152893 0.163139 68.567047 14.352145 1.000000e+37 1.000000e+37 0.000000
363512 624 56555.667969 24428.625000 5274.029297 244.064072 89.084915 -33.532253 11.639397 1.000000e+37 1.000000e+37 0.000000
363513 624 56751.406250 24160.763672 5545.321777 -6.289189 103.292664 -266.866180 12.297973 1.000000e+37 1.000000e+37 0.000000
363514 624 56748.984375 24383.687500 5335.594238 188.710358 142.653351 -40.880203 11.610936 1.000000e+37 1.000000e+37 0.000000
363515 624 56619.218750 24163.230469 5035.983398 166.057938 190.161835 60.602165 10.155103 1.000000e+37 1.000000e+37 0.000000
363516 624 56779.070312 24326.732422 5589.553223 212.406235 143.644379 -179.218536 8.996362 1.000000e+37 1.000000e+37 0.000000
363517 624 56634.121094 24400.666016 5168.213379 25.926682 -0.504461 238.235840 12.912030 1.000000e+37 1.000000e+37 0.000000
363518 624 56552.839844 24236.869141 5177.421875 215.077637 35.821953 -19.353868 8.530726 1.000000e+37 1.000000e+37 0.000000
363519 624 56678.109375 24347.794922 5284.117188 182.055145 -28.568758 -68.872025 11.367007 1.000000e+37 1.000000e+37 0.000000
363520 624 56851.750000 24149.285156 5408.804199 -30.707300 -127.894035 127.523384 9.970053 1.000000e+37 1.000000e+37 0.000000
363521 624 56660.371094 24429.802734 5081.756348 193.919342 -77.765526 -54.570282 12.705895 1.000000e+37 1.000000e+37 0.000000
363522 624 56783.437500 24347.857422 5544.082031 211.134430 -67.947533 -85.461845 10.337551 1.000000e+37 1.000000e+37 0.000000
363523 624 56657.843750 24326.982422 5120.570312 175.373093 241.653900 20.540209 11.191848 1.000000e+37 1.000000e+37 0.000000
363524 624 56697.535156 24159.242188 5445.646973 -57.644302 219.514145 34.979240 12.781824 1.000000e+37 1.000000e+37 0.000000
363525 624 56811.929688 24035.550781 5502.100586 40.004108 -13.949121 -127.511047 8.994783 1.000000e+37 1.000000e+37 0.000000
363526 624 56553.496094 24299.259766 5153.899414 100.778381 265.302368 -113.987320 9.215920 1.000000e+37 1.000000e+37 0.000000
363527 624 56671.433594 24411.910156 5121.758789 318.031189 -10.690187 180.684387 7.009651 1.000000e+37 1.000000e+37 0.000000
363528 624 56761.976562 24263.416016 5443.707520 232.091293 21.278671 -285.258759 10.232237 1.000000e+37 1.000000e+37 0.000000
363529 624 56864.027344 24077.597656 5372.103516 74.027306 153.134476 82.587807 9.433683 1.000000e+37 1.000000e+37 0.000000
363530 624 56900.355469 24075.982422 5401.170410 37.117928 -47.975609 125.469124 6.936528 1.000000e+37 1.000000e+37 0.000000
363531 624 56736.097656 24373.888672 5246.145508 168.568985 -35.957058 185.755051 10.725803 1.000000e+37 1.000000e+37 0.000000
501987 5064 57471.050781 24184.771484 6449.732422 125.144073 79.850266 -48.526871 11.676297 1.000000e+37 1.000000e+37 0.000000
698756 53893 56723.871094 24057.443359 5692.763184 95.539062 148.222992 -83.306503 57.981804 -1.521141e+01 -1.581163e+01 0.017857
704244 56431 56015.390625 23994.304688 4972.778809 160.569672 103.761581 4.463070 48.053673 -1.466206e+01 -1.494966e+01 0.003036
704245 56431 55974.722656 23980.560547 4994.573730 163.152679 72.531906 -6.808774 22.146759 -8.680668e+00 -9.244595e+00 0.000065
738027 73522 56831.046875 23994.236328 5746.226074 17.410080 68.761719 -134.145096 48.531700 -1.301985e+01 -1.362459e+01 0.002293
761581 86433 56177.832031 24981.255859 4288.448242 127.351494 69.686157 19.886580 44.506824 -1.355081e+01 -1.406961e+01 0.002377
761582 86433 56160.371094 24959.152344 4312.321777 153.320419 60.096291 -5.687386 15.728055 1.000000e+37 1.000000e+37 0.000000
769570 90899 56276.265625 25482.835938 5169.633301 120.763306 0.968672 -51.481567 45.235882 -1.219590e+01 -1.268471e+01 0.000776
782231 98297 56658.210938 24912.566406 5094.505371 134.332260 -60.602001 -24.044600 41.712063 -1.151316e+01 -1.203710e+01 0.000443
792527 104307 57134.417969 24104.517578 5701.976074 -45.710140 159.758011 55.721386 26.437801 1.000000e+37 1.000000e+37 0.000000
792528 104307 57097.824219 24136.101562 5676.734375 -34.666096 157.239471 61.416878 24.442045 1.000000e+37 1.000000e+37 0.000000
792529 104307 57104.535156 24116.982422 5685.268066 -70.093765 162.032455 63.334049 13.431980 1.000000e+37 1.000000e+37 0.000000
792530 104307 57057.156250 24160.589844 5687.832520 -37.853886 173.385132 51.875950 11.543817 1.000000e+37 1.000000e+37 0.000000
817555 119376 56327.941406 24226.527344 5306.468262 177.094086 3.397694 -31.053131 38.228680 -1.151393e+01 -1.202699e+01 0.000462
835992 130796 56289.878906 23421.169922 4940.803223 16.830618 145.465744 85.937599 30.546989 1.000000e+37 1.000000e+37 0.000000
835993 130796 56306.214844 23400.392578 4900.263672 10.301953 160.363922 61.703800 8.747196 1.000000e+37 1.000000e+37 0.000000
851192 140338 57040.605469 24462.257812 5087.491211 -23.137335 103.337509 101.187851 25.537102 1.000000e+37 1.000000e+37 0.000000
851193 140338 57062.828125 24437.984375 5072.300293 -29.218575 131.695847 103.201225 17.239367 1.000000e+37 1.000000e+37 0.000000
851194 140338 57056.535156 24437.507812 5085.798828 -23.183851 132.480515 95.999344 13.660043 1.000000e+37 1.000000e+37 0.000000
877122 157020 55597.515625 23776.316406 4722.781250 112.653641 51.490036 50.443996 33.284813 1.000000e+37 1.000000e+37 0.000000
926416 190488 56358.851562 24742.800781 4719.530762 153.487671 16.775272 53.414566 27.567783 1.000000e+37 1.000000e+37 0.000000
953979 210537 56022.511719 23852.070312 4669.339355 140.651779 93.100716 53.095646 26.071119 1.000000e+37 1.000000e+37 0.000000
972429 224387 56486.753906 24529.917969 4209.522949 126.285591 3.179173 -0.972202 24.599291 1.000000e+37 1.000000e+37 0.000000
984188 233337 57229.101562 24725.726562 4705.657227 0.703047 97.551407 58.303791 23.016134 1.000000e+37 1.000000e+37 0.000000
992199 239498 57272.679688 23974.654297 6491.221680 125.207207 146.158707 3.929709 27.717709 -9.430555e+00 -1.000073e+01 0.000141
1037875 275584 55798.035156 23766.664062 4689.512695 46.566032 126.821541 77.459641 24.543657 1.000000e+37 1.000000e+37 0.000000
1087979 316817 56449.906250 24490.486328 4728.839355 135.202835 26.739540 111.299530 22.475212 1.000000e+37 1.000000e+37 0.000000
1097733 325093 56897.601562 24162.621094 4934.571289 -4.591632 166.721344 116.981728 23.377270 1.000000e+37 1.000000e+37 0.000000
1100763 327640 56671.089844 24776.021484 5115.679688 118.748093 -84.757317 -69.281937 22.669617 1.000000e+37 1.000000e+37 0.000000
1121923 345609 57026.507812 24323.818359 5145.608887 -27.127705 145.926193 107.124199 19.459152 1.000000e+37 1.000000e+37 0.000000
1139077 360378 56515.105469 23597.894531 4891.321777 16.515749 152.246643 91.219566 20.560614 1.000000e+37 1.000000e+37 0.000000
1154852 374020 56266.046875 25393.248047 5070.117676 104.418198 -14.769072 -29.464262 21.855762 1.000000e+37 1.000000e+37 0.000000
1156710 375642 57114.812500 24366.517578 5027.205566 -20.533289 146.561310 106.346581 21.684818 1.000000e+37 1.000000e+37 0.000000
1201964 415578 56888.484375 23995.394531 6043.105957 95.261940 167.306992 -28.748087 17.544153 1.000000e+37 1.000000e+37 0.000000
1210260 422999 56853.687500 24526.509766 5228.230957 -59.135395 68.661629 95.508736 18.012196 1.000000e+37 1.000000e+37 0.000000
1220264 431980 57192.843750 23891.583984 6515.861816 115.881119 149.953659 5.456951 17.404388 1.000000e+37 1.000000e+37 0.000000
1224070 435426 56730.773438 24310.410156 5692.976074 2.868731 118.985428 -88.302071 20.626705 1.000000e+37 1.000000e+37 0.000000
1256038 464454 56406.070312 24363.214844 5429.523926 82.555214 -28.701691 21.943146 20.692865 1.000000e+37 1.000000e+37 0.000000
1257622 465900 56577.179688 24300.900391 4918.504395 179.700241 179.454865 125.174553 19.286922 1.000000e+37 1.000000e+37 0.000000
1271394 478554 56477.093750 24055.857422 4770.000000 162.746475 141.502487 46.579880 19.256170 1.000000e+37 1.000000e+37 0.000000
1279196 485756 56985.093750 24166.941406 5644.379395 -30.836353 54.830223 59.366692 19.476305 1.000000e+37 1.000000e+37 0.000000
1287513 493430 57825.839844 24343.074219 4680.454590 35.064133 140.849716 66.050339 19.149313 1.000000e+37 1.000000e+37 0.000000
1299667 504669 56442.250000 24797.513672 4187.330566 134.938721 -4.137922 -33.762844 18.746452 1.000000e+37 1.000000e+37 0.000000
1310307 514617 56825.847656 25037.146484 4453.403320 19.921629 95.653374 42.977760 19.618633 1.000000e+37 1.000000e+37 0.000000
1323440 526884 56812.199219 24146.542969 5197.274902 147.083542 79.080383 186.799683 20.623333 1.000000e+37 1.000000e+37 0.000000
1335256 537922 56534.828125 25406.205078 4962.469727 134.174728 -11.195583 -31.747803 20.076286 1.000000e+37 1.000000e+37 0.000000
1335257 537923 56568.058594 24180.023438 6281.063477 157.167374 -0.414753 -77.080589 17.789066 1.000000e+37 1.000000e+37 0.000000
1347357 549295 56639.101562 23829.761719 5378.372070 116.523674 61.012074 -67.246758 23.041872 1.000000e+37 1.000000e+37 0.000000
1357890 559230 57577.132812 23860.205078 6259.537109 45.784195 24.351377 17.934481 13.980358 1.000000e+37 1.000000e+37 0.000000
1362158 563252 56750.695312 24139.613281 5170.648438 48.181889 -91.654243 10.713675 16.009426 1.000000e+37 1.000000e+37 0.000000
1368757 569496 56402.605469 24208.632812 4905.679199 189.502167 168.705658 61.949989 19.673357 1.000000e+37 1.000000e+37 0.000000
1371017 571644 56281.812500 23988.179688 4893.679688 164.567596 139.561996 32.702122 22.150558 1.000000e+37 1.000000e+37 0.000000
1375546 575963 57166.765625 24047.408203 5711.740723 68.089081 68.518806 -80.656029 17.962162 1.000000e+37 1.000000e+37 0.000000
1375547 575963 57178.167969 24038.621094 5715.089844 -21.401096 49.189137 -56.083576 17.410315 1.000000e+37 1.000000e+37 0.000000
1375647 576059 56317.183594 24322.578125 5248.942871 124.855446 -60.148129 3.488694 18.575909 1.000000e+37 1.000000e+37 0.000000
1403771 603009 56460.863281 25450.523438 5208.311035 116.740646 -3.609726 -35.060986 22.521210 1.000000e+37 1.000000e+37 0.000000
1406223 605386 56159.441406 24387.798828 4471.953125 103.848343 17.735525 49.992916 18.999794 1.000000e+37 1.000000e+37 0.000000
1413810 612730 56839.425781 23894.666016 5586.918457 37.146866 109.439819 -8.507306 25.365568 -1.016627e+01 -1.075636e+01 0.000218
1416381 615211 56127.179688 23663.265625 4869.632324 197.928589 39.915962 0.566923 16.305264 1.000000e+37 1.000000e+37 0.000000
1429625 627983 56509.042969 25005.199219 5094.605469 105.791458 -62.923687 -31.502268 17.759983 1.000000e+37 1.000000e+37 0.000000
1434934 633115 55992.000000 24028.291016 4466.937500 143.320267 81.492775 63.916058 18.014969 1.000000e+37 1.000000e+37 0.000000
1445849 643695 56494.183594 23834.615234 5497.580566 127.275162 166.987808 -28.384640 17.208298 1.000000e+37 1.000000e+37 0.000000
1457203 654748 57088.863281 24162.191406 5795.715332 58.762554 82.439560 5.336323 15.146123 1.000000e+37 1.000000e+37 0.000000
1457204 654748 57093.773438 24156.988281 5766.976562 70.497070 80.065842 -60.649693 9.405017 1.000000e+37 1.000000e+37 0.000000
1493923 690727 57619.476562 24961.951172 4969.015625 32.978527 46.562183 24.664032 19.128380 1.000000e+37 1.000000e+37 0.000000
1513853 710474 55849.949219 24274.679688 4585.279297 195.921982 25.793789 -14.977983 18.847313 1.000000e+37 1.000000e+37 0.000000
1517105 713710 57060.398438 24848.828125 4832.702148 -0.824896 92.854454 72.179306 13.783917 1.000000e+37 1.000000e+37 0.000000
1517106 713710 57036.128906 24820.869141 4836.633789 7.940543 88.611359 75.950165 9.566623 1.000000e+37 1.000000e+37 0.000000
1524141 720721 57336.343750 24188.400391 5590.865234 42.644470 49.425411 -89.739891 17.660946 1.000000e+37 1.000000e+37 0.000000
1538316 734852 55927.687500 23675.341797 4598.343262 128.366302 87.599632 58.963764 16.978264 1.000000e+37 1.000000e+37 0.000000
1542033 738553 56425.355469 24407.853516 4908.879883 61.126896 84.609322 127.206947 18.645630 1.000000e+37 1.000000e+37 0.000000
1549294 745873 56808.300781 23931.253906 5477.806152 2.563491 -70.497505 14.422033 13.293379 1.000000e+37 1.000000e+37 0.000000
1568534 765206 56416.628906 24450.103516 5135.187012 51.823620 96.943321 129.591248 17.860550 1.000000e+37 1.000000e+37 0.000000
1576640 773345 56381.296875 24479.431641 4002.552002 109.301758 68.364067 27.602158 18.589411 1.000000e+37 1.000000e+37 0.000000
1580525 777271 56829.843750 23863.544922 5377.055664 17.808403 203.714188 86.643112 16.340487 1.000000e+37 1.000000e+37 0.000000
1592702 789600 56435.140625 25018.992188 5084.532227 131.995895 -40.939899 -79.017273 17.794865 1.000000e+37 1.000000e+37 0.000000
1601384 798381 56795.878906 24262.236328 5833.056152 65.923561 88.317795 -66.444275 14.834787 1.000000e+37 1.000000e+37 0.000000
1601390 798387 56746.003906 24862.179688 5101.322266 113.399193 -59.923836 -18.999592 18.416973 1.000000e+37 1.000000e+37 0.000000
1618807 816232 57384.937500 23963.695312 5899.416504 31.398115 28.263123 -32.520237 16.224586 1.000000e+37 1.000000e+37 0.000000
1623323 820837 56831.968750 24111.570312 5660.513672 48.347233 53.139542 -100.345932 10.678151 1.000000e+37 1.000000e+37 0.000000
1628080 825703 56065.562500 23670.476562 5680.217285 96.602669 114.750206 -9.702020 15.299262 1.000000e+37 1.000000e+37 0.000000
1632779 830514 57399.066406 23721.597656 6320.289551 97.805016 146.578979 7.106627 15.445340 1.000000e+37 1.000000e+37 0.000000
1637440 835285 57256.503906 24486.347656 5102.569824 57.419865 1.303595 -39.483196 17.247351 1.000000e+37 1.000000e+37 0.000000
1637448 835292 56943.117188 24061.259766 6080.898926 96.642776 153.917587 -42.188934 15.749177 1.000000e+37 1.000000e+37 0.000000
1646658 844746 56784.570312 24299.785156 4880.098145 55.779903 93.036407 41.620579 15.061802 1.000000e+37 1.000000e+37 0.000000
1646878 844968 56445.667969 24266.005859 5695.367676 162.393234 -6.172506 -14.475482 16.702204 1.000000e+37 1.000000e+37 0.000000
1651614 849846 55830.945312 24644.716797 4351.488281 141.712921 96.982292 42.110958 14.447486 1.000000e+37 1.000000e+37 0.000000
1661292 859819 56400.625000 24342.142578 4159.501953 103.218307 56.469532 41.117432 17.876020 1.000000e+37 1.000000e+37 0.000000
1666225 864933 57589.042969 23760.351562 6245.934082 95.152542 -37.846054 3.917908 13.949647 1.000000e+37 1.000000e+37 0.000000
1671410 870303 56225.402344 24184.728516 4848.669434 186.647552 97.367706 97.418617 17.364130 1.000000e+37 1.000000e+37 0.000000
1713780 914425 55890.902344 24119.148438 4663.541016 200.685791 25.334686 -10.522449 15.247233 1.000000e+37 1.000000e+37 0.000000
1719041 919917 57654.332031 24811.500000 5082.699707 44.582752 2.171302 7.787600 13.225821 1.000000e+37 1.000000e+37 0.000000
1724835 925945 56651.406250 24110.197266 5714.514160 122.515884 -58.855087 -12.339623 12.090545 1.000000e+37 1.000000e+37 0.000000
1730623 932010 56632.660156 24388.621094 5381.648438 132.193359 132.175034 -4.682911 17.995079 1.000000e+37 1.000000e+37 0.000000
1736770 938470 56377.660156 25504.675781 5298.670898 111.471367 -2.107621 -46.610577 18.673288 1.000000e+37 1.000000e+37 0.000000
1748737 951094 56294.492188 24196.429688 4940.072266 102.550591 110.433075 4.703217 19.305199 1.000000e+37 1.000000e+37 0.000000
1779567 983707 56425.894531 24306.322266 5543.776855 121.450340 -25.138441 17.955349 16.327095 1.000000e+37 1.000000e+37 0.000000
1785664 990203 56825.996094 24408.705078 5279.029297 86.441963 -157.817200 -11.817571 13.800327 1.000000e+37 1.000000e+37 0.000000
1786010 990555 56482.039062 24245.066406 4928.784668 107.339745 108.938461 58.194431 11.458832 1.000000e+37 1.000000e+37 0.000000
1792135 997106 56522.417969 24081.982422 5368.774902 87.870445 30.960814 -156.520920 14.173913 1.000000e+37 1.000000e+37 0.000000
1792148 997118 56964.339844 24831.292969 4784.654785 5.586138 80.972343 75.092880 16.130264 1.000000e+37 1.000000e+37 0.000000
1792439 997425 56431.402344 24267.818359 5230.008301 79.983704 -5.757343 41.084179 12.310645 1.000000e+37 1.000000e+37 0.000000
1812056 1018420 56238.609375 23346.214844 4926.434570 26.315878 156.591675 80.235695 13.211275 1.000000e+37 1.000000e+37 0.000000
1818931 1025790 56873.636719 24451.625000 5221.716309 94.772308 -123.104050 -17.049088 11.295650 1.000000e+37 1.000000e+37 0.000000
1818932 1025791 56613.289062 23901.080078 5641.918945 108.887573 -22.333073 -49.647034 13.670331 1.000000e+37 1.000000e+37 0.000000
1833271 1041251 56865.023438 24129.205078 6017.796875 70.300499 67.827812 -34.083698 19.364256 1.000000e+37 1.000000e+37 0.000000
1840368 1048925 56374.050781 24370.595703 4674.620605 141.944839 48.000164 108.639915 15.128656 1.000000e+37 1.000000e+37 0.000000
1840384 1048940 56548.816406 24652.789062 5191.346680 125.353905 -107.483955 -38.019188 14.519889 1.000000e+37 1.000000e+37 0.000000
1847693 1056781 56290.929688 24268.378906 5087.314941 230.786850 10.633979 82.496681 16.417351 1.000000e+37 1.000000e+37 0.000000
1862399 1072712 56420.578125 24787.458984 4347.782227 100.598732 67.191231 51.414734 17.479570 1.000000e+37 1.000000e+37 0.000000
1862402 1072715 56676.960938 24373.292969 4881.555664 177.716949 105.360641 134.720718 18.584076 1.000000e+37 1.000000e+37 0.000000
1869645 1080627 56994.882812 24219.824219 5210.783203 -20.093414 -9.831682 21.893724 16.706215 1.000000e+37 1.000000e+37 0.000000
1877792 1089464 56869.921875 24305.917969 5200.604980 58.000107 -131.865341 -6.194487 14.716818 1.000000e+37 1.000000e+37 0.000000
1885105 1097427 57014.757812 24148.060547 5785.144043 -32.295303 164.902496 17.605350 13.962065 1.000000e+37 1.000000e+37 0.000000
1885456 1097816 55746.843750 23714.761719 4445.458496 120.783791 91.852753 40.980316 16.099754 1.000000e+37 1.000000e+37 0.000000
1892871 1105903 57031.753906 24131.607422 5539.414062 -55.177536 188.179504 74.454117 14.131607 1.000000e+37 1.000000e+37 0.000000
1893267 1106318 55408.281250 24506.357422 5455.461914 165.378830 2.854802 -39.757248 16.165167 1.000000e+37 1.000000e+37 0.000000
1900800 1114649 56719.449219 23995.990234 5945.134766 37.101688 22.251955 -99.113129 17.054178 1.000000e+37 1.000000e+37 0.000000
1908980 1123591 56565.675781 24452.160156 5287.553711 9.521670 -65.246284 44.957081 12.691997 1.000000e+37 1.000000e+37 0.000000
1917187 1132603 56728.265625 24570.289062 5162.691895 98.967140 -125.506386 -36.599575 12.888776 1.000000e+37 1.000000e+37 0.000000
1917580 1133032 56462.410156 24853.320312 4486.165039 134.117844 -27.456722 -26.782263 13.752415 1.000000e+37 1.000000e+37 0.000000
1917581 1133032 56439.839844 24846.162109 4491.906250 136.371521 -18.330170 -23.759472 8.676903 1.000000e+37 1.000000e+37 0.000000
1925529 1141823 56584.960938 24625.056641 5082.723633 146.423492 -109.107361 -67.597679 14.528131 1.000000e+37 1.000000e+37 0.000000
1925530 1141824 56090.613281 23380.251953 4838.874512 26.770853 127.470848 82.701096 9.890945 1.000000e+37 1.000000e+37 0.000000
1925531 1141824 56090.148438 23393.697266 4855.249023 29.925379 126.188530 73.837761 10.252558 1.000000e+37 1.000000e+37 0.000000
1925932 1142263 56413.093750 24851.396484 4809.536621 32.423893 38.273952 67.799675 14.867193 1.000000e+37 1.000000e+37 0.000000
1934048 1151174 57114.863281 23902.892578 6043.666504 5.858693 -19.124525 -16.710461 15.110365 1.000000e+37 1.000000e+37 0.000000
1934064 1151190 57424.320312 24788.830078 4608.129883 9.100505 98.061661 53.379036 14.658583 1.000000e+37 1.000000e+37 0.000000
1934065 1151191 57715.910156 24691.333984 5962.441406 32.521164 28.080368 41.724419 14.323188 1.000000e+37 1.000000e+37 0.000000
1934465 1151620 56404.445312 23807.679688 5047.793945 196.201706 97.504364 42.149853 14.975729 1.000000e+37 1.000000e+37 0.000000
1942775 1160768 57030.050781 23671.785156 5681.956543 16.524752 172.302063 68.694931 15.913573 1.000000e+37 1.000000e+37 0.000000
1951865 1170836 57689.570312 23974.640625 6240.561523 50.128353 3.941142 3.605598 14.047839 1.000000e+37 1.000000e+37 0.000000
1951868 1170839 56589.656250 23876.128906 5712.890625 80.382050 91.825661 -16.970114 17.725317 1.000000e+37 1.000000e+37 0.000000
1960798 1180776 56413.613281 25077.523438 5068.354492 132.369812 -41.388248 -77.832832 15.835209 1.000000e+37 1.000000e+37 0.000000
1988588 1211804 56178.863281 23880.982422 4843.792480 160.464767 121.334740 24.770996 13.724272 1.000000e+37 1.000000e+37 0.000000
1988590 1211806 56310.855469 24135.771484 6479.480957 163.484802 10.297943 -40.266010 12.906943 1.000000e+37 1.000000e+37 0.000000
1997451 1221767 57513.859375 23955.683594 6148.758789 16.547594 125.117859 77.108360 15.313238 1.000000e+37 1.000000e+37 0.000000
1997904 1222271 56877.222656 24135.599609 5755.008789 163.903137 -17.601847 -117.339149 12.041504 1.000000e+37 1.000000e+37 0.000000
2007001 1232600 56450.281250 24079.812500 5131.685547 140.823914 66.383263 165.905304 13.776602 1.000000e+37 1.000000e+37 0.000000
2027349 1255527 55982.417969 24627.523438 4763.124023 95.322723 27.668949 58.522118 13.931148 1.000000e+37 1.000000e+37 0.000000
2027366 1255544 56340.445312 24451.962891 5038.903320 149.119705 116.980804 131.546814 15.645442 1.000000e+37 1.000000e+37 0.000000
2036879 1266378 56970.652344 24554.812500 5067.555176 -28.813181 87.952583 99.518700 14.904610 1.000000e+37 1.000000e+37 0.000000
2047897 1278908 56485.277344 24580.892578 4800.879395 96.870903 -83.077019 10.349936 13.208168 1.000000e+37 1.000000e+37 0.000000
2068537 1302373 56990.843750 24679.453125 4779.364746 -9.033010 89.594772 75.192162 14.674880 1.000000e+37 1.000000e+37 0.000000
2069067 1302974 56778.117188 24304.416016 4924.007324 120.646400 124.575668 -28.135786 10.463570 1.000000e+37 1.000000e+37 0.000000
2079269 1314664 57246.074219 24794.662109 4721.835449 12.201062 99.810028 47.908497 13.781087 1.000000e+37 1.000000e+37 0.000000
2101650 1340473 56913.914062 24550.390625 5122.387695 -38.231255 82.501778 95.674805 11.033456 1.000000e+37 1.000000e+37 0.000000
2101651 1340474 56949.195312 24145.062500 5370.483887 -82.159103 5.496679 44.851894 11.805438 1.000000e+37 1.000000e+37 0.000000
2137480 1381934 55840.476562 24027.849609 4748.184082 152.826126 73.617889 58.741970 14.732055 1.000000e+37 1.000000e+37 0.000000
2137481 1381934 55848.515625 24024.648438 4755.531738 145.996323 70.547165 59.636879 10.097788 1.000000e+37 1.000000e+37 0.000000
2148961 1395333 56337.359375 23681.107422 4431.425293 24.456259 147.382996 92.132515 13.821910 1.000000e+37 1.000000e+37 0.000000
2161339 1409812 57043.949219 24682.386719 5323.900879 -16.263178 -3.332905 43.743359 12.295864 1.000000e+37 1.000000e+37 0.000000
2187258 1440442 56336.664062 24851.025391 4682.998535 158.693176 22.704947 44.673561 14.278535 1.000000e+37 1.000000e+37 0.000000
2200369 1456001 56468.523438 24021.257812 5020.410156 187.914597 23.881910 18.149326 15.763699 1.000000e+37 1.000000e+37 0.000000
2213118 1471160 56748.687500 24187.691406 4898.972656 8.191641 166.501572 128.142120 12.134187 1.000000e+37 1.000000e+37 0.000000
2226905 1487474 57084.218750 24834.685547 4678.586426 16.896315 34.407635 32.828999 14.242573 1.000000e+37 1.000000e+37 0.000000
2241156 1504374 57283.507812 24654.683594 4790.118652 -6.266111 91.817093 46.841095 14.303642 1.000000e+37 1.000000e+37 0.000000
2255217 1521227 56920.679688 24704.195312 4861.666504 -11.523075 73.101074 81.478561 13.383024 1.000000e+37 1.000000e+37 0.000000
2285120 1557545 56660.367188 24439.566406 5378.322266 86.441971 137.376114 -76.703796 11.555344 1.000000e+37 1.000000e+37 0.000000
2300107 1575887 57121.261719 24065.726562 5570.125977 51.331917 -14.234590 -108.353622 12.375505 1.000000e+37 1.000000e+37 0.000000
2300131 1575914 56406.222656 25517.990234 5224.050293 98.231750 -0.338291 -70.976784 13.644287 1.000000e+37 1.000000e+37 0.000000
2315425 1594594 56292.226562 24273.394531 4796.107910 175.814178 149.812592 8.477132 13.217015 1.000000e+37 1.000000e+37 0.000000
2315426 1594595 57110.519531 24020.501953 5685.370605 114.777596 66.644547 -44.630257 15.345319 1.000000e+37 1.000000e+37 0.000000
2347647 1634227 56076.492188 24231.300781 4901.257324 188.693329 82.057999 69.528191 12.516585 1.000000e+37 1.000000e+37 0.000000
2364027 1654514 56838.914062 23554.410156 6385.796875 70.130486 133.594635 34.509274 11.499816 1.000000e+37 1.000000e+37 0.000000
2398384 1697662 56837.496094 23985.923828 5536.500977 -26.381666 45.818130 -100.477097 10.651217 1.000000e+37 1.000000e+37 0.000000
2415305 1719092 57207.414062 24159.240234 5556.140137 -44.730057 139.996552 81.397728 12.371812 1.000000e+37 1.000000e+37 0.000000
2433333 1742127 56909.566406 25018.058594 4288.665039 13.658954 113.407043 40.587811 12.329608 1.000000e+37 1.000000e+37 0.000000
2434248 1743260 56420.968750 24495.335938 4211.725098 125.935326 -14.597788 -12.655474 9.613331 1.000000e+37 1.000000e+37 0.000000
2434249 1743261 55687.968750 24333.414062 4520.062500 181.339844 27.060337 -17.602987 12.410483 1.000000e+37 1.000000e+37 0.000000
2491235 1817684 55681.757812 24230.320312 5959.656738 161.668304 -1.226599 -37.103981 12.296366 1.000000e+37 1.000000e+37 0.000000
2511343 1844818 56521.492188 24888.529297 5107.201660 119.526199 -72.051712 -48.181393 11.209170 1.000000e+37 1.000000e+37 0.000000
2511345 1844820 56096.738281 23791.392578 5083.861328 195.732193 35.590405 -54.434799 9.323696 1.000000e+37 1.000000e+37 0.000000
2530630 1871526 56684.195312 24729.392578 5149.669434 118.754333 -107.452995 -69.751366 8.907798 1.000000e+37 1.000000e+37 0.000000
2531560 1872808 56548.199219 24513.591797 5062.905273 152.409470 218.233231 110.616035 10.121210 1.000000e+37 1.000000e+37 0.000000
2531562 1872811 56415.675781 24421.919922 5299.642090 68.384010 -70.352432 24.806614 10.600454 1.000000e+37 1.000000e+37 0.000000
2551396 1901211 57084.289062 24287.289062 6512.603027 105.864426 85.537971 -13.028336 13.363591 1.000000e+37 1.000000e+37 0.000000
2552359 1902597 56551.007812 24368.244141 5394.050293 232.830811 95.879776 23.284056 10.802858 1.000000e+37 1.000000e+37 0.000000
2573841 1934404 56159.992188 24251.621094 4844.914062 136.548172 -22.065065 73.777916 13.027148 1.000000e+37 1.000000e+37 0.000000
2573845 1934408 56161.296875 24994.947266 4594.251953 144.804047 50.215664 18.871054 13.113687 1.000000e+37 1.000000e+37 0.000000
2595063 1967543 56926.050781 24313.064453 4498.298340 18.786644 147.277222 94.260406 13.059890 1.000000e+37 1.000000e+37 0.000000
2595064 1967544 57768.546875 23763.400391 6037.222168 29.497675 126.821533 82.356522 13.751784 1.000000e+37 1.000000e+37 0.000000
2596133 1969149 56866.402344 24357.285156 5161.464355 14.542926 -67.115250 -39.791542 14.213017 1.000000e+37 1.000000e+37 0.000000
2596134 1969150 55928.691406 23799.466797 5149.822754 144.012543 89.367561 -15.147994 13.057451 1.000000e+37 1.000000e+37 0.000000
2596164 1969185 56612.843750 24204.326172 6180.742676 152.569305 0.072398 -87.443085 12.147927 1.000000e+37 1.000000e+37 0.000000
2617644 2004642 56610.457031 24033.539062 5445.573242 71.151169 -44.177414 -145.171814 12.336294 1.000000e+37 1.000000e+37 0.000000
2617673 2004684 57202.734375 23896.220703 5899.502930 12.754369 165.540466 55.782825 9.136515 1.000000e+37 1.000000e+37 0.000000
2641032 2045559 56996.394531 24251.925781 5408.526367 28.588495 26.197056 -69.370888 12.453270 -9.668437e+00 -1.023778e+01 0.000170
2666032 2092126 55679.046875 23499.082031 5007.813965 192.573395 5.506886 2.863419 10.904410 1.000000e+37 1.000000e+37 0.000000
2666049 2092156 55968.226562 24295.281250 5935.784180 170.693542 -3.753019 -54.363625 12.589957 1.000000e+37 1.000000e+37 0.000000
2690484 2141301 57241.648438 23777.757812 5755.352051 35.004086 -4.408915 -64.685982 11.360307 1.000000e+37 1.000000e+37 0.000000
2714312 2192331 57259.644531 23994.039062 5797.308105 -14.814876 147.959534 52.966145 8.119106 1.000000e+37 1.000000e+37 0.000000
2714314 2192334 56246.554688 23005.796875 5206.750488 20.910582 114.887627 60.344257 10.060799 1.000000e+37 1.000000e+37 0.000000
2715510 2194688 56383.636719 24960.343750 4125.319824 36.184254 47.849632 -4.753471 11.739494 1.000000e+37 1.000000e+37 0.000000
2715548 2194749 56112.601562 23719.984375 4830.224609 137.565796 110.694771 6.402909 10.197446 1.000000e+37 1.000000e+37 0.000000
2740376 2250181 56944.773438 24277.101562 4750.753906 7.808938 143.705780 108.695908 11.268629 1.000000e+37 1.000000e+37 0.000000
2740377 2250183 56238.652344 24155.185547 4960.051270 170.503143 149.707520 36.020618 13.297479 1.000000e+37 1.000000e+37 0.000000
2794502 2377678 57400.808594 23909.095703 6351.943848 84.198074 34.969959 31.182068 9.443990 1.000000e+37 1.000000e+37 0.000000
2794549 2377771 56494.898438 25070.476562 4405.421387 25.859232 85.195274 30.722134 9.416945 1.000000e+37 1.000000e+37 0.000000
2795885 2380669 56696.781250 24472.939453 4938.600098 261.709930 45.198830 103.263039 10.519592 1.000000e+37 1.000000e+37 0.000000
2795886 2380670 56726.191406 24191.861328 5664.256836 130.770813 131.452530 -127.855820 14.965698 1.000000e+37 1.000000e+37 0.000000
2795928 2380741 56578.125000 25158.923828 4701.155762 137.947601 -18.405968 -35.566151 12.593525 1.000000e+37 1.000000e+37 0.000000
2822684 2447225 57014.476562 24158.804688 5333.610352 -16.602694 53.443150 -159.489792 13.164105 1.000000e+37 1.000000e+37 0.000000
2824084 2450243 55750.539062 24083.433594 4368.595215 59.365723 123.161842 74.166832 8.918144 1.000000e+37 1.000000e+37 0.000000
2881788 2596094 56804.847656 24627.296875 4937.501953 -8.480041 -9.327220 70.017143 10.225417 1.000000e+37 1.000000e+37 0.000000
2881843 2596202 56478.984375 24407.789062 5391.359375 27.287790 -26.690193 38.349224 11.200543 1.000000e+37 1.000000e+37 0.000000
2881844 2596203 56917.441406 24361.619141 6022.693359 -27.311474 12.891984 -6.869501 12.197793 1.000000e+37 1.000000e+37 0.000000
2883290 2599526 56238.453125 23636.880859 4846.429688 33.694317 139.698334 83.819870 9.058141 1.000000e+37 1.000000e+37 0.000000
2883335 2599617 56267.863281 23721.441406 4817.829590 151.851532 92.701263 -2.734941 11.078097 1.000000e+37 1.000000e+37 0.000000
2912969 2675794 56635.863281 23995.574219 5591.413574 -28.927601 41.188286 -127.860863 13.634291 1.000000e+37 1.000000e+37 0.000000
2912974 2675805 56872.789062 24431.271484 5556.709473 -73.625397 -69.970253 20.025721 9.991364 1.000000e+37 1.000000e+37 0.000000
2914511 2679371 55917.144531 23364.371094 5797.021973 61.381477 102.677238 5.737528 11.371435 1.000000e+37 1.000000e+37 0.000000
2914512 2679372 55951.855469 24000.779297 4939.017090 156.122757 86.719963 -6.836636 11.889193 1.000000e+37 1.000000e+37 0.000000
2914553 2679455 56453.746094 24257.859375 6617.830078 141.540024 16.141346 -51.917850 10.992945 1.000000e+37 1.000000e+37 0.000000
2914561 2679463 57166.058594 23731.781250 5904.630371 41.375332 16.192179 -58.902718 12.117782 1.000000e+37 1.000000e+37 0.000000
2945210 2759176 57386.750000 23969.138672 5980.440430 4.571597 131.292511 62.725349 11.844184 1.000000e+37 1.000000e+37 0.000000
2946771 2762754 56016.710938 23933.023438 4942.669922 177.999100 95.063461 14.700574 9.647769 1.000000e+37 1.000000e+37 0.000000
2978261 2846219 57116.304688 24079.953125 5882.580078 -2.663327 168.471695 33.678383 10.027223 1.000000e+37 1.000000e+37 0.000000
2979820 2849943 56405.457031 24663.765625 4653.318848 151.744781 25.111017 65.123878 10.632630 1.000000e+37 1.000000e+37 0.000000
3012591 2937379 57049.785156 24735.736328 4860.261230 3.371844 23.731464 40.332584 11.664521 1.000000e+37 1.000000e+37 0.000000
3012646 2937519 56488.910156 25028.144531 4214.064453 26.058306 94.797188 22.738039 6.315159 1.000000e+37 1.000000e+37 0.000000
3012647 2937520 56962.082031 24377.513672 4211.749023 22.340300 154.812088 78.605980 11.602658 1.000000e+37 1.000000e+37 0.000000
3014290 2941421 56885.363281 24108.406250 5832.126953 27.386106 116.769699 34.285976 9.321489 1.000000e+37 1.000000e+37 0.000000
3014345 2941525 56797.195312 23928.541016 5593.446777 21.714315 53.470982 66.408928 10.486271 1.000000e+37 1.000000e+37 0.000000
3014346 2941526 56826.468750 24798.634766 5170.469727 125.217148 -84.000923 -63.890884 10.095064 1.000000e+37 1.000000e+37 0.000000
3048249 3032878 56893.808594 23988.007812 5715.372559 27.720461 93.709480 -33.372730 13.464857 1.000000e+37 1.000000e+37 0.000000
3048324 3033041 56635.472656 24569.380859 5422.711426 68.257339 -3.817661 -149.363693 13.875061 1.000000e+37 1.000000e+37 0.000000
3084852 3133061 56592.402344 24117.433594 5382.104980 37.603729 69.923981 -193.397263 8.703221 1.000000e+37 1.000000e+37 0.000000
3086657 3137602 56942.558594 23811.210938 5665.939453 49.405506 58.877998 2.322923 13.024416 1.000000e+37 1.000000e+37 0.000000
3124810 3243219 56705.996094 24265.373047 5778.496582 207.165024 -9.212687 -142.820648 10.267112 1.000000e+37 1.000000e+37 0.000000
3124811 3243220 55639.097656 23487.425781 5149.979004 130.882172 43.123672 13.101642 10.292180 1.000000e+37 1.000000e+37 0.000000
3202343 3464755 57284.710938 24812.748047 4734.642090 -0.377132 103.531242 67.752335 12.206336 1.000000e+37 1.000000e+37 0.000000
3204313 3469831 56223.332031 24678.509766 4039.750244 105.995354 75.892563 26.027081 7.238264 1.000000e+37 1.000000e+37 0.000000
3204314 3469832 56738.085938 24475.328125 5243.353027 65.885780 -51.695526 -176.239182 9.038132 1.000000e+37 1.000000e+37 0.000000
3204317 3469839 56841.207031 24090.847656 5221.624512 85.489159 35.788692 -5.172634 11.160982 1.000000e+37 1.000000e+37 0.000000
3204388 3469988 56775.988281 23908.738281 5386.498047 -15.603564 121.111641 -96.396141 9.760105 1.000000e+37 1.000000e+37 0.000000
3244584 3587753 56616.855469 24532.585938 5153.496094 -0.117549 -43.859058 99.862335 12.636065 1.000000e+37 1.000000e+37 0.000000
3244585 3587754 56963.507812 24137.716797 5381.358887 -51.303692 193.776352 126.741638 9.283165 1.000000e+37 1.000000e+37 0.000000
3246639 3593024 56347.933594 24443.113281 5124.342773 174.309692 41.225056 137.652664 10.278233 1.000000e+37 1.000000e+37 0.000000
3288339 3717046 56879.859375 23975.398438 5794.050293 28.037712 65.502357 -142.128235 13.435764 1.000000e+37 1.000000e+37 0.000000
3290524 3722728 56152.871094 24300.859375 5086.741211 160.647491 -15.303173 81.300163 11.562013 1.000000e+37 1.000000e+37 0.000000
3290525 3722730 55960.109375 23883.031250 4360.771484 166.371552 60.059208 37.485771 10.279450 1.000000e+37 1.000000e+37 0.000000
3290589 3722877 56591.277344 25110.437500 5153.961426 121.011383 -41.883289 -53.386433 11.224837 1.000000e+37 1.000000e+37 0.000000
3333961 3853614 56706.863281 24097.064453 5585.830078 78.999557 85.651993 -209.325241 10.380755 1.000000e+37 1.000000e+37 0.000000
3336246 3859791 56476.453125 24452.177734 4753.372559 66.171455 97.794472 73.178238 10.514791 1.000000e+37 1.000000e+37 0.000000
3336249 3859794 56645.386719 24208.259766 5620.258789 174.002350 49.085934 9.081599 10.863638 1.000000e+37 1.000000e+37 0.000000
3381318 3998660 57392.011719 24015.943359 6340.182129 43.013432 115.223824 30.875919 9.395159 1.000000e+37 1.000000e+37 0.000000
3381391 3998867 56747.558594 24646.783203 5148.066406 -53.661171 21.636213 112.999809 10.099613 1.000000e+37 1.000000e+37 0.000000
3383632 4004994 56454.171875 24415.429688 4949.866211 161.393158 -3.750552 164.701538 13.761378 1.000000e+37 1.000000e+37 0.000000
3383640 4005007 56814.078125 23985.509766 5352.898926 43.780594 -5.725218 102.629929 10.875482 1.000000e+37 1.000000e+37 0.000000
3383641 4005008 55944.707031 24848.203125 4487.769043 63.202244 55.712566 34.275829 9.623226 1.000000e+37 1.000000e+37 0.000000
3383644 4005011 55843.597656 24025.277344 4479.405762 138.725479 76.747604 64.840439 9.189618 1.000000e+37 1.000000e+37 0.000000
3383712 4005195 56707.226562 25235.705078 5201.503418 129.737366 -28.152899 -65.647934 9.821054 1.000000e+37 1.000000e+37 0.000000
3430591 4152151 57090.601562 24898.005859 4743.720703 9.081003 100.114708 72.323471 7.820967 1.000000e+37 1.000000e+37 0.000000
3430595 4152165 56308.921875 23123.109375 5221.094727 21.785690 123.320091 61.462524 7.976468 1.000000e+37 1.000000e+37 0.000000
3433025 4158739 56650.171875 24557.919922 4933.376953 114.833786 114.266937 149.005280 12.720579 1.000000e+37 1.000000e+37 0.000000
3481951 4315310 57186.742188 24108.343750 5748.589844 -8.499139 12.243359 -70.409218 10.288563 1.000000e+37 1.000000e+37 0.000000
3484404 4322228 56667.304688 24048.376953 5504.186035 155.519470 237.178482 -44.416595 9.113420 1.000000e+37 1.000000e+37 0.000000
3534903 4488268 57412.816406 24871.632812 4917.642578 22.488029 40.489914 29.588177 8.002646 1.000000e+37 1.000000e+37 0.000000
3537642 4495913 56912.343750 24265.494141 5089.332520 -3.665705 -5.666912 6.142364 10.940581 1.000000e+37 1.000000e+37 0.000000
3537643 4495914 55831.769531 23943.492188 4885.690918 164.096573 82.923546 2.759489 10.069858 1.000000e+37 1.000000e+37 0.000000
3537716 4496114 56249.957031 23877.898438 4899.761719 161.530899 125.838623 -4.087199 8.588614 1.000000e+37 1.000000e+37 0.000000
3537728 4496134 56498.574219 24288.529297 6358.686523 153.897156 -19.745749 -66.960732 9.928711 1.000000e+37 1.000000e+37 0.000000
3590361 4672667 57318.562500 25015.482422 4832.342773 22.320009 43.462967 24.842907 8.910674 1.000000e+37 1.000000e+37 0.000000
3593102 4680450 56333.000000 24376.949219 5269.971680 99.591476 -70.849075 19.535442 5.462947 1.000000e+37 1.000000e+37 0.000000
3593104 4680453 56486.652344 24974.320312 4456.172363 74.798340 -21.515949 -32.251217 7.547818 1.000000e+37 1.000000e+37 0.000000
3593188 4680665 55998.406250 24505.791016 5798.989746 176.613632 -12.253823 -57.392769 8.629760 1.000000e+37 1.000000e+37 0.000000
3593189 4680673 55676.210938 24043.376953 5625.027344 173.906448 7.758025 -41.079460 7.698664 1.000000e+37 1.000000e+37 0.000000
3648626 4869932 56807.148438 24785.798828 4617.756348 4.146764 70.601349 59.143539 8.586490 1.000000e+37 1.000000e+37 0.000000
3651469 4878404 56661.847656 23625.876953 6162.376953 67.230682 141.067261 30.316174 8.996695 1.000000e+37 1.000000e+37 0.000000
3712227 5089186 56733.914062 24214.875000 5802.351074 59.539001 52.973671 -123.112137 10.298343 1.000000e+37 1.000000e+37 0.000000
3712312 5089408 56865.175781 24473.775391 5467.064453 104.190117 21.744089 74.793098 11.454843 1.000000e+37 1.000000e+37 0.000000
3712313 5089409 57281.765625 24082.111328 6551.789062 81.219193 128.479034 5.687253 11.774389 1.000000e+37 1.000000e+37 0.000000
3712314 5089410 56847.687500 24295.123047 5723.074219 -1.801630 56.887688 -151.529099 11.843162 1.000000e+37 1.000000e+37 0.000000
3772658 5304915 56927.230469 23804.093750 6173.632324 36.311996 19.433744 -38.739353 10.235161 1.000000e+37 1.000000e+37 0.000000
3772757 5305255 57094.730469 24518.587891 4545.081543 15.984630 135.898575 85.127266 10.130511 1.000000e+37 1.000000e+37 0.000000
3772758 5305256 57212.847656 23995.710938 5863.717773 -2.630713 159.362732 48.231998 5.449846 1.000000e+37 1.000000e+37 0.000000
3772759 5305257 57466.714844 24141.689453 5365.581543 -6.244465 128.653793 74.923103 7.944090 1.000000e+37 1.000000e+37 0.000000
3775864 5314845 56417.687500 24432.599609 5187.209961 236.469193 13.406651 108.673164 12.236247 1.000000e+37 1.000000e+37 0.000000
3775866 5314849 56479.761719 24144.890625 4891.556641 166.902924 21.423460 -26.835726 6.624976 1.000000e+37 1.000000e+37 0.000000
3775870 5314860 56771.468750 24753.529297 5668.872559 73.960579 81.970436 -108.507378 10.245329 1.000000e+37 1.000000e+37 0.000000
3775950 5315098 56996.328125 24167.677734 5832.713867 145.902100 14.944982 -156.312027 10.366573 1.000000e+37 1.000000e+37 0.000000
3775958 5315110 56257.472656 24305.699219 4728.627930 174.336060 132.045425 21.088451 10.272083 1.000000e+37 1.000000e+37 0.000000
3775959 5315112 56385.414062 24279.410156 4789.146973 165.219208 173.457916 22.982769 9.476476 1.000000e+37 1.000000e+37 0.000000
3775966 5315127 56369.628906 24474.675781 5610.777344 205.045181 -32.974651 -84.663223 8.394781 1.000000e+37 1.000000e+37 0.000000
3839393 5547595 57143.335938 24444.302734 4872.214844 -0.723348 129.182861 103.387566 7.969914 1.000000e+37 1.000000e+37 0.000000
3842608 5557866 56156.597656 23409.654297 4888.470703 27.106016 129.784439 82.706940 9.941693 1.000000e+37 1.000000e+37 0.000000
3842612 5557872 56043.250000 24979.931641 4661.451660 139.297546 53.812363 23.971497 11.434642 1.000000e+37 1.000000e+37 0.000000
3842614 5557874 55601.753906 23821.771484 4637.957520 139.199417 43.620247 52.180798 10.070841 1.000000e+37 1.000000e+37 0.000000
3842617 5557879 56086.812500 23934.738281 4716.108398 143.594467 91.555557 64.183388 11.588415 1.000000e+37 1.000000e+37 0.000000
3912440 5818130 56630.703125 24711.701172 4421.467773 129.679123 75.723358 66.596405 11.018950 1.000000e+37 1.000000e+37 0.000000
3912449 5818153 56892.808594 24558.447266 5171.935059 113.692345 -114.264198 -48.137554 10.427945 1.000000e+37 1.000000e+37 0.000000
3912452 5818158 55660.046875 23760.867188 4952.715820 97.720291 91.152512 -20.243202 7.643035 1.000000e+37 1.000000e+37 0.000000
3912548 5818456 57655.464844 23990.386719 6169.478027 157.024139 40.357365 -28.675179 11.721024 1.000000e+37 1.000000e+37 0.000000
3912570 5818496 55986.519531 24042.156250 4691.051758 204.877640 29.377581 -5.980220 9.013164 1.000000e+37 1.000000e+37 0.000000
3912574 5818502 56456.199219 24180.234375 6448.257324 147.860245 0.927251 -64.391495 6.878449 1.000000e+37 1.000000e+37 0.000000
3982507 6087080 56906.679688 24477.851562 5576.811035 -53.311806 -59.624836 19.379465 9.122238 1.000000e+37 1.000000e+37 0.000000
3982604 6087461 56673.171875 24310.927734 5860.305664 -39.558342 -7.370522 -60.818611 9.938786 1.000000e+37 1.000000e+37 0.000000
3986145 6099295 55851.800781 23363.117188 4832.212402 25.896025 110.547279 87.598831 12.343905 1.000000e+37 1.000000e+37 0.000000
3986245 6099598 57054.960938 24145.656250 5528.386230 66.929054 27.113842 -196.758087 6.510909 1.000000e+37 1.000000e+37 0.000000
3986252 6099617 56853.937500 24461.599609 5503.262207 44.062973 43.349865 -63.148529 8.987731 1.000000e+37 1.000000e+37 0.000000
3986253 6099619 57232.453125 24620.439453 5978.339355 81.557442 102.526817 -52.361801 10.094234 1.000000e+37 1.000000e+37 0.000000
3986269 6099637 56348.992188 25030.009766 4306.871582 68.478218 -5.465372 -37.443321 8.400041 1.000000e+37 1.000000e+37 0.000000
3986270 6099638 57538.359375 24164.673828 6170.745117 67.514053 -65.828400 -6.856262 7.096547 1.000000e+37 1.000000e+37 0.000000
4060034 6390064 57258.488281 24413.687500 4939.126953 -11.157212 123.957420 86.188034 10.362932 1.000000e+37 1.000000e+37 0.000000
4060044 6390105 57217.890625 23727.447266 5811.364746 44.720509 -3.133148 -67.465042 8.494589 1.000000e+37 1.000000e+37 0.000000
4063803 6403000 56854.058594 24301.107422 5759.474609 51.820511 69.889862 -107.711014 9.679635 1.000000e+37 1.000000e+37 0.000000
4063804 6403002 56570.808594 24677.109375 5091.202637 109.211670 -7.332621 85.293793 9.357166 1.000000e+37 1.000000e+37 0.000000
4063916 6403360 57400.230469 24537.679688 6222.246582 91.681984 80.481331 -17.370802 12.555452 1.000000e+37 1.000000e+37 0.000000
4063929 6403379 57623.597656 23890.619141 6214.041504 90.081413 -56.848358 -9.607926 7.314742 1.000000e+37 1.000000e+37 0.000000
4063931 6403382 56443.496094 24494.849609 4398.108887 116.133209 -26.177643 5.094295 9.393176 1.000000e+37 1.000000e+37 0.000000
4063933 6403393 56173.050781 23506.027344 5019.403320 179.808258 44.224148 14.167192 11.737111 1.000000e+37 1.000000e+37 0.000000
4140829 6718629 56722.570312 24618.875000 5831.238281 53.814152 113.685341 -89.738403 7.455127 1.000000e+37 1.000000e+37 0.000000
4140830 6718630 57332.531250 24744.562500 4619.790039 -0.885565 101.038109 50.472279 11.944466 1.000000e+37 1.000000e+37 0.000000
4144801 6732633 56266.683594 23145.617188 5297.976074 30.557856 120.417007 54.295658 9.162946 1.000000e+37 1.000000e+37 0.000000
4144803 6732635 56514.164062 24124.982422 5297.423340 265.925751 49.345135 47.946293 5.483879 1.000000e+37 1.000000e+37 0.000000
4144910 6733026 56313.789062 23631.984375 5563.388672 103.892807 131.216125 -24.636671 9.153081 1.000000e+37 1.000000e+37 0.000000
4144924 6733046 56513.738281 24106.531250 5231.102539 134.494934 111.941788 153.176483 11.187367 1.000000e+37 1.000000e+37 0.000000
4225050 7076084 56538.062500 24303.294922 5689.692871 139.891174 -29.971565 22.279186 9.927289 1.000000e+37 1.000000e+37 0.000000
4225057 7076109 55965.082031 23260.595703 4795.057129 9.057417 133.137192 98.285301 7.931854 1.000000e+37 1.000000e+37 0.000000
4225058 7076110 56308.972656 23516.277344 4934.024902 2.372502 145.839951 86.003372 10.032701 1.000000e+37 1.000000e+37 0.000000
4229213 7091409 56391.234375 24866.728516 4265.548828 137.109055 -13.134547 -39.029747 9.113938 1.000000e+37 1.000000e+37 0.000000
4312841 7465783 57207.824219 23845.027344 6418.556641 102.874870 153.521576 16.101585 9.804129 1.000000e+37 1.000000e+37 0.000000
4312842 7465784 57053.589844 24372.771484 6109.966797 -13.833845 19.679346 12.156462 7.359888 1.000000e+37 1.000000e+37 0.000000
4312848 7465825 57478.128906 23528.425781 4693.615723 31.291765 148.838699 83.622879 9.116573 1.000000e+37 1.000000e+37 0.000000
4312849 7465826 57147.562500 23925.490234 5828.373047 5.897384 174.774338 55.584206 7.946446 1.000000e+37 1.000000e+37 0.000000
4312860 7465842 56958.113281 24172.283203 6347.634277 45.841034 21.029600 -23.488331 9.595628 1.000000e+37 1.000000e+37 0.000000
4317236 7482558 56433.921875 24632.447266 4067.227051 177.339508 78.962051 14.651306 8.240434 1.000000e+37 1.000000e+37 0.000000
4317238 7482565 56422.230469 24427.779297 4407.495117 128.809387 56.771751 71.760704 7.866826 1.000000e+37 1.000000e+37 0.000000
4317247 7482597 56692.093750 23976.230469 5605.069824 -6.756771 64.435036 62.989685 6.157565 1.000000e+37 1.000000e+37 0.000000
4317387 7483059 56357.781250 24274.517578 6273.608887 166.053253 4.900340 -58.986641 9.320815 1.000000e+37 1.000000e+37 0.000000
4317388 7483060 56434.648438 24229.998047 6292.124023 168.552689 9.394234 -59.721813 7.772564 1.000000e+37 1.000000e+37 0.000000
