#subID	 x	 y	 z	 vx	 yv	 yz	 vmax	 B_MAG
#subID	 kpc/h	 kpc/h	 kpc/h	 km/s	 km/s	 km/s	 km/s	 mags
350671 73971.648438 26531.968750 9787.681641 280.081024 271.066742 436.549286 235.117157 -2.102737e+01
350672 74251.968750 26753.585938 9323.161133 156.899277 222.567566 491.726562 207.440659 -2.073121e+01
350673 73909.437500 26359.697266 10102.974609 240.221436 288.662415 302.719788 109.280106 -1.943255e+01
350674 74184.601562 26690.353516 9450.998047 123.096397 263.358398 296.080627 111.077660 -1.909837e+01
350675 73947.695312 26336.083984 10041.103516 271.060608 370.174744 363.527100 77.149498 -1.786490e+01
350676 73890.023438 26454.226562 10100.552734 185.415833 258.020020 342.435608 47.035126 -1.483440e+01
350677 74167.554688 26425.460938 9791.507812 267.817932 239.494034 398.366913 48.920341 -1.457015e+01
350678 73778.156250 26653.414062 9816.778320 304.191681 183.695999 512.910889 43.304379 -1.347059e+01
350679 73844.039062 26731.707031 9735.036133 261.367920 308.153839 331.316162 29.208221 -1.081863e+01
350680 74211.945312 26617.826172 9449.497070 159.942719 365.082489 436.114777 39.638546 -1.246921e+01
350681 74095.562500 26651.087891 9877.013672 289.406036 208.301895 333.510712 29.618099 -1.099591e+01
350682 73978.921875 26427.988281 9916.277344 270.725037 221.331299 217.924759 20.820755 1.000000e+37
350683 73847.507812 26571.748047 9907.109375 223.324066 303.413940 359.972107 31.896225 -1.221640e+01
350684 73900.351562 26361.017578 10127.103516 258.551483 368.451141 342.018799 29.386532 -1.232101e+01
350685 74054.109375 26581.101562 9976.595703 234.363892 184.164139 249.117172 22.348549 1.000000e+37
350686 74139.195312 26560.863281 9301.331055 188.967621 230.240341 466.855743 21.723907 -1.307713e+01
350687 73985.445312 26474.375000 10020.715820 223.955795 209.568481 240.979874 23.118065 1.000000e+37
350688 74262.476562 26685.259766 9470.900391 146.104401 394.233032 484.992615 25.190865 -1.012207e+01
350689 74083.390625 26569.986328 9445.036133 117.349701 252.057175 347.552277 23.008766 1.000000e+37
350690 74319.625000 26835.992188 9154.969727 55.790367 219.636749 606.803284 21.241192 1.000000e+37
350691 74078.015625 26584.992188 9986.579102 200.396866 419.040833 388.545288 17.880537 1.000000e+37
350692 74097.781250 26371.900391 9616.291992 261.758423 245.501205 386.192963 18.367155 1.000000e+37
350693 73949.273438 26521.191406 9797.925781 212.182434 445.025604 492.522522 16.442894 -1.404862e+01
350694 73926.718750 26693.228516 9693.117188 350.735840 372.380005 583.319275 18.588827 1.000000e+37
350695 74200.789062 26808.365234 9374.333008 94.218010 294.393555 410.484924 24.824873 -1.028735e+01
350696 73894.484375 26600.511719 9783.340820 244.838547 232.995697 232.253021 22.684092 1.000000e+37
350697 74341.085938 26860.648438 9113.560547 64.333160 204.829865 577.610596 16.243591 1.000000e+37
350698 73830.140625 26415.148438 10082.291016 316.904755 335.253784 279.246490 15.646393 1.000000e+37
350699 74160.625000 26738.759766 9389.928711 190.754745 203.856842 711.408142 16.507467 1.000000e+37
350700 74236.828125 26821.179688 9437.731445 185.358276 333.047974 413.037018 19.992109 1.000000e+37
350701 74048.960938 26587.068359 9884.335938 217.026001 484.587219 368.631989 15.707536 1.000000e+37
350702 73789.250000 26629.207031 9772.834961 343.744415 192.016815 537.017090 20.164230 1.000000e+37
350703 73908.562500 26439.058594 9953.066406 350.741455 131.488022 358.524353 17.316088 1.000000e+37
350704 73905.195312 26599.615234 9721.493164 176.564407 328.625854 267.365356 16.121206 -8.570749e+00
350705 74283.804688 26792.560547 9301.763672 352.088623 143.228683 742.922546 16.033218 1.000000e+37
350706 73842.015625 26506.505859 9710.545898 202.747665 62.304340 493.441742 16.444292 1.000000e+37
350707 74033.421875 26423.623047 9935.521484 186.507004 246.206192 386.023163 17.511351 -1.011747e+01
350708 74393.687500 26722.236328 9254.329102 42.754246 355.396393 471.082062 19.966816 1.000000e+37
350709 73959.671875 26527.384766 9597.056641 407.659088 147.992233 521.615173 17.788052 1.000000e+37
350710 73852.070312 26528.005859 9848.824219 328.895325 70.891510 339.044952 16.069210 1.000000e+37
350711 74113.273438 26460.156250 9565.925781 277.149719 226.768845 365.105530 15.754021 1.000000e+37
350712 73983.562500 26636.250000 9726.260742 419.512421 198.604065 467.366638 21.105824 1.000000e+37
350713 74278.031250 26754.490234 9305.970703 -75.653023 138.603928 249.740585 19.457464 1.000000e+37
350714 73924.859375 26710.699219 9880.202148 274.380157 245.362762 595.938660 15.506540 1.000000e+37
350715 73971.539062 26307.310547 9987.330078 324.436462 236.053375 350.851044 14.115127 1.000000e+37
350716 74064.929688 26442.570312 9876.211914 295.057892 407.543915 555.025513 15.176163 1.000000e+37
350717 74152.179688 26793.976562 9209.866211 239.488663 409.489380 521.694397 14.904971 1.000000e+37
350718 73841.757812 26712.085938 9632.635742 363.030029 152.220749 369.989166 15.813340 1.000000e+37
350719 73810.789062 26632.976562 9901.392578 301.084259 122.210876 477.326843 15.202079 1.000000e+37
350720 74194.906250 26770.244141 9352.067383 33.874802 39.464611 560.262085 16.492252 1.000000e+37
350721 74358.617188 26735.035156 9278.843750 3.878665 209.700546 368.113312 14.945768 1.000000e+37
350722 73977.625000 26497.125000 9870.364258 109.667931 529.900146 487.148499 15.040653 1.000000e+37
350723 74021.476562 26549.087891 9776.029297 473.932800 266.339752 731.940918 17.277081 1.000000e+37
350724 74067.570312 26645.466797 9809.871094 97.610046 377.587372 362.597229 11.626406 1.000000e+37
350725 74000.875000 26488.281250 9653.158203 434.260345 150.809357 531.017761 13.772266 1.000000e+37
350726 74257.531250 26642.925781 9392.161133 231.299667 67.686974 525.791321 14.482518 1.000000e+37
350727 74043.820312 26662.371094 9699.559570 474.338135 289.421906 467.205444 12.141740 1.000000e+37
350728 74100.101562 26550.740234 9911.117188 179.531876 449.545410 366.754028 11.504771 1.000000e+37
350729 74019.328125 26508.587891 9562.438477 360.518158 179.009888 507.549164 11.262991 1.000000e+37
350730 74203.398438 26799.457031 9327.429688 -81.575607 219.478043 461.491516 16.252958 1.000000e+37
350731 73855.234375 26609.283203 9541.635742 258.646637 315.335510 384.906281 13.249270 1.000000e+37
350732 74327.171875 26830.224609 9270.247070 153.088715 354.588318 326.878723 15.031336 1.000000e+37
350733 74206.984375 26623.656250 9538.290039 219.891418 72.538742 461.903748 13.253534 1.000000e+37
350734 74151.562500 26822.291016 9351.220703 11.533243 183.705276 546.680908 14.127394 1.000000e+37
350735 74122.476562 26518.183594 9896.511719 445.217194 197.640076 424.102875 13.780993 1.000000e+37
350736 73810.632812 26511.654297 9855.955078 227.033539 266.673767 332.081665 15.418733 1.000000e+37
350737 73897.835938 26394.300781 10080.336914 365.712006 359.530365 321.485931 13.891712 1.000000e+37
350738 74147.273438 26427.789062 9530.164062 269.051758 252.929550 379.516357 13.912592 1.000000e+37
350739 74141.656250 26838.443359 9405.102539 74.210281 170.040024 489.214874 15.533822 1.000000e+37
350740 73943.359375 26438.955078 9655.463867 323.968842 246.070786 568.466064 16.647671 1.000000e+37
350741 73879.570312 26335.335938 10104.722656 310.442444 196.852463 451.243256 14.113738 1.000000e+37
350742 74263.781250 26731.884766 9260.314453 4.995373 74.102676 355.883972 13.440255 1.000000e+37
350743 73954.406250 26450.531250 9807.080078 366.806549 331.355774 153.647751 11.898623 1.000000e+37
350744 73852.984375 26513.384766 9877.511719 136.731400 410.026367 507.886688 11.045649 1.000000e+37
350745 73922.578125 26601.037109 9837.371094 262.349365 296.200836 261.618927 14.139043 1.000000e+37
350746 73936.804688 26267.894531 10039.028320 209.555054 286.289642 216.553848 9.965780 1.000000e+37
350747 74212.937500 26654.929688 9396.626953 104.457245 260.357330 194.449463 10.246687 1.000000e+37
350748 73934.554688 26501.031250 9900.427734 396.588257 437.169281 338.467865 12.132401 1.000000e+37
350749 74019.445312 26364.527344 9980.269531 268.206879 269.668213 304.975555 12.916816 1.000000e+37
350750 74110.820312 26471.437500 9635.109375 218.979156 228.693802 443.111511 14.842098 1.000000e+37
350751 74009.523438 26561.623047 9533.742188 91.776917 231.636017 406.681702 10.872512 1.000000e+37
350752 74205.343750 26711.570312 9337.956055 -39.595741 58.525768 441.444946 12.746904 1.000000e+37
350753 74006.601562 26535.058594 9803.611328 559.302917 173.311295 182.294037 11.741731 1.000000e+37
350754 73944.195312 26424.552734 9651.130859 395.780029 150.512451 502.537964 11.110898 1.000000e+37
350755 74207.601562 26695.312500 9427.136719 16.673073 240.462112 207.112900 14.825408 1.000000e+37
350756 74330.601562 26726.265625 9437.791992 326.792480 164.388489 450.446899 8.854316 1.000000e+37
350757 73996.703125 26563.712891 9743.548828 241.930878 24.757498 640.398621 13.340881 1.000000e+37
350758 73847.320312 26766.548828 9815.486328 259.463043 255.717392 305.441315 8.402992 1.000000e+37
350759 73872.992188 26629.105469 9863.431641 412.075684 138.898285 455.735779 9.787136 1.000000e+37
350760 74123.335938 26512.679688 9679.580078 282.043152 266.268250 605.389465 11.052085 1.000000e+37
350761 73946.179688 26258.078125 10109.005859 159.300430 369.311279 361.291870 10.924312 1.000000e+37
350762 74394.203125 26729.988281 9305.443359 103.582939 308.146973 496.667236 13.673738 1.000000e+37
350763 73926.000000 26616.781250 9727.131836 96.678604 182.876907 450.300171 13.196715 1.000000e+37
350764 73855.328125 26542.658203 9857.279297 333.392700 57.822750 350.410583 12.091370 1.000000e+37
350765 74007.046875 26443.255859 10026.624023 222.479340 214.550446 245.683990 7.778604 1.000000e+37
350766 73906.585938 26458.617188 9774.303711 302.506714 411.958557 265.908783 11.835842 1.000000e+37
350767 74073.968750 26599.609375 9912.655273 239.485306 100.005676 416.223419 9.482264 1.000000e+37
350768 73981.296875 26445.148438 10082.777344 202.153015 419.004913 487.569733 9.531372 1.000000e+37
350769 73956.312500 26336.117188 9757.762695 359.287933 116.077011 380.872528 8.884181 1.000000e+37
350770 74020.914062 26415.779297 9789.436523 182.750336 459.225769 614.222717 8.863369 1.000000e+37
350771 74069.757812 26604.972656 9889.781250 267.787872 71.587524 425.110474 9.408268 1.000000e+37
350772 73923.171875 26618.957031 9645.666992 418.920776 150.653061 528.594543 9.801527 1.000000e+37
350773 74142.164062 26627.662109 9409.471680 85.050903 337.302246 349.302460 11.189142 1.000000e+37
350774 74286.781250 26633.539062 9261.250977 278.654724 166.527939 460.345154 7.808535 -8.761641e+00
350775 73986.382812 26548.031250 9547.793945 128.150162 382.808563 509.685364 8.614593 1.000000e+37
350776 74188.898438 26604.833984 9766.593750 330.541901 212.958313 493.285889 5.849814 1.000000e+37
350777 74177.843750 26782.126953 9235.316406 375.311249 215.659515 472.118805 10.991875 1.000000e+37
350778 73864.328125 26561.708984 9680.785156 172.402313 415.178589 602.942688 8.622219 1.000000e+37
350779 73831.328125 26704.976562 9602.861328 370.686462 199.453720 385.088684 9.632388 1.000000e+37
350780 74382.257812 26813.828125 9237.013672 -3.475774 251.133896 456.208221 10.717611 1.000000e+37
469178 14.120630 26922.283203 11132.820312 178.468521 259.165558 474.147247 145.491425 -2.073162e+01
469179 74.764481 26955.677734 11061.579102 133.567413 246.834946 421.671814 16.110317 -1.202815e+01
469180 55.670429 26944.804688 11067.861328 115.751213 257.276337 449.742828 18.144135 -1.429999e+01
469181 74956.140625 26864.994141 11100.071289 167.901123 284.351166 474.731537 32.023048 -1.266408e+01
469182 74934.812500 26979.533203 11127.747070 221.326706 306.040192 455.219116 30.165421 -1.276557e+01
469183 68.799400 26946.578125 11054.588867 134.961273 244.521652 416.597137 14.271558 1.000000e+37
469184 45.983067 26912.544922 11161.713867 84.725845 286.687836 402.687836 22.343359 -1.043538e+01
469185 74942.492188 27012.001953 11051.856445 155.900314 342.288757 430.427338 16.506544 1.000000e+37
469186 74984.250000 26975.330078 11019.017578 69.714439 311.600464 464.129303 17.267555 1.000000e+37
469187 74979.257812 26955.628906 11184.740234 287.703186 246.102753 456.650421 15.178283 1.000000e+37
469188 74988.648438 26856.464844 11169.268555 62.063103 248.353210 439.268219 16.107985 1.000000e+37
469189 10.183927 26955.773438 11091.998047 71.506004 247.808716 482.412872 10.411926 1.000000e+37
469190 175.981964 26934.820312 11175.880859 105.078117 185.085617 468.438324 12.495656 1.000000e+37
469191 74981.164062 26897.904297 11221.586914 327.206329 247.565659 508.987640 14.979527 1.000000e+37
469192 74877.312500 26839.007812 11150.595703 300.781097 294.218933 444.556854 12.786737 1.000000e+37
469193 74977.367188 27010.892578 11076.215820 249.818146 169.880173 565.507996 10.509528 1.000000e+37
469194 74967.250000 26914.679688 11229.675781 230.595535 342.864014 391.175049 10.843161 1.000000e+37
469195 50.679874 26982.761719 11181.637695 302.650391 220.496979 437.084961 12.062706 1.000000e+37
469196 74995.414062 26903.044922 11079.683594 189.827774 242.823853 485.354370 11.661483 1.000000e+37
469197 74987.593750 26839.964844 11245.298828 292.176331 251.277954 516.336243 13.190195 1.000000e+37
469198 30.611677 26898.738281 11054.914062 130.849548 202.420700 611.522766 9.594588 1.000000e+37
469199 74979.359375 26938.656250 11038.871094 74.213776 257.843262 444.606171 7.635909 1.000000e+37
469200 19.316633 27070.076172 11154.326172 67.772850 296.156738 436.841034 9.174673 1.000000e+37
515643 51.689991 27029.187500 10665.480469 117.489105 241.359421 504.518860 116.500969 -2.001901e+01
515644 77.824791 27048.931641 10695.575195 126.624527 269.845917 386.293243 38.988060 -1.350163e+01
515645 58.188812 26965.373047 10695.784180 92.287018 238.914719 427.580963 42.545166 -1.148975e+01
515646 74936.585938 27003.238281 10674.484375 94.573555 291.084869 452.161316 28.950806 -1.013775e+01
515647 125.128792 26979.070312 10654.585938 134.197006 201.480606 601.394592 17.493834 1.000000e+37
515648 49.949547 27010.580078 10610.427734 173.870667 182.389587 523.222107 22.988073 -1.106525e+01
515649 29.793531 26972.939453 10677.818359 89.577492 216.107117 454.041016 21.993282 -1.003041e+01
515650 6.878859 26995.238281 10678.770508 88.345840 215.186630 592.539612 20.641867 -9.317914e+00
515651 41.996441 26980.509766 10701.140625 271.256927 286.773407 494.476410 17.282063 1.000000e+37
515652 73.379684 27137.119141 10649.566406 87.569672 153.101532 438.023895 12.703620 1.000000e+37
515653 10.058914 27064.201172 10676.367188 89.336067 289.064484 363.995361 11.919562 1.000000e+37
515654 140.612976 26911.449219 10700.515625 90.957573 212.756088 494.018677 13.417633 1.000000e+37
515655 74998.414062 27060.103516 10703.942383 150.000992 156.588089 404.903625 9.820596 1.000000e+37
553830 74800.898438 27262.462891 10057.282227 133.609039 224.543686 462.038879 103.033966 -1.858602e+01
553831 74799.976562 27198.015625 10113.750977 175.197449 233.479355 454.610291 22.847082 -8.733660e+00
553832 74770.320312 27250.800781 10095.555664 202.013535 177.819489 458.725464 20.498440 1.000000e+37
553833 74825.062500 27210.074219 10089.555664 92.735840 400.190063 457.214996 12.252429 1.000000e+37
553834 74891.710938 27220.660156 10031.695312 154.429108 146.679337 504.882568 11.898409 1.000000e+37
553835 74874.671875 27271.710938 10087.495117 129.842209 190.735718 531.109314 6.254408 1.000000e+37
553836 74857.546875 27250.679688 10093.556641 62.795097 207.096268 405.644836 8.469019 1.000000e+37
565468 655.743164 27619.031250 8530.396484 50.521950 305.541046 392.072052 23.877462 1.000000e+37
565469 642.985352 27621.822266 8517.431641 46.006420 290.801697 448.516998 19.071537 1.000000e+37
574753 355.134796 27400.343750 8113.976074 155.194305 242.168335 375.995850 19.581059 1.000000e+37
578517 74680.421875 26952.611328 8219.445312 171.205353 265.538239 443.128082 90.848618 -1.861703e+01
596202 73802.851562 27902.408203 9820.867188 378.449402 30.984224 374.958374 79.546921 -1.767506e+01
596203 73801.765625 27822.558594 9843.880859 419.193024 41.558109 423.418274 16.450569 1.000000e+37
596204 73789.289062 27894.107422 9778.539062 380.118988 -49.148083 370.570190 12.431213 1.000000e+37
626434 74126.210938 25876.009766 10873.315430 249.913528 209.614212 423.496979 69.866875 -1.657258e+01
626435 74183.789062 25894.423828 10883.458984 262.346863 256.286713 377.084564 18.190901 1.000000e+37
626436 74090.601562 25942.052734 10843.256836 191.473221 167.062683 453.530426 14.541356 1.000000e+37
626437 74104.257812 25905.277344 10793.559570 228.775787 199.974747 424.064087 18.130709 -8.800292e+00
627236 74320.281250 27183.138672 8033.623047 235.854141 272.548248 416.004700 73.342926 -1.632684e+01
627237 74276.726562 27200.474609 7958.346191 155.962296 259.919800 457.753754 42.540417 -1.187049e+01
627238 74263.812500 27167.611328 8030.041016 167.470840 302.684296 464.846771 13.358569 1.000000e+37
627239 74271.757812 27144.152344 7964.963867 110.891350 281.430389 445.892883 7.575229 1.000000e+37
627756 74959.132812 26444.878906 10827.983398 251.353622 195.205383 470.569061 67.144760 -1.664006e+01
627757 74910.117188 26481.373047 10813.864258 307.294464 214.519730 459.261475 31.466185 -8.755611e+00
627758 74887.507812 26513.914062 10821.474609 255.333359 234.123123 512.949951 21.892838 1.000000e+37
627759 74902.492188 26503.738281 10807.371094 299.874512 177.555237 453.515442 17.269096 1.000000e+37
627760 74955.406250 26478.119141 10752.227539 198.256683 276.022705 497.726318 11.683653 1.000000e+37
627761 74992.585938 26506.980469 10804.058594 88.995178 398.777130 503.726593 13.963263 1.000000e+37
627762 74975.703125 26481.224609 10764.166992 177.168121 293.442535 492.857941 11.579898 1.000000e+37
627763 74987.320312 26528.970703 10806.252930 186.912674 256.815460 478.437347 10.441052 1.000000e+37
627764 74922.273438 26466.792969 10815.738281 329.719666 203.746338 454.534058 11.534590 1.000000e+37
627765 74956.453125 26517.949219 10792.333984 166.276352 291.093201 490.913635 8.831812 1.000000e+37
634222 74544.773438 27154.572266 9692.831055 114.057579 205.417221 457.764099 75.511742 -1.654328e+01
634223 74568.406250 27085.117188 9681.871094 57.314827 227.426193 451.664673 21.345379 1.000000e+37
634224 74505.734375 27088.312500 9702.795898 67.329956 270.830109 454.679352 15.693117 1.000000e+37
641563 73451.726562 26325.439453 9694.748047 356.279633 296.271545 432.823456 73.464897 -1.700897e+01
641564 73416.125000 26364.330078 9713.008789 366.722809 283.058380 475.798065 14.347108 1.000000e+37
660671 74886.031250 27401.224609 9621.635742 91.758682 251.717468 468.664185 64.927383 -1.566959e+01
660672 74917.109375 27392.595703 9615.625000 82.608658 186.877518 508.039764 19.799248 1.000000e+37
660673 74922.335938 27393.320312 9615.919922 85.699493 160.776672 483.689453 14.450456 1.000000e+37
660674 74898.000000 27346.154297 9608.740234 144.570099 239.218643 483.980743 6.957013 1.000000e+37
664234 73743.273438 25982.218750 10514.184570 308.608612 253.295029 400.564575 62.489609 -1.574389e+01
666465 73674.156250 25852.484375 11143.577148 289.173523 204.441940 435.911346 62.238037 -1.547173e+01
666466 73707.554688 25867.080078 11106.785156 253.166656 201.609619 426.387451 10.220353 1.000000e+37
669246 74158.515625 26988.830078 7710.971680 224.833420 292.585846 405.751129 63.378754 -1.564679e+01
677039 397.313232 27425.511719 9439.329102 92.040413 294.339172 445.438904 59.585060 -1.517695e+01
680722 74775.351562 26692.451172 8131.583496 136.947754 194.710297 407.225922 52.001785 -1.398946e+01
680723 74771.515625 26633.892578 8186.244629 163.234314 195.630493 383.097168 47.778568 -1.316708e+01
680724 74778.750000 26734.240234 8122.141113 134.064896 152.753052 401.048065 9.588329 1.000000e+37
689372 73980.843750 26670.339844 11374.246094 253.509613 262.976654 463.136292 54.036575 -1.456532e+01
689373 73999.546875 26692.285156 11359.552734 214.908310 292.683228 445.370728 17.964230 1.000000e+37
694376 73811.851562 26420.523438 10534.208008 212.950119 243.965942 365.597687 54.306393 -1.486174e+01
694377 73846.945312 26428.279297 10609.065430 208.375656 231.988220 347.254333 23.205612 1.000000e+37
712344 74619.398438 26428.257812 8712.811523 141.672028 224.362091 469.492981 54.673641 -1.490931e+01
726087 74521.921875 26078.490234 11077.920898 252.303604 170.605286 459.558685 47.712685 -1.379182e+01
726088 74522.015625 26033.267578 11045.812500 270.396912 200.856201 446.658752 8.322928 1.000000e+37
740736 72753.804688 26142.585938 9839.350586 283.233673 246.805710 449.108765 49.963562 -1.348246e+01
757027 73745.140625 27890.320312 9363.329102 349.775543 58.019001 380.788147 43.753784 -1.230576e+01
757028 73748.937500 27899.294922 9339.758789 335.051331 43.598042 430.136932 14.133512 1.000000e+37
757029 73728.000000 27850.332031 9412.899414 334.314972 53.479954 398.646606 8.001344 1.000000e+37
757539 73105.210938 26277.429688 8663.302734 257.739716 279.166290 417.485504 43.599648 -1.289085e+01
758464 74134.265625 26499.423828 10211.467773 134.178177 268.183990 358.996796 45.947552 -1.331619e+01
758465 74167.437500 26483.902344 10185.169922 228.219101 358.722748 366.634613 18.816299 1.000000e+37
758466 74145.679688 26490.605469 10200.480469 154.471161 299.641449 370.279633 13.552222 1.000000e+37
762495 812.482300 27550.808594 10093.038086 158.054016 204.843048 474.925903 48.028248 -1.292363e+01
770484 73919.726562 27713.962891 8704.228516 318.065613 92.703896 370.929413 47.059742 -1.267975e+01
789422 74595.687500 26522.593750 10460.875977 176.569168 294.703583 425.569153 43.662785 -1.236496e+01
790812 73833.273438 26226.916016 10135.278320 229.500092 368.248535 318.280487 40.968922 -1.153626e+01
797200 73839.812500 27593.117188 8908.973633 323.491577 90.227913 373.775055 43.337524 -1.247988e+01
813842 74529.304688 27334.267578 7825.676270 173.514297 253.495987 426.552063 38.199169 -1.134795e+01
820908 73319.617188 25657.363281 9707.956055 298.547119 248.362747 424.575623 44.615562 -1.297908e+01
824512 73556.476562 26366.140625 9196.297852 258.059692 299.418488 508.037140 38.842758 -1.164316e+01
826747 73522.437500 25954.636719 11254.010742 322.015869 110.300461 460.823334 37.948578 -1.024957e+01
829609 72443.960938 25977.179688 9853.975586 271.392303 222.332260 428.214111 35.394070 -1.028418e+01
839879 74511.757812 26812.847656 9329.825195 131.654419 159.799698 534.536194 38.026119 -1.228961e+01
839880 74503.117188 26802.185547 9293.472656 68.164757 295.931244 509.018860 14.443780 1.000000e+37
845078 72483.992188 25985.638672 9733.025391 260.274841 235.331070 436.647461 28.725744 -8.893647e+00
852214 73366.914062 25834.384766 10686.705078 299.817596 232.537582 424.025391 35.735020 -1.067779e+01
852215 73366.648438 25825.296875 10684.637695 284.253571 250.841354 381.716492 17.770412 1.000000e+37
864170 502.975250 27603.470703 10261.395508 251.698792 147.151596 453.801178 31.803122 -1.054885e+01
865960 455.993683 27490.453125 8716.121094 121.934509 295.938354 404.381592 36.109509 -1.066175e+01
880952 73324.351562 26798.169922 9773.138672 359.446808 43.722607 388.417877 29.397968 1.000000e+37
889413 72825.859375 26776.261719 10178.568359 380.727478 16.151974 383.943817 26.227093 1.000000e+37
889414 72868.757812 26808.705078 10157.466797 372.028137 0.565208 387.320831 19.419582 1.000000e+37
890993 72805.312500 26265.187500 8287.900391 228.133087 263.214203 406.635590 25.521803 1.000000e+37
890994 72764.054688 26248.033203 8288.579102 217.417175 261.867310 388.846375 20.009426 1.000000e+37
891924 73597.148438 26319.673828 7849.988281 254.136963 188.845078 392.087738 28.652241 -8.959502e+00
897620 74545.421875 27088.958984 8154.504883 181.130692 220.372711 442.321533 34.505451 -1.039804e+01
901434 74486.906250 26983.296875 8552.827148 188.365173 216.575058 460.304108 31.457314 -1.115416e+01
903047 73991.367188 27844.812500 8358.271484 316.059601 101.644859 354.568481 31.328251 -1.033115e+01
928426 1056.628174 26090.675781 9404.969727 92.533730 368.743408 431.545898 29.249128 1.000000e+37
928659 74021.562500 26647.808594 7495.401855 210.021042 315.075043 389.491089 28.081888 1.000000e+37
933003 73305.429688 26896.681641 9467.729492 329.889221 72.886841 395.919952 26.429029 1.000000e+37
933004 73268.093750 26897.398438 9468.590820 337.907074 57.621212 407.810760 11.545932 1.000000e+37
939131 73482.625000 28101.068359 8628.605469 363.499023 56.673634 335.551971 28.826244 1.000000e+37
939132 73509.234375 28110.894531 8666.823242 376.303223 42.067814 318.279663 7.744385 1.000000e+37
939906 72842.937500 26302.359375 10093.530273 282.619293 250.138153 406.101471 29.727711 1.000000e+37
941211 347.383026 27324.630859 8382.553711 132.889252 243.213730 400.772095 25.731966 1.000000e+37
946232 74236.289062 27463.406250 11315.992188 403.731750 25.820745 461.832581 21.464684 1.000000e+37
946233 74256.804688 27459.130859 11283.345703 413.385834 21.535851 476.966492 9.848772 1.000000e+37
946234 74222.054688 27484.371094 11325.442383 419.548096 31.848263 472.221100 10.871389 1.000000e+37
948061 73391.632812 26515.271484 9380.847656 326.842163 288.575562 476.197968 30.579571 1.000000e+37
954550 74017.257812 26834.880859 9018.902344 185.851929 311.029053 506.623566 29.046921 1.000000e+37
954551 74035.726562 26804.845703 9014.059570 211.914581 205.343964 564.322021 13.002555 1.000000e+37
963150 73182.382812 26699.875000 9577.330078 351.566254 54.994667 389.696747 20.687134 1.000000e+37
963151 73186.742188 26681.978516 9563.527344 361.386810 68.616287 378.468872 15.001896 1.000000e+37
966060 72195.351562 26352.580078 9148.052734 330.128815 20.894005 350.942108 26.516996 -8.315851e+00
971748 73105.468750 26813.507812 10876.726562 392.604858 6.385790 406.880798 24.327160 1.000000e+37
984192 74145.757812 26914.587891 7583.515137 221.113083 310.351471 413.165222 24.877020 1.000000e+37
1003534 73513.132812 26188.894531 10915.442383 306.360687 261.665436 421.357513 23.107443 1.000000e+37
1017186 73487.617188 26676.289062 10530.318359 362.110107 54.951717 404.751190 23.898932 1.000000e+37
1017187 73530.921875 26665.447266 10535.099609 346.531403 44.506332 402.412231 8.826311 1.000000e+37
1020475 74829.796875 27129.945312 8292.403320 173.717316 258.620453 473.228241 25.449427 1.000000e+37
1032775 72964.695312 26535.035156 9710.733398 270.783661 339.401733 433.686371 26.203428 1.000000e+37
1034728 73692.148438 27240.443359 10172.955078 366.435516 45.295410 395.939972 21.537912 1.000000e+37
1034729 73659.023438 27237.910156 10190.324219 380.855042 39.148327 396.306458 11.358044 1.000000e+37
1049159 73986.164062 26692.193359 10669.170898 270.824432 268.152679 388.110077 24.241013 1.000000e+37
1064359 73739.187500 26482.740234 9508.844727 400.411194 295.876221 482.430084 26.880449 1.000000e+37
1067361 73722.843750 28103.660156 9313.153320 384.882111 30.288866 377.981934 15.251516 1.000000e+37
1067362 73731.343750 28094.748047 9334.194336 402.970612 28.961372 358.823883 16.436342 1.000000e+37
1067363 73736.515625 28089.955078 9389.574219 392.386475 32.840954 364.162201 9.329040 1.000000e+37
1067364 73709.023438 28107.441406 9317.924805 379.807495 53.539009 378.854431 12.231866 1.000000e+37
1067367 73096.734375 27167.041016 10185.093750 397.342957 9.845671 372.584351 21.987776 1.000000e+37
1067368 73101.195312 27175.595703 10168.854492 417.314697 -13.067616 383.439789 10.655499 1.000000e+37
1074110 74046.507812 27345.921875 11394.617188 415.988739 36.653038 473.558838 18.916958 1.000000e+37
1074111 74067.796875 27342.837891 11444.359375 418.768372 45.223511 467.557281 14.433438 1.000000e+37
1085867 125.453392 27881.800781 10304.270508 313.689789 109.041969 434.569611 22.706736 1.000000e+37
1100004 73576.921875 28422.109375 9254.866211 411.569061 26.237141 331.103577 23.229620 1.000000e+37
1100725 73226.804688 26973.343750 9494.400391 331.821106 68.473808 406.459381 19.621357 1.000000e+37
1100726 73220.507812 26968.921875 9519.653320 337.048309 83.525963 388.681915 14.080860 1.000000e+37
1110630 74190.601562 26779.687500 7461.603516 203.196182 316.241638 376.560822 20.750252 1.000000e+37
1114599 72523.609375 25769.228516 10491.879883 235.568329 178.078888 412.308502 25.039450 1.000000e+37
1140855 73051.546875 27329.402344 8320.336914 327.095245 63.578320 333.267914 20.904087 1.000000e+37
1140856 73640.695312 27547.876953 9788.465820 356.383514 59.018791 390.439392 17.172342 1.000000e+37
1140857 73630.789062 27555.595703 9781.778320 364.999115 52.471504 365.823761 11.231740 1.000000e+37
1140858 73638.195312 27570.945312 9789.143555 352.878723 52.713318 384.962280 7.868529 1.000000e+37
1149129 72956.304688 25853.175781 8004.184082 182.682419 266.765686 396.616028 20.094952 1.000000e+37
1151103 73909.453125 26775.423828 9737.246094 335.924805 193.896484 317.937958 20.324585 1.000000e+37
1157682 74202.820312 26651.394531 9682.473633 84.914162 212.126709 303.526947 23.740593 1.000000e+37
1161430 146.902237 26964.021484 10969.843750 192.460358 172.712280 523.756226 19.448233 1.000000e+37
1167507 73540.273438 27080.457031 9341.823242 328.334961 67.579597 393.997528 20.686750 1.000000e+37
1172786 72758.718750 26675.396484 9150.794922 306.887360 71.339584 377.939789 21.493818 1.000000e+37
1179295 73141.070312 27184.839844 10163.332031 386.379028 -1.373978 381.529388 22.191097 1.000000e+37
1182564 135.951035 26580.703125 10820.542969 247.112564 167.712128 501.008514 21.047880 -8.639752e+00
1190189 74278.320312 26940.056641 7855.863281 230.044907 311.720245 401.285950 24.643795 1.000000e+37
1194738 73875.460938 26712.068359 9906.653320 254.928406 177.898270 541.473694 13.327174 1.000000e+37
1203086 72717.062500 26244.125000 10558.345703 260.809082 234.068878 406.357025 19.310751 1.000000e+37
1203087 72741.695312 26257.533203 10551.761719 254.231842 237.581299 430.583252 8.866872 1.000000e+37
1203088 73803.546875 27697.156250 10298.469727 381.190979 48.321060 394.657623 22.403793 1.000000e+37
1206633 74146.601562 26129.523438 9789.598633 139.043396 316.196869 400.661224 22.058756 1.000000e+37
1218975 74571.968750 26873.091797 8152.828125 147.909744 188.474319 455.222626 20.805326 1.000000e+37
1220208 74063.578125 26380.056641 10080.399414 212.830017 278.331604 356.028656 9.995722 1.000000e+37
1220209 74057.546875 26340.595703 10089.159180 242.261322 282.763306 354.245880 6.542980 1.000000e+37
1226752 74315.500000 27124.142578 8081.587891 177.723663 254.497269 388.929932 23.999681 1.000000e+37
1239070 73697.703125 27716.316406 9631.274414 357.950500 65.120476 392.090240 16.949505 1.000000e+37
1247478 73195.617188 26003.646484 8778.689453 276.217773 279.766205 421.115417 16.098389 1.000000e+37
1247479 73191.093750 26019.748047 8781.498047 277.486816 274.468048 426.104401 13.852038 1.000000e+37
1248926 73330.429688 26175.755859 8796.864258 222.279770 284.289581 460.625824 21.214643 1.000000e+37
1251816 74008.273438 26411.173828 9543.772461 208.929932 311.717224 489.049561 27.116808 -1.062064e+01
1253203 40.159309 27095.679688 9236.971680 88.982239 248.169662 460.159637 19.403263 1.000000e+37
1257627 74195.507812 27353.748047 11406.934570 405.568085 34.261734 465.702423 21.026678 1.000000e+37
1260628 72566.617188 26249.931641 10529.872070 257.882294 224.939178 434.947723 20.257286 1.000000e+37
1260629 73435.351562 25920.945312 8958.951172 256.928619 256.638214 458.217529 19.947329 1.000000e+37
1260630 74162.445312 25752.695312 10951.494141 293.370209 236.231232 438.603241 20.364231 1.000000e+37
1271331 74832.421875 27038.675781 8321.884766 109.612892 208.421982 405.386047 18.478083 1.000000e+37
1271332 74936.593750 27507.203125 7868.471680 132.574890 280.367981 396.549042 20.210945 1.000000e+37
1282505 73928.804688 26471.931641 11538.592773 277.620270 302.589142 478.386383 19.813887 1.000000e+37
1284111 74500.843750 27128.876953 8165.762207 193.163864 219.346146 437.739227 22.315933 1.000000e+37
1284112 74732.109375 27303.867188 9651.607422 109.381912 221.911285 494.697937 22.344067 1.000000e+37
1327327 74523.273438 26939.005859 9717.729492 81.392021 257.871063 410.021790 20.946106 1.000000e+37
1329264 73489.867188 27055.867188 9823.530273 357.667999 36.982616 390.219940 17.967312 1.000000e+37
1335148 72612.726562 26238.132812 10563.646484 253.849884 229.904816 417.634888 16.974174 1.000000e+37
1335149 72621.375000 26236.818359 10580.362305 264.678802 236.090256 415.929596 8.137407 1.000000e+37
1351517 74515.351562 27258.830078 7992.773926 176.166702 253.249863 440.351196 17.504076 1.000000e+37
1351518 74482.703125 27260.408203 7990.028320 185.429031 250.998596 449.483032 13.839684 1.000000e+37
1355742 527.628784 27505.189453 9497.541016 94.226456 266.876678 450.621918 20.344637 1.000000e+37
1357813 349.510590 27240.812500 8518.657227 129.606430 253.162781 405.152435 20.841406 1.000000e+37
1364359 73995.921875 26331.265625 10684.559570 293.272064 276.235229 371.284515 15.119698 1.000000e+37
1364360 73970.687500 26340.292969 10672.233398 302.305756 277.605011 374.963043 10.916903 1.000000e+37
1366436 73630.734375 26220.697266 11298.286133 298.159821 300.109955 442.501434 17.857719 1.000000e+37
1368640 74546.765625 27711.181641 10750.855469 347.716705 75.770348 451.454681 18.208992 1.000000e+37
1380006 73454.343750 26800.486328 9926.934570 346.345306 61.331673 393.790558 18.052742 1.000000e+37
1389193 597.115112 27885.330078 8746.446289 197.997543 202.392593 402.320312 13.649756 1.000000e+37
1391576 639.663940 27449.164062 9309.244141 86.642685 310.960876 436.635254 19.287008 1.000000e+37
1393940 73741.507812 27404.076172 10263.293945 373.257965 44.620430 397.736664 12.192974 1.000000e+37
1393941 73756.148438 27407.287109 10277.655273 364.791260 38.917904 392.103882 13.224098 1.000000e+37
1401151 74720.117188 26868.511719 11303.720703 209.059113 247.426041 438.833221 21.062300 1.000000e+37
1403678 73589.781250 26222.574219 11105.179688 270.012573 284.839783 416.458862 18.683735 1.000000e+37
1403679 74795.585938 27256.355469 8708.288086 263.715790 117.038033 404.826874 18.108444 1.000000e+37
1413703 74173.539062 26144.017578 11217.885742 277.168976 214.374298 436.167786 17.422043 1.000000e+37
1418914 74291.890625 26575.185547 9604.564453 51.623428 154.772018 401.113770 22.477203 1.000000e+37
1424166 73992.992188 26302.443359 10830.787109 191.577332 265.601471 400.553650 20.260662 1.000000e+37
1426844 72531.015625 26212.535156 10560.691406 264.519623 214.575974 425.402740 19.928356 1.000000e+37
1432206 73811.773438 28136.521484 8340.707031 339.464935 80.095047 332.565887 13.836093 1.000000e+37
1434815 72613.156250 26553.429688 10260.136719 366.953247 11.769971 389.735718 18.429043 1.000000e+37
1437456 72314.718750 26395.978516 9405.703125 335.800110 20.713680 357.202057 15.704708 1.000000e+37
1445861 74668.757812 27272.570312 11302.138672 187.048706 230.972321 484.204651 15.044862 1.000000e+37
1448662 74307.218750 27008.892578 8099.542480 119.766769 266.578064 447.234070 18.709311 1.000000e+37
1454305 74317.148438 26597.240234 8887.999023 132.631149 339.523926 431.461121 20.741493 1.000000e+37
1454306 72731.398438 26407.960938 9238.991211 325.216309 57.118095 367.149261 17.739025 1.000000e+37
1457215 74616.679688 27279.560547 10497.684570 318.050354 89.278946 438.842529 16.441404 1.000000e+37
1460061 73572.882812 28490.447266 9223.007812 389.691681 21.146835 332.818268 17.013407 1.000000e+37
1462981 170.575790 26826.951172 10616.165039 66.296387 265.553894 452.692749 18.459648 1.000000e+37
1468945 978.743652 26639.826172 8896.063477 95.558548 367.901855 419.068024 18.241360 1.000000e+37
1484434 72925.734375 26070.972656 7936.110840 193.531937 250.696686 396.104462 15.878676 1.000000e+37
1484435 72911.140625 26088.789062 7945.219238 186.304810 261.426514 400.210388 7.484205 1.000000e+37
1490735 74328.703125 26610.185547 9664.474609 116.430244 312.398804 455.864624 21.105177 1.000000e+37
1493925 72910.515625 27708.757812 9981.003906 406.788849 -2.759025 358.235901 18.422930 1.000000e+37
1493940 74034.046875 26468.687500 10059.722656 173.261139 294.482544 342.745972 16.977468 1.000000e+37
1493942 74098.640625 26366.558594 10525.966797 239.177567 235.696777 392.783600 21.334452 1.000000e+37
1493943 74189.507812 26655.113281 9827.744141 168.673431 287.073730 451.904663 18.371044 1.000000e+37
1493945 74403.953125 27028.253906 11010.244141 329.285248 89.927322 463.722076 14.857286 1.000000e+37
1497118 73773.960938 28006.599609 9608.042969 414.823730 1.930098 361.697632 16.764627 1.000000e+37
1500321 73102.796875 26718.187500 9635.357422 358.099243 51.396008 391.539490 14.371901 1.000000e+37
1500322 73111.804688 26718.537109 9605.279297 355.414459 56.329006 390.676392 11.101810 1.000000e+37
1513698 73676.312500 26208.441406 11229.492188 297.571533 279.911072 463.449463 15.806221 1.000000e+37
1517120 73138.257812 27073.048828 8620.898438 311.714783 76.196388 361.665955 15.911891 1.000000e+37
1523989 61.438519 26870.378906 10749.634766 135.689835 244.342743 546.528687 13.910284 1.000000e+37
1538137 74678.398438 26133.841797 11012.931641 249.954651 170.910690 467.286530 17.148054 1.000000e+37
1541871 68.559608 26812.369141 10147.460938 88.676544 384.587158 471.874664 16.703440 1.000000e+37
1545456 74230.351562 26028.150391 10566.657227 184.894928 224.236938 423.087585 17.196529 1.000000e+37
1549126 74030.250000 27814.603516 8816.392578 308.020081 88.992310 363.433990 18.030584 1.000000e+37
1549127 74154.921875 27622.298828 9155.143555 312.804962 82.963295 384.139740 12.277071 1.000000e+37
1549128 74171.875000 27623.660156 9154.663086 303.080841 80.889061 377.262421 9.130524 1.000000e+37
1549129 89.170578 26862.199219 10890.980469 54.106686 289.147827 522.360352 17.410938 1.000000e+37
1552833 73725.875000 28327.687500 9241.563477 372.795532 27.630989 356.419495 17.855654 1.000000e+37
1552866 74941.679688 28155.494141 10256.179688 341.529999 94.852379 428.712616 16.944366 1.000000e+37
1560641 72415.921875 25894.888672 9748.077148 271.259796 232.772797 444.587036 19.000713 1.000000e+37
1572448 73047.421875 26206.587891 8239.376953 201.362274 268.636353 420.467957 16.530224 1.000000e+37
1572451 531.610657 27645.986328 8894.335938 192.349808 189.065643 404.320190 17.783108 1.000000e+37
1588479 73771.953125 26587.724609 9585.131836 238.107224 151.600021 557.171570 18.398010 -8.894765e+00
1588482 72889.539062 26339.546875 8053.203125 203.868317 255.112610 400.823639 15.836927 1.000000e+37
1601180 74140.320312 26842.628906 9527.634766 157.331650 306.834747 462.696686 20.920977 1.000000e+37
1601182 74547.992188 27012.710938 9211.165039 92.193588 210.049377 525.393860 18.494976 1.000000e+37
1601183 73107.562500 26216.292969 8281.369141 202.905945 264.249115 417.104706 15.597207 1.000000e+37
1601185 74506.093750 27008.703125 10585.579102 311.843781 97.178192 439.631714 17.114943 1.000000e+37
1605500 155.665329 26761.064453 11100.188477 70.495544 235.337723 481.561157 16.759127 1.000000e+37
1623346 74127.187500 27514.119141 11340.491211 398.449463 22.527502 460.902588 18.255524 1.000000e+37
1637241 73629.867188 25637.875000 10722.101562 276.468658 218.929596 425.456390 14.380651 1.000000e+37
1637242 354.703400 27346.087891 8749.531250 203.938004 169.333862 399.988800 16.961901 1.000000e+37
1641902 73547.570312 26293.691406 11011.391602 309.253693 284.634735 423.140656 12.798800 1.000000e+37
1641908 25.357689 26882.177734 10599.479492 122.250023 249.211166 439.422791 18.165056 1.000000e+37
1646677 11.068775 27385.480469 11084.695312 202.166138 207.066040 515.489014 18.057987 1.000000e+37
1651416 74097.093750 26976.791016 8908.786133 193.926483 217.269150 533.270874 15.795835 1.000000e+37
1656205 73171.250000 25953.681641 8705.436523 228.869400 280.624115 437.190460 17.534687 1.000000e+37
1665996 73851.062500 27534.345703 10428.239258 378.530396 48.695473 403.367981 15.596990 1.000000e+37
1665997 74506.179688 27157.837891 10433.413086 318.060852 91.346504 436.162933 16.607859 1.000000e+37
1671210 74929.882812 26522.027344 8599.795898 179.592316 234.033615 459.945251 16.442646 1.000000e+37
1676298 73699.312500 26773.523438 9798.601562 380.029846 298.637360 455.787903 18.722578 1.000000e+37
1681373 74247.671875 26626.890625 9722.710938 263.179474 252.836273 422.446350 5.902472 1.000000e+37
1681375 74767.796875 27571.158203 8440.076172 115.418358 302.513153 410.041443 14.499225 1.000000e+37
1681376 326.341797 26906.695312 10677.541016 72.349487 221.879379 523.769836 15.059788 1.000000e+37
1707972 73673.335938 26250.080078 11168.528320 319.620087 281.841705 442.962494 14.254908 1.000000e+37
1707973 73043.679688 26167.033203 9749.494141 301.332794 283.838226 465.783051 14.761848 1.000000e+37
1707974 73532.937500 26764.886719 10019.178711 352.780579 56.011471 383.942688 12.804502 1.000000e+37
1707975 73520.937500 26762.884766 9999.868164 347.279572 59.969288 393.720337 7.696840 1.000000e+37
1713519 73130.312500 26169.996094 8754.181641 227.206924 280.509949 439.878387 14.351201 1.000000e+37
1713521 73611.453125 26532.728516 9665.476562 402.841949 272.551147 487.980072 17.590214 1.000000e+37
1713523 673.286072 27360.400391 8372.680664 120.301476 353.313202 400.889191 14.588084 1.000000e+37
1719068 74384.250000 26992.929688 11094.978516 328.017517 91.909851 461.715332 16.657637 1.000000e+37
1724805 73692.296875 28168.513672 10702.528320 431.623199 -0.779845 394.100159 13.217797 1.000000e+37
1724851 74609.984375 27632.197266 7910.104980 278.837982 147.270065 355.159271 16.287287 1.000000e+37
1724853 74675.414062 27288.160156 11359.296875 152.407410 263.229584 494.069153 13.007063 1.000000e+37
1730645 74058.343750 26491.978516 9984.402344 339.883545 105.363625 359.022949 14.530274 1.000000e+37
1736526 72538.789062 26248.548828 9043.790039 304.094849 65.809479 357.444458 14.192303 1.000000e+37
1736527 73940.101562 27580.296875 10775.996094 393.323456 45.237511 424.632996 13.867098 1.000000e+37
1736528 74456.960938 27580.472656 11134.481445 356.596436 73.126144 475.453461 15.631968 1.000000e+37
1742438 74143.906250 26397.376953 9921.493164 277.935425 208.050552 557.205811 13.227551 1.000000e+37
1742439 73117.898438 26153.523438 10669.379883 293.719177 228.922089 406.989044 14.288977 1.000000e+37
1742440 73122.539062 26134.992188 10665.514648 286.004028 225.985931 412.709961 10.642488 1.000000e+37
1754350 73620.015625 28276.414062 9427.771484 405.548157 14.678300 340.148651 14.470322 1.000000e+37
1760493 74040.468750 26109.421875 9203.617188 255.181290 277.880188 516.396118 14.922067 1.000000e+37
1760496 74577.820312 27102.414062 8118.179199 177.316086 255.818802 480.940979 16.514906 1.000000e+37
1766621 72215.093750 25820.509766 9586.421875 245.133423 221.644958 453.144073 15.529019 1.000000e+37
1766622 868.670959 27711.144531 9974.980469 158.795914 201.952026 475.767120 15.501791 1.000000e+37
1772774 73878.046875 26658.792969 9946.277344 193.261337 416.798218 382.553925 14.255325 1.000000e+37
1779326 74787.882812 26857.320312 10914.464844 232.765274 257.779449 515.719421 16.912834 1.000000e+37
1785702 74108.890625 27440.632812 11164.057617 376.886139 53.716202 462.519287 11.929611 1.000000e+37
1785703 140.840790 27164.826172 10908.774414 290.957977 92.207108 466.348755 15.772411 1.000000e+37
1785704 280.352325 27334.744141 10759.153320 281.868896 103.324341 461.443665 15.773589 1.000000e+37
1792188 74087.695312 26960.462891 8449.209961 172.408386 255.078049 458.071838 16.015184 1.000000e+37
1805384 611.916016 27374.750000 8314.582031 114.838448 242.342407 423.548798 14.686749 1.000000e+37
1805385 74870.421875 26828.535156 10744.401367 219.320816 275.642303 498.294800 16.894207 1.000000e+37
1818970 72806.625000 26526.958984 9138.650391 267.193268 289.052490 427.725525 15.591743 1.000000e+37
1832936 74067.531250 26637.947266 10511.119141 265.299103 296.228485 351.156891 16.557192 1.000000e+37
1840069 74110.765625 26533.140625 10046.603516 202.914795 328.230072 345.534088 10.264875 1.000000e+37
1840073 74945.898438 26437.382812 10725.929688 276.618622 236.607880 470.146179 10.847878 1.000000e+37
1840074 311.054688 27182.072266 10409.460938 244.639923 121.599258 461.749725 14.381546 1.000000e+37
1847393 74646.148438 26960.291016 8551.574219 105.532829 208.470016 422.366577 14.003654 1.000000e+37
1862054 335.027161 26602.470703 11202.295898 222.749954 283.045502 455.410522 15.329110 1.000000e+37
1869682 73639.179688 25912.037109 9714.596680 319.340637 291.502747 420.890320 18.723328 1.000000e+37
1869684 74606.789062 26395.341797 8857.641602 129.714401 223.690063 468.089783 18.084417 1.000000e+37
1869688 157.897659 27188.373047 8850.346680 107.784279 243.049789 431.167847 9.566373 1.000000e+37
1877463 73629.671875 26186.275391 8302.081055 243.696869 228.071472 436.192413 13.880374 1.000000e+37
1892906 74863.429688 26700.023438 9482.888672 164.934723 120.345207 408.374634 13.414231 1.000000e+37
1892912 306.413666 27250.121094 10455.390625 83.283524 226.750366 475.810059 17.326050 1.000000e+37
1900849 73679.648438 26814.003906 10242.935547 341.368378 55.421890 395.741852 11.550872 1.000000e+37
1900851 74848.000000 26949.554688 10621.611328 217.716156 274.254517 487.885986 17.133797 1.000000e+37
1909017 74883.078125 26926.861328 8334.252930 142.597565 175.575333 390.785950 13.849596 1.000000e+37
1909018 74899.031250 26495.589844 11312.668945 136.714844 276.437286 459.226227 16.606527 1.000000e+37
1917223 74491.367188 26386.796875 9615.343750 183.504456 112.982773 361.214111 12.962132 1.000000e+37
1925561 73863.531250 25902.660156 10508.261719 171.354050 256.959167 417.265259 14.829781 1.000000e+37
1925565 72634.414062 26809.048828 8209.082031 302.705902 57.119663 330.640564 14.437593 1.000000e+37
1925567 556.508728 27607.882812 10584.155273 277.430786 125.746765 455.607300 13.342073 1.000000e+37
1925571 968.723877 27205.974609 9839.056641 95.111450 373.535400 458.844635 13.312504 1.000000e+37
1934101 73727.726562 26536.787109 9580.080078 337.482269 261.230621 584.102539 10.956565 1.000000e+37
1934108 537.881470 27768.929688 9479.653320 116.912064 315.480164 458.979858 14.114515 1.000000e+37
1942800 73946.585938 26147.167969 10742.373047 215.421173 237.367004 405.821960 15.332973 1.000000e+37
1942810 386.601074 27193.632812 8884.924805 105.879845 296.765900 429.281219 14.651536 1.000000e+37
1951471 72742.359375 26321.277344 9227.952148 321.794159 65.607796 372.906158 15.550820 1.000000e+37
1960268 73853.406250 27806.933594 9812.884766 364.199127 12.996162 428.130646 12.009061 1.000000e+37
1960377 74287.679688 26292.515625 11304.738281 218.113419 272.692383 455.031219 13.178773 1.000000e+37
1960382 73313.265625 26849.462891 9848.160156 353.042206 43.362854 373.752625 13.323605 1.000000e+37
1960385 282.771393 27564.386719 8717.213867 133.134155 269.882751 417.704742 11.748042 1.000000e+37
1969475 73834.179688 25980.228516 9063.929688 267.918915 239.727844 487.732086 15.012977 1.000000e+37
1978787 74959.882812 27079.978516 10791.100586 129.637131 184.553391 435.732147 13.389571 1.000000e+37
1988128 72574.945312 26738.871094 8819.327148 290.315765 75.092773 366.808380 14.895782 1.000000e+37
1988132 340.592865 27488.466797 9353.899414 114.720711 277.311615 468.566437 15.170651 1.000000e+37
2007042 74558.781250 26730.152344 7783.515625 257.590027 196.207779 406.528076 12.557871 1.000000e+37
2007053 74230.656250 26846.908203 8241.235352 232.519836 307.314819 434.691406 16.898113 1.000000e+37
2026891 73860.078125 26013.332031 11277.793945 281.909668 190.506226 439.046783 13.107038 1.000000e+37
2026892 73961.679688 26172.767578 10566.211914 298.274323 277.491486 381.795044 14.521962 1.000000e+37
2026893 74367.648438 26963.181641 9176.873047 269.399811 181.802628 513.823669 14.846212 1.000000e+37
2026900 73455.046875 26973.804688 9430.522461 331.806702 63.667595 393.472870 14.251024 1.000000e+37
2026901 369.653412 27508.417969 8610.639648 156.516739 203.393311 402.156677 12.292724 1.000000e+37
2036908 74134.421875 26496.033203 9503.879883 260.744568 305.751495 438.385010 10.614033 1.000000e+37
2036909 73400.898438 26158.429688 8043.782227 241.159286 213.391830 412.693573 14.836882 1.000000e+37
2047290 73738.429688 28161.580078 9395.124023 374.270966 18.208124 363.257660 15.365396 1.000000e+37
2047387 74658.460938 27510.720703 8131.895020 275.898895 137.925156 366.804504 15.035206 1.000000e+37
2047389 162.205734 27132.537109 8665.129883 187.421631 168.739349 406.178009 12.882855 1.000000e+37
2057811 73177.921875 26961.693359 11062.682617 406.886993 -4.562611 412.036926 11.535169 1.000000e+37
2057864 74844.765625 27043.185547 10527.771484 166.624603 239.978546 507.974579 16.374357 1.000000e+37
2068571 73870.890625 26453.226562 11249.117188 265.197815 313.926636 452.917847 14.785009 1.000000e+37
2068576 73706.335938 27792.636719 9810.000977 426.806763 47.650188 372.391083 14.107571 1.000000e+37
2068577 74626.023438 26186.437500 10083.703125 169.588226 235.279831 407.951233 12.049663 1.000000e+37
2079309 74820.140625 26925.623047 11254.666992 185.243744 318.938629 460.077118 14.890968 1.000000e+37
2079310 74271.218750 27217.476562 7780.418457 141.742599 286.408081 433.190338 13.710133 1.000000e+37
2090383 72952.015625 26094.189453 10964.621094 282.561127 230.650284 416.062836 12.999096 1.000000e+37
2090385 73538.171875 26826.339844 10082.554688 374.795654 30.052591 383.618408 15.797597 1.000000e+37
2090386 74728.750000 27309.617188 10622.438477 314.035767 93.873367 443.590546 13.752368 1.000000e+37
2101692 72634.054688 25870.208984 10723.000000 248.765137 175.883270 433.997864 10.537477 1.000000e+37
2113343 385.518311 27194.478516 10537.534180 234.015396 128.323318 470.574707 11.318869 1.000000e+37
2113344 336.070068 27129.865234 10413.388672 225.856003 132.152771 466.865692 13.597735 1.000000e+37
2124959 74452.281250 27449.662109 10429.156250 194.951416 254.318619 451.788452 13.684796 1.000000e+37
2136926 72265.015625 26388.261719 9392.578125 341.794647 10.911386 361.588898 13.026197 1.000000e+37
2136930 869.478943 27526.736328 8895.332031 69.814987 344.264191 426.645203 14.511334 1.000000e+37
2148995 73887.328125 26047.527344 8857.017578 253.717880 240.047684 479.875519 13.720534 1.000000e+37
2148996 74261.546875 26429.751953 9842.077148 384.969299 211.028961 426.836914 6.717441 1.000000e+37
2148999 74426.882812 26821.640625 8901.266602 67.804169 205.591858 489.245300 14.159275 1.000000e+37
2161390 74725.171875 27385.222656 10442.257812 315.816956 84.601295 441.639496 12.640123 1.000000e+37
2161391 582.120239 27612.201172 9235.048828 99.071007 275.801575 436.433136 16.360184 1.000000e+37
2161395 74682.093750 27338.523438 11362.930664 127.367546 276.691864 477.086548 9.349072 1.000000e+37
2173914 73488.750000 25795.337891 10604.328125 308.043671 206.840714 405.419922 13.601190 1.000000e+37
2173917 74060.679688 26722.744141 7501.078613 220.467102 302.223907 379.757141 15.230895 1.000000e+37
2173919 72790.640625 26086.263672 10469.294922 327.789185 42.490768 408.090546 13.889371 1.000000e+37
2173921 715.636414 27304.521484 10295.848633 138.512802 212.395844 490.451233 13.912678 1.000000e+37
2186686 72837.750000 26296.623047 8456.147461 223.920364 256.864471 407.685120 12.634753 1.000000e+37
2199799 74100.570312 26775.044922 9122.382812 181.519089 376.444519 497.626526 12.426044 1.000000e+37
2199803 74039.250000 26754.820312 11266.035156 335.918335 82.651100 470.639130 10.526960 1.000000e+37
2199804 73732.359375 27376.550781 9169.538086 328.046112 82.123337 391.506470 11.570131 1.000000e+37
2199805 676.722839 27668.332031 10198.983398 261.901184 154.460358 465.136963 10.845201 1.000000e+37
2213170 74200.875000 27420.558594 11352.380859 375.832550 59.455513 476.097565 11.455738 1.000000e+37
2213176 73891.273438 27824.441406 10223.350586 386.070526 36.308311 381.811249 12.199959 1.000000e+37
2213177 74608.195312 26372.597656 8713.052734 139.930527 182.150940 418.528778 8.872765 1.000000e+37
2213178 74604.640625 26370.687500 8686.359375 146.547913 204.270920 421.652374 9.081727 1.000000e+37
2213179 74769.296875 27187.888672 9721.069336 76.483536 268.289520 486.146851 16.851143 1.000000e+37
2226986 73085.843750 27315.570312 9928.812500 386.014038 14.033331 377.221252 14.241095 1.000000e+37
2226987 74676.257812 27296.611328 10479.360352 312.786041 83.973434 442.009003 14.233727 1.000000e+37
2241209 73102.515625 26320.142578 8687.717773 276.133789 284.961243 404.518066 14.224480 1.000000e+37
2241210 73112.031250 26432.166016 9248.839844 301.384491 288.154510 450.572845 14.139714 1.000000e+37
2241211 73940.710938 27615.923828 10664.242188 388.382812 23.303232 412.186859 11.382140 1.000000e+37
2255261 74686.484375 26485.759766 10033.492188 157.941528 281.926086 433.494934 14.588290 1.000000e+37
2255264 73766.226562 27347.421875 9224.367188 330.761078 76.652527 386.395203 12.093500 1.000000e+37
2255266 47.626049 26588.841797 10667.153320 159.012817 280.596741 505.916290 15.056890 1.000000e+37
2255269 265.248138 27483.212891 8030.428223 116.672142 315.484955 411.161316 13.618612 1.000000e+37
2269739 73353.070312 26350.285156 10442.051758 315.690216 268.017273 408.905151 13.241499 1.000000e+37
2269740 74070.828125 26692.882812 9537.583984 163.443436 368.422974 546.537292 12.412615 1.000000e+37
2269741 74315.992188 26502.937500 9335.213867 216.278732 379.578094 449.004364 17.396227 1.000000e+37
2269743 73786.687500 26921.558594 10727.386719 347.417633 61.234554 428.408813 10.826657 1.000000e+37
2269748 535.264709 27288.130859 8209.697266 74.499619 337.448822 421.287994 11.888113 1.000000e+37
2284466 74811.500000 26847.265625 8557.181641 133.509811 177.557800 411.261841 12.804079 1.000000e+37
2299431 73483.757812 26841.281250 10118.436523 351.730377 47.173237 387.021027 10.550226 1.000000e+37
2299436 74325.929688 27116.845703 8026.044434 260.320129 285.977081 389.455139 13.767987 1.000000e+37
2314684 72853.984375 26647.095703 10215.892578 378.023132 18.087328 379.207031 12.729401 1.000000e+37
2314750 73995.625000 25933.935547 10805.135742 202.064423 193.920105 454.274475 13.350039 1.000000e+37
2314754 73741.226562 28150.400391 8145.814941 342.553101 80.290161 323.024445 12.119869 1.000000e+37
2314755 74810.796875 28558.492188 9569.816406 364.240753 87.869446 385.385193 11.612183 1.000000e+37
2314757 74196.156250 26964.220703 9380.926758 218.106827 182.385513 383.298431 15.543902 1.000000e+37
2314759 74732.703125 26884.753906 10887.020508 155.436935 270.980438 515.053894 13.009796 1.000000e+37
2314760 74439.343750 26835.363281 9796.421875 119.772896 242.625534 354.145752 17.332426 1.000000e+37
2330716 73530.828125 26323.755859 11025.709961 294.827209 277.831757 437.285400 12.570917 1.000000e+37
2346945 74006.265625 27960.087891 9376.684570 331.168732 66.085732 381.663696 14.869171 1.000000e+37
2346947 274.398254 27318.048828 8742.831055 199.338882 172.457428 406.663208 11.659848 1.000000e+37
2346950 74563.093750 27120.820312 8436.879883 167.077118 254.962311 434.099915 15.040657 1.000000e+37
2363301 149.534576 27911.679688 10233.719727 316.813568 104.988289 441.518311 11.406554 1.000000e+37
2363303 74810.007812 26847.644531 10954.077148 211.539948 311.986328 422.238098 13.303720 1.000000e+37
2363306 74415.953125 26807.679688 9146.257812 54.998558 266.369476 436.348328 18.096590 1.000000e+37
2380324 73485.054688 25840.363281 8805.772461 266.698090 207.487717 443.804474 12.239851 1.000000e+37
2380330 73940.835938 27496.388672 9435.806641 317.944153 79.383804 391.768982 12.041656 1.000000e+37
2380331 107.372818 27120.031250 9384.300781 232.427750 125.619514 438.905182 11.802201 1.000000e+37
2380332 74923.656250 28053.779297 9906.587891 332.560516 97.091881 415.754852 10.357013 1.000000e+37
2380335 74293.523438 26901.804688 7956.326172 234.494415 309.475037 401.935272 12.685889 1.000000e+37
2380336 74332.296875 26357.865234 8758.383789 139.236176 214.962372 486.500397 12.092710 1.000000e+37
2397549 73169.437500 26635.781250 11373.738281 395.698761 7.146648 434.803711 10.747411 1.000000e+37
2397558 74633.335938 26394.902344 8949.397461 141.667374 224.741272 490.837585 14.184491 1.000000e+37
2397559 74860.359375 26399.429688 10766.512695 266.994171 230.692871 465.505432 13.690294 1.000000e+37
2397563 47.678982 26904.560547 7739.281738 190.471832 193.590729 389.217621 11.945477 1.000000e+37
2415365 73769.343750 26531.541016 7628.871094 257.980621 188.587219 378.665405 11.438685 1.000000e+37
2415370 288.257050 27258.664062 10057.378906 260.013489 114.554619 444.325531 13.257255 1.000000e+37
2433413 73078.328125 26101.412109 8480.423828 219.347427 278.188446 426.994812 12.330290 1.000000e+37
2433417 74585.320312 28462.294922 9322.957031 355.741364 82.345947 375.028564 14.324636 1.000000e+37
2433418 74546.984375 27645.837891 11227.291016 356.111511 68.749649 482.230652 12.031511 1.000000e+37
2433420 74505.500000 26772.857422 9658.327148 117.799866 142.423264 469.637726 13.316730 1.000000e+37
2433422 74274.812500 26685.490234 9982.936523 114.135994 193.086044 373.732300 13.277287 1.000000e+37
2433423 74781.523438 27421.939453 10364.904297 159.382233 194.762711 487.362457 13.654143 1.000000e+37
2452059 73032.312500 25794.482422 8355.823242 232.931244 257.715271 409.159790 13.368045 1.000000e+37
2452064 72163.250000 26145.339844 9307.757812 268.412933 79.543243 381.545380 10.367888 1.000000e+37
2452069 74272.375000 26932.818359 7944.935059 244.770203 311.824554 404.064362 13.854609 1.000000e+37
2452070 74053.851562 26635.425781 11621.659180 248.170120 272.842377 480.632996 13.195732 1.000000e+37
2452071 801.593018 26836.429688 9647.210938 92.703278 372.833801 449.242004 13.236958 1.000000e+37
2471005 73948.890625 26084.681641 10186.624023 278.371094 316.038605 358.867676 16.086195 1.000000e+37
2471006 73075.218750 25841.187500 8472.022461 231.333939 266.309174 417.811279 10.478418 1.000000e+37
2471007 72929.906250 25937.500000 8102.083008 206.246506 273.583771 386.697418 10.398104 1.000000e+37
2471013 73765.164062 27701.587891 9621.660156 354.552124 69.177078 388.153961 12.199563 1.000000e+37
2471020 74678.531250 27165.365234 9708.257812 111.028687 195.189133 456.433624 14.025461 1.000000e+37
2471021 74387.945312 26693.564453 9974.379883 134.720551 295.941498 372.057495 12.859963 1.000000e+37
2471022 74693.851562 27353.265625 11279.163086 128.273529 268.105286 492.520477 12.087927 1.000000e+37
2490397 74585.132812 26334.761719 11415.747070 289.255280 133.434067 482.655029 11.446656 1.000000e+37
2490404 74356.125000 27306.400391 9382.675781 200.393707 168.977890 506.947754 15.420605 1.000000e+37
2510429 74004.039062 27004.404297 8766.915039 188.859558 229.266022 503.182434 15.037745 1.000000e+37
2530702 73505.968750 26504.107422 9492.626953 341.997711 239.064804 431.561554 14.909601 1.000000e+37
2530713 21.158646 27256.628906 10241.114258 123.062386 288.460449 482.949432 13.937662 1.000000e+37
2530714 74624.828125 27112.564453 7889.788086 159.898834 281.748718 439.181671 11.811461 1.000000e+37
2551464 73709.414062 27890.035156 9305.998047 359.701416 69.002235 395.889862 13.160749 1.000000e+37
2551465 72540.335938 26301.945312 8913.706055 299.227325 60.593674 358.590057 10.911194 1.000000e+37
2551466 73684.304688 27383.607422 10206.495117 369.698303 39.703438 400.745850 11.349622 1.000000e+37
2551467 73871.867188 26663.740234 11568.777344 366.195892 67.553635 491.329407 12.800241 1.000000e+37
2551470 429.260590 27330.679688 8236.496094 94.345863 338.494812 412.065613 12.531353 1.000000e+37
2572897 74272.382812 27619.017578 11277.126953 405.895782 11.936525 457.854523 10.774652 1.000000e+37
2572905 74200.945312 26024.480469 10281.098633 169.390656 258.409576 409.870331 11.378869 1.000000e+37
2572909 338.896027 27368.132812 9900.387695 255.502457 126.756363 445.801208 11.395633 1.000000e+37
2595161 73715.914062 28381.875000 9264.628906 375.239105 32.319199 354.871368 11.652665 1.000000e+37
2595164 679.567810 27928.146484 9105.666016 210.815414 190.527496 414.382690 10.411799 1.000000e+37
2617745 74993.070312 26704.587891 8158.409180 206.573669 255.532181 411.788391 13.341218 1.000000e+37
2617755 74570.914062 26657.460938 9991.938477 132.432816 303.381287 412.001556 12.756640 1.000000e+37
2641123 72271.726562 26195.332031 9752.318359 235.531525 291.109711 431.792206 11.950318 1.000000e+37
2641124 73725.148438 26226.591797 8387.796875 242.192200 232.037994 445.073090 14.117794 1.000000e+37
2641139 115.541168 28351.724609 9417.489258 326.191223 125.909851 399.578094 12.414261 1.000000e+37
2641144 74543.671875 27138.345703 8055.305664 178.697159 234.046555 426.521515 12.261359 1.000000e+37
2641147 1065.759033 25939.250000 9627.547852 89.970604 371.523560 436.236511 10.874537 1.000000e+37
2664953 74480.531250 26595.759766 7965.520996 238.592422 202.984634 415.410889 12.634384 1.000000e+37
2664954 73467.859375 26485.595703 9360.202148 313.092712 302.584656 490.499298 12.453844 1.000000e+37
2664955 72558.500000 25896.044922 9683.444336 256.771027 252.696457 463.850800 12.883715 1.000000e+37
2664959 72505.328125 26262.767578 8993.421875 308.959381 60.141968 358.194885 10.173504 1.000000e+37
2664964 263.082764 27268.189453 8922.459961 139.507812 202.565475 423.424927 10.816754 1.000000e+37
2664968 74383.023438 26523.130859 9311.927734 177.175262 277.298798 516.888855 10.102199 1.000000e+37
2664969 74780.164062 27282.544922 11353.950195 156.626038 208.589417 481.792175 9.154983 1.000000e+37
2664971 183.900360 27320.957031 8475.398438 108.801125 359.994476 405.588318 12.860329 1.000000e+37
2689383 74164.671875 28230.527344 8980.491211 343.100250 73.665405 361.129486 8.463722 1.000000e+37
2689386 74418.140625 26551.601562 8657.921875 153.014206 290.276123 385.993256 12.788847 1.000000e+37
2714399 74026.023438 27483.453125 10936.704102 401.441040 37.634384 433.971008 12.249670 1.000000e+37
2714408 74008.296875 26548.660156 9415.515625 166.595093 177.054062 445.584564 14.177990 1.000000e+37
2714409 73559.828125 25887.873047 8772.168945 260.832001 209.566284 447.162292 10.222476 1.000000e+37
2714411 72349.875000 26107.177734 9431.087891 247.485092 271.867249 438.250153 11.295902 1.000000e+37
2714417 74126.125000 27897.542969 8754.114258 307.344604 92.054955 366.732422 10.467316 1.000000e+37
2714423 74415.437500 27038.916016 8179.973633 186.573181 234.370026 421.991669 11.134947 1.000000e+37
2714424 74185.468750 27234.992188 7805.499512 214.335175 274.674408 427.713623 12.529888 1.000000e+37
2740453 74013.523438 26382.439453 10150.131836 225.842255 228.836136 345.400055 13.734928 1.000000e+37
2740457 73623.179688 26795.496094 10157.670898 345.220398 54.939590 394.355591 12.260269 1.000000e+37
2740458 74062.460938 26251.693359 10128.446289 268.160217 328.488129 335.709320 13.496483 1.000000e+37
2740465 74709.992188 27877.986328 10555.069336 343.586426 78.323601 441.404938 10.124147 1.000000e+37
2740469 74488.156250 26703.357422 9909.821289 118.092316 297.790619 395.481476 11.615643 1.000000e+37
2767070 73852.929688 26353.078125 11350.710938 259.623230 319.386780 461.632935 12.113669 1.000000e+37
2767072 74272.781250 26887.884766 7888.317383 222.904114 334.155060 405.179718 9.812521 1.000000e+37
2767077 72560.484375 25873.951172 10026.254883 283.534882 81.344025 409.460144 11.686633 1.000000e+37
2767081 74995.976562 26590.869141 11243.013672 161.530579 316.166138 449.871246 11.231589 1.000000e+37
2767082 363.718719 26970.673828 10897.920898 66.502205 244.338028 511.543152 11.843624 1.000000e+37
2794526 73093.929688 26866.791016 10730.064453 392.198273 2.618139 406.897095 10.903425 1.000000e+37
2794641 73656.718750 26608.265625 10015.519531 384.196045 257.470795 359.233337 12.203470 1.000000e+37
2794642 72877.523438 25967.656250 8150.223145 229.494263 285.121613 371.655823 13.236782 1.000000e+37
2794647 73291.750000 27504.023438 9881.948242 392.905609 21.966211 374.482697 10.947481 1.000000e+37
2794648 72966.632812 27129.384766 10015.733398 384.064240 12.555238 383.689209 9.499042 1.000000e+37
2794650 74938.765625 26638.861328 9662.663086 192.154953 157.659988 415.709808 11.802011 1.000000e+37
2794653 74829.835938 26732.406250 10888.673828 164.114502 305.252960 424.053650 10.831518 1.000000e+37
2794655 74393.382812 26877.205078 9621.184570 25.303873 218.526443 437.699921 11.469740 1.000000e+37
2794657 74788.718750 27273.468750 11229.768555 156.998550 201.354752 483.244202 12.088219 1.000000e+37
2794658 74626.773438 27570.996094 8769.859375 114.880135 269.043152 430.516266 10.807685 1.000000e+37
2822769 73416.265625 26384.464844 9112.275391 261.092682 264.399078 494.837830 14.924352 1.000000e+37
2822775 73990.000000 27601.464844 10946.243164 394.588043 29.899025 434.200592 9.289471 1.000000e+37
2822780 74744.359375 26772.142578 8161.683105 129.835587 186.402451 379.917480 12.407986 1.000000e+37
2822785 74470.437500 27038.474609 9447.278320 140.681335 129.199875 416.056335 12.470103 1.000000e+37
2822787 73884.984375 26605.080078 10878.556641 257.142151 224.058395 405.901337 10.606252 1.000000e+37
2851763 74040.585938 27590.757812 11054.474609 393.370575 26.937687 445.370667 9.029513 1.000000e+37
2851770 73734.117188 26491.068359 10028.305664 293.098846 260.405579 481.795410 15.383046 1.000000e+37
2851774 73495.375000 26521.771484 8853.959961 259.159546 260.696838 474.072723 9.687065 1.000000e+37
2851784 74828.023438 27099.949219 8939.506836 249.089066 105.870377 415.982330 9.447980 1.000000e+37
2851787 74781.859375 26963.496094 7708.596680 162.472717 191.240524 389.404968 9.312429 1.000000e+37
2851792 74396.960938 26589.576172 9679.438477 124.638565 287.950165 458.798706 9.744815 1.000000e+37
2881621 73641.710938 28209.835938 10359.143555 422.668854 -0.435461 375.797516 10.276896 1.000000e+37
2881955 74106.101562 26669.574219 10612.022461 275.046906 288.080841 376.650940 14.023099 1.000000e+37
2881956 74233.257812 26426.960938 9860.508789 329.442810 223.197006 431.059998 14.971567 1.000000e+37
2881957 74000.757812 26168.392578 10036.502930 273.280426 393.083862 390.632141 12.825544 1.000000e+37
2881958 73515.796875 26032.626953 10481.610352 326.297699 229.657654 423.453552 9.782156 1.000000e+37
2881969 72489.750000 26409.375000 8725.836914 285.898346 57.268227 353.326416 12.310538 1.000000e+37
2881970 74595.070312 27259.849609 10505.076172 324.022278 98.734032 444.997314 9.809834 1.000000e+37
2881972 74622.617188 26669.996094 9259.000977 177.386398 62.636845 416.521790 8.610600 1.000000e+37
2913120 74080.906250 26702.101562 9878.364258 340.791779 252.423828 370.958984 11.736713 1.000000e+37
2913121 74170.054688 26414.871094 10189.625977 245.520844 346.272491 386.494537 11.731445 1.000000e+37
2913122 73263.820312 25922.349609 10735.382812 301.163086 227.099548 442.075287 9.916165 1.000000e+37
2913132 447.844299 27013.404297 10688.756836 128.249557 289.789154 508.417236 11.651278 1.000000e+37
2913142 73715.273438 26452.826172 10252.216797 268.245270 178.624954 342.057068 14.715708 1.000000e+37
2945330 73132.664062 26601.851562 9696.124023 341.709534 77.719299 389.204224 11.405631 1.000000e+37
2945339 674.322327 27208.324219 10373.046875 134.089661 212.635880 494.501251 10.210138 1.000000e+37
2945342 110.251846 27652.652344 10850.992188 100.968781 285.941559 478.100708 9.711782 1.000000e+37
2978232 72616.179688 27274.910156 10664.138672 402.320251 -15.635532 382.928253 12.664778 1.000000e+37
2978370 73567.875000 25787.693359 10644.375000 297.622589 236.276962 400.188232 13.764751 1.000000e+37
2978378 74006.328125 27933.246094 8005.815918 320.788116 111.149101 338.598389 12.850969 1.000000e+37
2978386 74626.765625 26860.648438 10336.094727 196.185791 212.355103 437.807922 10.024991 1.000000e+37
2978389 10.350979 27409.128906 11105.291992 217.472153 220.010071 464.137787 11.590266 1.000000e+37
3012762 73592.421875 25807.904297 10608.019531 309.830811 208.547104 395.256531 9.502022 1.000000e+37
3012768 74546.757812 27013.968750 9421.177734 132.381027 203.805420 480.364563 13.294506 1.000000e+37
3012769 73745.687500 26130.537109 8572.410156 261.602264 211.777802 448.237610 12.036045 1.000000e+37
3012776 73052.218750 26317.292969 10418.743164 348.904602 45.494526 400.055725 10.992068 1.000000e+37
3012778 370.583527 27223.630859 10524.175781 236.173477 121.682343 463.264557 7.462933 1.000000e+37
3012779 172.405136 26948.123047 9987.416992 232.513794 172.068253 422.145233 10.289503 1.000000e+37
3012780 74090.109375 27934.783203 9499.814453 331.420441 64.514458 384.124634 9.558818 1.000000e+37
3012786 74679.835938 26584.189453 9177.444336 80.457657 178.091232 447.095306 13.813663 1.000000e+37
3048290 72551.406250 27009.933594 8912.708984 351.396301 23.656513 338.483612 10.552971 1.000000e+37
3048445 73997.500000 26641.271484 10691.173828 274.272949 268.457397 374.503632 6.848481 1.000000e+37
3048453 72765.179688 26807.455078 9006.544922 301.907562 74.543015 378.402222 9.882763 1.000000e+37
3048454 171.016190 27099.820312 9638.463867 230.494431 129.581970 430.573700 10.222741 1.000000e+37
3048455 74795.859375 27417.763672 10596.140625 308.499237 93.967705 449.534515 11.761278 1.000000e+37
3048456 74949.617188 28139.634766 9495.941406 325.100342 111.376068 398.466858 10.042081 1.000000e+37
3048464 74655.351562 26904.935547 7785.523438 160.736359 193.719513 403.555481 11.055536 1.000000e+37
3048466 74950.242188 27493.681641 10104.928711 77.506546 330.906281 472.825073 12.265920 1.000000e+37
3048467 74788.914062 27397.033203 10958.584961 164.304123 208.885254 479.785034 12.854162 1.000000e+37
3085030 72719.414062 26092.583984 9638.055664 214.241364 348.814728 433.991150 8.034379 1.000000e+37
3085033 74067.359375 26508.052734 10313.230469 221.613739 315.970825 385.476227 9.511031 1.000000e+37
3085048 484.708160 27680.818359 8736.288086 190.782822 193.799240 404.576477 10.184199 1.000000e+37
3085051 621.346924 27969.953125 9318.639648 236.210159 179.173752 426.858154 10.791197 1.000000e+37
3085057 1006.267761 27476.468750 9341.602539 102.334206 320.500641 430.688416 10.476641 1.000000e+37
3122704 73556.312500 28199.042969 10239.529297 425.343018 -1.268977 368.836609 8.345853 1.000000e+37
3123081 73071.578125 27337.787109 8421.632812 328.068817 59.849842 330.819397 8.965922 1.000000e+37
3123095 74834.656250 26945.884766 9520.090820 71.865562 242.141190 473.511719 9.789884 1.000000e+37
3162215 73618.601562 25839.923828 10965.716797 298.511597 220.768799 437.634155 7.686002 1.000000e+37
3162222 73072.820312 26050.650391 9917.254883 297.211029 248.108521 404.403534 10.498433 1.000000e+37
3162223 74295.312500 26645.113281 9708.974609 293.177490 265.990570 413.762970 7.962614 1.000000e+37
3162224 74442.742188 26131.923828 10122.514648 167.465363 251.032211 403.693726 9.578588 1.000000e+37
3162225 74085.179688 26224.578125 9550.497070 137.616257 349.867554 443.455444 7.556232 1.000000e+37
3162226 0.994432 26574.611328 8443.426758 198.648148 236.484222 441.067627 12.568051 1.000000e+37
3162227 73205.679688 26245.523438 8668.180664 215.085083 270.313721 452.757782 11.360701 1.000000e+37
3162228 72860.062500 26197.414062 8266.734375 209.726074 272.901855 409.682648 12.269391 1.000000e+37
3162233 73358.054688 27003.656250 9378.919922 332.796051 64.866966 407.370422 13.400079 1.000000e+37
3162234 74857.593750 28004.802734 9988.262695 335.377563 91.975052 417.445068 10.035511 1.000000e+37
3162244 956.228882 27521.757812 9224.885742 109.478424 320.669128 419.762238 7.993075 1.000000e+37
3162247 74606.039062 27128.476562 9291.366211 46.928505 342.058014 444.774384 9.266301 1.000000e+37
3162248 74813.781250 26410.978516 10608.116211 175.637558 292.575500 458.777588 11.148428 1.000000e+37
3162249 74700.609375 27350.917969 11374.073242 121.676674 272.825867 486.630371 12.234480 1.000000e+37
3202470 74296.117188 26222.699219 11581.715820 252.846603 217.681229 480.828979 8.810852 1.000000e+37
3202475 74406.015625 26625.126953 7798.236816 266.694611 203.553955 393.556152 9.481446 1.000000e+37
3202482 73328.734375 26334.720703 8569.737305 226.330414 268.520081 444.119690 12.073301 1.000000e+37
3202483 72657.265625 26374.609375 8939.615234 246.904953 297.057404 414.930328 7.784146 1.000000e+37
3202492 74791.492188 27230.640625 8735.113281 258.413116 118.716690 396.004028 10.235664 1.000000e+37
3202493 143.165497 26629.080078 10779.990234 240.605240 169.354538 505.634155 9.521102 1.000000e+37
3202503 100.396019 26628.671875 11313.778320 121.310524 227.136337 446.066956 11.447418 1.000000e+37
3202511 74762.617188 27064.199219 10363.060547 206.534714 209.359711 452.842560 11.243027 1.000000e+37
3202514 613.202148 27513.490234 9287.483398 108.574669 272.821960 443.609955 11.609939 1.000000e+37
3244722 72801.679688 26338.833984 8334.161133 232.354263 248.084961 396.492889 11.495215 1.000000e+37
3244726 73768.656250 27811.951172 10125.224609 363.674072 20.829527 369.666565 9.189553 1.000000e+37
3244729 74909.242188 26655.369141 9589.423828 190.716415 149.693924 412.159637 10.220868 1.000000e+37
3244730 74619.226562 27417.349609 8194.908203 281.451141 137.526382 372.626007 11.369567 1.000000e+37
3244742 74922.140625 27090.849609 9550.454102 77.002640 256.144196 479.340149 9.751229 1.000000e+37
3244743 74448.203125 26870.400391 9922.720703 103.728264 231.347748 413.715454 10.966825 1.000000e+37
3244744 74247.187500 26702.515625 9668.165039 64.899101 303.713959 322.101379 10.271784 1.000000e+37
3244745 74225.679688 27417.726562 8717.507812 123.976967 247.126694 447.323669 11.035510 1.000000e+37
3244748 985.358765 26450.939453 9225.999023 93.907158 367.648773 429.553223 11.296852 1.000000e+37
3288592 72487.945312 25781.679688 10142.425781 276.140137 81.357948 416.685211 9.184288 1.000000e+37
3288593 73927.406250 25723.582031 10895.137695 290.364349 218.341019 439.383209 9.856672 1.000000e+37
3288594 229.570190 27293.197266 9772.120117 259.366882 115.663559 439.529114 10.528398 1.000000e+37
3288605 601.003540 27260.882812 8293.319336 107.386162 340.013824 408.576569 8.014437 1.000000e+37
3288607 72846.156250 26364.117188 8578.261719 232.005341 248.817902 418.753876 11.033189 1.000000e+37
3288608 65.262199 26907.839844 9917.158203 85.974564 378.620636 463.500610 10.604944 1.000000e+37
3334186 74093.867188 27687.722656 11105.727539 391.182312 27.810404 450.645752 7.748121 1.000000e+37
3334191 74848.875000 26549.806641 9696.459961 113.980286 232.781403 431.809814 8.322195 1.000000e+37
3334200 74799.289062 26846.142578 11128.238281 205.242371 313.042145 492.115906 9.588440 1.000000e+37
3334205 74724.750000 27037.505859 8405.200195 110.520462 206.375656 403.454681 9.678975 1.000000e+37
3334210 158.941208 27361.927734 8362.398438 114.401474 356.553741 403.521606 8.187057 1.000000e+37
3381029 73760.765625 28141.236328 9343.725586 370.378845 19.755436 366.622070 9.953132 1.000000e+37
3381533 73501.242188 26071.207031 10461.489258 330.443726 225.664337 420.972260 12.376931 1.000000e+37
3381534 72951.921875 26142.691406 7932.089355 192.090530 261.973785 394.841522 9.648969 1.000000e+37
3381535 73067.273438 26157.517578 9553.195312 298.582001 284.284943 466.491058 10.946539 1.000000e+37
3381545 73896.718750 27823.083984 10250.366211 384.490021 40.373669 375.500519 10.205386 1.000000e+37
3381549 74646.718750 27204.300781 10738.851562 320.199829 92.693336 447.076385 9.024572 1.000000e+37
3381564 390.475433 27269.876953 8191.312500 89.456093 331.718964 416.222900 9.594421 1.000000e+37
3381567 74662.132812 27048.757812 9804.776367 124.926308 210.111862 487.263275 12.191036 1.000000e+37
3430258 74257.976562 28656.933594 9512.703125 380.268616 45.873829 364.206818 7.185749 1.000000e+37
3430549 73009.000000 27660.367188 10392.204102 412.030151 -6.981853 373.605408 8.549026 1.000000e+37
3430721 72730.726562 26477.431641 10664.919922 370.061005 9.296103 400.949921 11.987217 1.000000e+37
3430729 74047.945312 26271.041016 9579.761719 135.805618 367.764221 453.513245 12.811841 1.000000e+37
3430730 73900.742188 26619.785156 11167.058594 278.618683 297.478699 444.606689 5.873705 1.000000e+37
3430732 73552.304688 25795.326172 9104.418945 279.935913 227.533752 459.102386 9.806599 1.000000e+37
3430737 74301.039062 26570.212891 7782.583984 213.341660 285.050262 423.224854 11.633518 1.000000e+37
3430748 72740.500000 27116.978516 8192.060547 312.519806 59.909203 328.354523 8.977778 1.000000e+37
3430749 73714.468750 27492.933594 9264.227539 319.454437 79.001663 380.252472 9.835534 1.000000e+37
3430750 73712.046875 27526.615234 9774.437500 354.000916 63.444237 391.569641 8.233427 1.000000e+37
3430754 73560.531250 26605.708984 10376.222656 345.041077 71.444374 399.896942 10.482664 1.000000e+37
3430755 72948.671875 26950.109375 9070.893555 305.284515 82.675919 386.027161 11.856479 1.000000e+37
3430756 73983.414062 27544.658203 9336.489258 315.014862 78.908417 388.593353 11.104456 1.000000e+37
3430758 74090.281250 26207.701172 9452.583984 90.999748 249.227264 526.278625 12.520820 1.000000e+37
3430759 74027.335938 25892.378906 10880.002930 279.002502 209.843643 421.291534 14.254237 1.000000e+37
3430767 74481.039062 26831.566406 9856.175781 117.659447 286.036713 381.409760 8.140040 1.000000e+37
3430770 73998.578125 26659.191406 10972.946289 255.259186 241.078247 432.710480 12.262751 1.000000e+37
3430771 74590.304688 27182.662109 11147.434570 252.690811 250.719604 470.144409 9.343881 1.000000e+37
3482096 73813.164062 26047.052734 10144.276367 335.153503 272.108551 365.017578 10.607088 1.000000e+37
3482104 73810.007812 26344.535156 9904.999023 341.774872 198.092667 546.145813 8.020889 1.000000e+37
3482107 72980.023438 26031.884766 8324.442383 219.452911 286.167450 403.713196 6.826395 1.000000e+37
3482115 73756.750000 26689.968750 11005.783203 358.589996 63.196491 439.305206 9.842124 1.000000e+37
3482116 73774.742188 26793.466797 11353.705078 363.337097 65.933678 466.595337 6.298304 1.000000e+37
3482118 74366.992188 27842.662109 8805.027344 310.899719 93.806931 368.519714 8.381059 1.000000e+37
3482126 74720.765625 26282.373047 10325.288086 170.243347 232.785965 438.993042 9.995831 1.000000e+37
3482131 74363.101562 27612.810547 8576.022461 192.506317 271.842682 446.739899 10.810178 1.000000e+37
3535160 72143.164062 26034.150391 9717.485352 237.913727 280.256653 434.745300 12.292932 1.000000e+37
3535163 73972.117188 26717.367188 10736.237305 261.574005 287.383606 378.203613 8.914827 1.000000e+37
3535164 74183.515625 25927.630859 10998.546875 232.556442 196.332123 422.736145 11.243272 1.000000e+37
3535166 74255.328125 26032.478516 10402.422852 179.082794 238.396164 412.111145 8.254108 1.000000e+37
3535167 74758.492188 26542.216797 8798.680664 138.861938 240.332428 481.858032 10.541265 1.000000e+37
3535168 74267.914062 26328.412109 8462.333008 272.070679 194.278778 443.583191 11.374477 1.000000e+37
3535169 73385.500000 25845.933594 8866.296875 258.066803 251.688629 447.436890 9.577020 1.000000e+37
3535170 74116.296875 26470.890625 8001.659668 256.742798 236.071579 418.532471 11.752405 1.000000e+37
3535172 74484.937500 26589.414062 8418.809570 158.752670 197.057602 428.778809 10.374559 1.000000e+37
3535185 73317.406250 27092.726562 9371.954102 365.937927 37.677288 378.861542 10.032637 1.000000e+37
3535186 72924.960938 27063.253906 10070.959961 387.737549 10.818151 383.013367 8.664531 1.000000e+37
3535189 74153.562500 27290.968750 9960.794922 156.266724 237.598480 409.292725 9.653734 1.000000e+37
3535204 74686.656250 26956.212891 10339.837891 160.512680 259.779816 461.270721 10.496861 1.000000e+37
3535207 74776.257812 27029.734375 10119.224609 179.992905 236.236603 437.236389 10.129580 1.000000e+37
3590542 72754.226562 26490.841797 10671.402344 366.810608 5.624739 398.246185 8.487878 1.000000e+37
3590551 72313.695312 25886.253906 9807.064453 270.852631 213.337448 432.884216 6.747214 1.000000e+37
3590554 73810.687500 26669.726562 9631.107422 389.501923 169.926758 392.771027 12.003425 1.000000e+37
3590573 73445.343750 25954.724609 10992.999023 321.020660 104.676582 451.022034 9.445356 1.000000e+37
3590575 683.207581 27722.515625 10211.716797 255.418442 155.469788 460.072388 10.187781 1.000000e+37
3590584 193.859756 27131.093750 8243.341797 202.954926 167.512253 383.697205 11.204731 1.000000e+37
3590585 74218.257812 26937.630859 9195.547852 243.306854 244.574814 590.097534 8.335518 1.000000e+37
3590593 74933.601562 27146.732422 9723.592773 81.360077 269.910431 482.455139 5.280243 1.000000e+37
3590595 74491.015625 27094.744141 8646.125977 167.652100 205.870728 466.238098 12.095778 1.000000e+37
3590602 74699.328125 27606.626953 8846.298828 127.995224 248.491440 432.955353 12.054780 1.000000e+37
3648836 73679.890625 26197.054688 11173.930664 305.187469 265.420715 459.948090 9.132217 1.000000e+37
3648840 74798.984375 26767.160156 8123.991211 123.205620 194.009964 376.408813 10.335672 1.000000e+37
3648864 73691.437500 27490.398438 9082.050781 327.595612 80.203453 376.876373 7.013387 1.000000e+37
3648866 74917.078125 26917.931641 10905.255859 120.962013 251.755402 579.321411 9.029751 1.000000e+37
3648873 74954.359375 26852.386719 8565.576172 165.135422 163.284729 407.023834 9.910052 1.000000e+37
3648875 73957.250000 26781.093750 8918.930664 162.673508 301.213593 486.965759 11.602122 1.000000e+37
3648882 74476.351562 26860.015625 9721.467773 91.467819 226.588242 394.162750 10.793570 1.000000e+37
3648885 74762.500000 27395.750000 11237.160156 114.914719 268.250977 504.735565 10.207094 1.000000e+37
3648887 74528.687500 27533.996094 8738.255859 112.626709 278.609833 435.097717 12.199478 1.000000e+37
3709398 73715.648438 27029.734375 11564.737305 406.111877 39.214867 465.294983 8.776907 1.000000e+37
3709412 74132.078125 26682.044922 10742.781250 281.377716 273.168396 386.925873 8.295442 1.000000e+37
3709413 73169.710938 25880.492188 10685.062500 288.498932 238.123596 439.633667 12.170202 1.000000e+37
3709414 74154.125000 26339.794922 10372.581055 265.280884 318.453461 342.357269 11.664772 1.000000e+37
3709416 74369.625000 26855.810547 9539.513672 98.032356 159.603989 574.483826 10.045837 1.000000e+37
3709433 74218.460938 27778.681641 10910.574219 373.060181 44.266220 446.488159 8.706503 1.000000e+37
3709451 74742.851562 27435.433594 10660.234375 217.408127 225.175858 477.758118 10.132781 1.000000e+37
3709452 21.948921 27082.781250 9896.238281 82.597504 371.085327 464.153015 8.948048 1.000000e+37
3709453 687.461670 26866.750000 9215.329102 95.191628 371.014160 433.621185 7.896076 1.000000e+37
3772964 73503.562500 26421.271484 10551.303711 324.367859 270.806702 406.058960 10.527969 1.000000e+37
3772965 73559.351562 26349.537109 10997.457031 291.293854 273.912689 439.470612 12.057663 1.000000e+37
3772966 73684.000000 25926.246094 10505.256836 318.490356 279.505798 425.123474 12.013239 1.000000e+37
3772967 73571.453125 26609.990234 9754.385742 299.828064 370.058319 469.052704 11.813027 1.000000e+37
3772968 74487.250000 27052.062500 9659.677734 54.258751 257.720795 458.655975 7.705705 1.000000e+37
3772969 73017.007812 26130.550781 8237.872070 202.271881 266.913727 416.539795 7.809757 1.000000e+37
3772987 74767.953125 27915.531250 10166.892578 337.918457 86.577377 424.215332 6.765254 1.000000e+37
3772995 74336.445312 26516.982422 9132.486328 103.227226 298.952362 551.354919 12.115835 1.000000e+37
3773007 214.114990 27171.994141 9624.564453 82.709213 287.022644 455.399384 10.758183 1.000000e+37
3773008 74816.617188 27151.933594 7756.381836 195.092102 296.378326 430.904877 11.287007 1.000000e+37
3773009 74660.218750 26829.519531 8060.428223 164.201385 276.621918 474.390045 12.993487 1.000000e+37
3773012 73729.882812 26639.896484 11258.397461 237.170578 230.154404 454.356476 10.512230 1.000000e+37
3773013 74775.890625 27387.974609 11312.679688 118.071213 262.341919 489.910675 8.955321 1.000000e+37
3773014 882.865051 26488.433594 9587.024414 95.170387 374.005493 442.331848 9.731744 1.000000e+37
3773017 627.347351 27458.886719 8506.226562 117.484413 274.147644 388.082245 9.306404 1.000000e+37
3839332 72634.578125 27024.220703 9096.611328 358.393127 20.342880 346.005249 11.376236 1.000000e+37
3839596 74034.117188 26296.259766 10535.957031 290.833344 282.828125 356.432709 12.269327 1.000000e+37
3839605 72213.453125 26106.277344 9694.447266 258.001953 253.992935 435.296265 10.404655 1.000000e+37
3839607 72587.375000 25784.472656 9842.706055 258.521637 239.354416 445.405579 7.893279 1.000000e+37
3839609 73769.390625 26135.578125 9272.420898 276.219147 290.727783 521.108215 13.059461 1.000000e+37
3839613 72232.250000 26005.574219 9635.680664 257.018829 235.030273 447.345978 9.366153 1.000000e+37
3839622 73257.429688 27657.003906 8305.363281 340.862183 64.838486 325.808136 9.646777 1.000000e+37
3839623 73739.218750 27896.281250 9893.108398 402.182648 86.806801 355.193939 11.181573 1.000000e+37
3839624 73875.234375 27576.435547 10482.049805 379.673065 43.070282 404.063477 9.333652 1.000000e+37
3839626 73688.132812 25591.556641 10699.597656 287.599091 220.359085 427.836456 8.287555 1.000000e+37
3839629 74621.890625 27659.693359 11305.050781 354.138336 68.426140 483.713959 7.448987 1.000000e+37
3839630 111.494713 28249.046875 9501.086914 324.097137 120.257256 397.443787 8.152517 1.000000e+37
3839642 430.589966 27381.847656 10395.418945 244.627869 136.315659 458.162201 8.544992 1.000000e+37
3839651 74506.132812 26669.710938 9191.909180 127.938179 261.563904 415.241760 11.665545 1.000000e+37
3839655 183.630219 27097.791016 10533.596680 44.769081 234.567291 507.874878 10.959620 1.000000e+37
3839657 74621.625000 27065.029297 8364.073242 197.964096 209.606766 442.915741 10.500525 1.000000e+37
3839658 73777.351562 26542.484375 10534.250977 268.091522 189.469498 380.320221 7.360898 1.000000e+37
3839659 73652.585938 26573.328125 10629.224609 229.680435 191.647781 397.361450 10.083334 1.000000e+37
3839660 74639.914062 27292.626953 11377.232422 151.597534 272.995941 482.707855 10.919386 1.000000e+37
3839661 984.794556 26561.042969 10265.481445 90.199516 380.885498 471.835510 10.260817 1.000000e+37
3909239 74027.656250 26120.046875 9810.993164 240.332657 361.195679 537.911377 12.425526 1.000000e+37
3909245 73057.632812 25908.701172 8284.184570 229.791840 269.111664 407.646912 9.006591 1.000000e+37
3909253 72540.726562 26637.048828 8262.272461 295.013977 53.374226 334.049957 10.337906 1.000000e+37
3909260 73653.250000 27313.921875 9286.695312 333.859863 73.316536 387.089539 7.893015 1.000000e+37
3909261 73817.210938 27486.115234 9115.401367 323.641235 87.833595 383.244324 9.812786 1.000000e+37
3909263 333.697632 28089.839844 10160.884766 307.421509 124.340088 427.342773 8.795089 1.000000e+37
3909266 74618.515625 26483.658203 8454.959961 155.294373 232.636658 445.291809 13.402158 1.000000e+37
3909271 610.728333 26950.000000 10471.397461 118.489655 211.199997 492.877655 11.671295 1.000000e+37
3909276 507.630920 27392.115234 8360.063477 94.519760 349.453552 425.192780 8.501201 1.000000e+37
3909279 235.350906 27265.152344 8570.372070 123.492920 242.977875 406.249542 11.659192 1.000000e+37
3909280 74127.578125 26999.478516 9458.487305 242.060822 172.939301 470.469330 11.213169 1.000000e+37
3909282 63.216869 27626.289062 10858.472656 110.301620 272.761200 472.765839 9.775524 1.000000e+37
3909285 974.560486 26900.580078 9910.520508 91.192566 376.376770 460.561646 9.033241 1.000000e+37
3982542 72507.992188 26073.845703 10515.845703 251.170197 198.845673 391.638153 8.394447 1.000000e+37
3982817 73811.257812 26429.921875 10182.034180 205.774078 215.339966 277.600372 9.512565 1.000000e+37
3982827 72838.937500 26110.126953 10591.950195 267.516724 217.702713 405.202026 8.820319 1.000000e+37
3982831 73055.601562 26302.457031 8725.009766 261.955872 302.387360 399.188416 6.102030 1.000000e+37
3982832 73416.085938 26295.957031 9834.933594 334.386871 339.733673 455.175537 8.079357 1.000000e+37
3982849 213.646988 27248.453125 9826.043945 258.100037 115.902428 440.461761 8.703865 1.000000e+37
3982851 74215.609375 27326.371094 10058.250977 165.596008 241.360947 414.491058 7.240342 1.000000e+37
3982861 74148.289062 26400.976562 9317.090820 99.418701 294.284973 553.634155 9.267403 1.000000e+37
3982869 74811.789062 27152.123047 7890.808594 126.831375 214.221222 401.727295 7.982509 1.000000e+37
3982873 137.595184 26952.185547 10873.510742 200.366592 290.908905 512.357910 8.974870 1.000000e+37
3982875 19.465788 27306.900391 11135.580078 205.730804 200.071869 507.862610 5.624993 1.000000e+37
3982876 74115.734375 27156.058594 10837.224609 217.746552 258.882172 449.401306 11.188791 1.000000e+37
3982880 141.039673 27530.283203 8992.125977 124.360367 273.273163 442.838989 8.206566 1.000000e+37
4059974 72585.289062 27256.949219 8629.398438 354.756348 26.442972 322.590302 8.697418 1.000000e+37
4060276 73907.859375 26402.759766 10963.869141 284.924438 304.017395 419.777893 9.312653 1.000000e+37
4060279 73606.343750 25850.982422 10578.978516 305.245117 252.856415 399.903931 9.065089 1.000000e+37
4060281 74071.726562 26459.855469 7891.316895 263.565979 201.438995 397.665436 9.489593 1.000000e+37
4060288 72974.937500 26206.064453 8490.383789 236.054291 278.334381 415.436188 10.156828 1.000000e+37
4060289 72929.148438 26134.644531 9738.375977 292.468933 274.530060 467.056976 7.270768 1.000000e+37
4060305 72544.507812 26347.642578 10730.219727 352.255371 6.901265 403.784180 9.843123 1.000000e+37
4060306 72189.781250 26057.675781 9225.717773 213.328171 296.044250 418.091217 9.165928 1.000000e+37
4060316 74567.328125 26356.361328 8737.221680 139.180801 195.826950 434.305542 9.294506 1.000000e+37
4060324 361.253448 27261.794922 8105.903809 98.540733 330.520477 400.919891 9.504402 1.000000e+37
4060327 74936.093750 27192.023438 9497.319336 78.913216 272.395630 480.644745 10.125216 1.000000e+37
4060330 23.249760 26843.597656 10843.042969 200.126266 342.144928 486.885590 12.607448 1.000000e+37
4060335 620.845825 27848.107422 9279.757812 107.862701 327.617828 440.150299 9.913077 1.000000e+37
4060339 74586.882812 27024.539062 9653.903320 77.953766 194.161926 452.428864 10.795949 1.000000e+37
4140767 72637.093750 26459.089844 10255.907227 358.617798 17.942669 388.085083 8.955783 1.000000e+37
4141058 74041.906250 27319.541016 11447.575195 424.877563 40.743137 460.659607 8.096199 1.000000e+37
4141059 73872.648438 27917.099609 9999.596680 379.650146 36.121010 344.193970 9.804130 1.000000e+37
4141079 72701.648438 26101.060547 10543.326172 261.171021 216.133835 389.176636 10.159205 1.000000e+37
4141088 73955.929688 26223.341797 9834.850586 275.702332 337.372742 428.170166 10.177470 1.000000e+37
4141107 73374.953125 28084.660156 8382.622070 355.143768 63.920029 326.475830 6.433875 1.000000e+37
4141108 73214.734375 26866.865234 9067.724609 323.120789 68.818916 389.076324 8.528488 1.000000e+37
4141109 73373.312500 27241.208984 9279.175781 364.717834 40.693211 374.833466 9.142581 1.000000e+37
4141112 74148.593750 26968.365234 9158.044922 326.750000 51.690052 434.277405 7.205618 1.000000e+37
4141114 82.037514 27405.449219 10054.854492 149.386353 201.866028 445.306824 9.237861 1.000000e+37
4141115 74403.898438 26320.619141 9049.033203 101.296791 207.063004 402.080658 9.317885 1.000000e+37
4141116 239.673599 26637.398438 11127.243164 221.642426 302.943878 483.124817 8.081123 1.000000e+37
4141118 74007.664062 27680.640625 9748.465820 331.694031 65.923157 394.427948 9.107278 1.000000e+37
4141125 74331.085938 26764.548828 7487.308594 261.976410 181.735565 381.145813 7.951806 1.000000e+37
4141126 74559.304688 26731.757812 8264.586914 132.476822 207.484436 462.043762 7.889716 1.000000e+37
4141131 74856.296875 26957.892578 10652.294922 220.665634 233.721848 501.193695 8.240703 1.000000e+37
4141141 74957.109375 27484.177734 10043.820312 73.890442 331.603912 476.841095 9.940964 1.000000e+37
4225284 73686.781250 25943.412109 10836.243164 311.930634 189.670013 416.015472 6.871483 1.000000e+37
4225291 72691.859375 26104.460938 9740.638672 273.870636 264.911255 469.995728 8.733244 1.000000e+37
4225292 72129.601562 26108.923828 9534.167969 253.195099 232.190781 437.449097 7.605155 1.000000e+37
4225296 73631.218750 26430.724609 10571.504883 332.640350 275.923492 401.338531 10.011712 1.000000e+37
4225297 73161.671875 25556.763672 10853.995117 277.203552 203.055771 452.704437 10.057941 1.000000e+37
4225298 73924.617188 26682.332031 7544.052246 266.016235 187.802078 374.428162 7.318743 1.000000e+37
4225299 73135.554688 25787.123047 9359.554688 284.415833 228.107117 455.915192 9.130047 1.000000e+37
4225302 72624.726562 25800.431641 9793.720703 258.356384 243.670990 443.976868 9.894710 1.000000e+37
4225330 73730.617188 27216.121094 10281.078125 369.274445 47.362221 389.792175 7.195461 1.000000e+37
4225333 72122.406250 26124.648438 9320.199219 271.247589 81.476700 381.821930 7.737991 1.000000e+37
4225335 74599.320312 27190.625000 10542.360352 324.196655 88.080597 434.605286 7.190885 1.000000e+37
4225336 73673.492188 26837.556641 10338.137695 336.279327 56.600327 400.516724 8.656355 1.000000e+37
4225337 73546.140625 25575.503906 10833.151367 296.622284 208.128830 444.984833 5.984539 1.000000e+37
4225338 73486.125000 27165.496094 9434.326172 335.456299 67.290878 395.385559 9.697265 1.000000e+37
4225340 73950.812500 26441.904297 8907.797852 148.489120 269.404053 464.099213 10.597142 1.000000e+37
4225343 74873.601562 28339.718750 8786.292969 320.946411 124.746323 368.112579 9.053588 1.000000e+37
4225344 74038.296875 28003.771484 8124.278320 315.118683 104.552238 340.646057 8.719236 1.000000e+37
4225352 333.265900 27197.919922 9521.896484 177.919540 164.267609 439.283417 7.872595 1.000000e+37
4225363 74736.796875 27106.472656 8174.470215 110.312294 200.018112 412.077454 7.710322 1.000000e+37
4225366 73291.445312 26798.226562 9026.673828 237.381744 307.980377 463.177643 8.584266 1.000000e+37
4225369 46.575539 27567.248047 10705.420898 148.204025 297.544769 524.215332 9.961971 1.000000e+37
4225402 44.315323 24993.681641 10294.866211 110.857758 355.774506 465.698242 9.295952 1.000000e+37
4313129 72177.679688 26033.171875 9673.484375 242.269180 274.191681 437.283783 8.273517 1.000000e+37
4313130 73655.976562 26018.556641 10616.939453 340.125031 236.554916 424.502869 10.160204 1.000000e+37
4313131 74124.835938 26508.958984 7818.358887 259.046051 234.852798 405.136139 7.778889 1.000000e+37
4313133 73340.843750 25985.349609 8780.393555 242.660950 284.368744 440.942291 8.685233 1.000000e+37
4313141 73112.171875 26169.904297 9342.761719 295.042114 283.741211 457.800842 7.315568 1.000000e+37
4313155 73532.656250 26787.968750 10617.329102 349.826080 54.364357 413.889282 8.285505 1.000000e+37
4313156 72288.867188 26256.986328 8713.722656 283.518768 71.296608 329.206604 9.297389 1.000000e+37
4313157 74204.921875 27738.875000 11040.419922 386.403900 29.654345 449.629700 6.479238 1.000000e+37
4313158 72685.078125 26978.791016 9328.575195 364.404816 17.195528 353.156860 7.968303 1.000000e+37
4313162 33.801922 27237.962891 9113.814453 240.456360 123.047813 421.420929 6.833669 1.000000e+37
4313163 510.495056 27564.283203 10621.705078 281.387939 122.902863 454.923523 8.601315 1.000000e+37
4313175 454.604950 27515.011719 8759.276367 198.766144 179.673691 399.093750 7.400690 1.000000e+37
4313187 74548.367188 26680.515625 9314.528320 86.938148 259.327728 427.590820 9.939384 1.000000e+37
4313188 73902.328125 26818.089844 9117.613281 301.302979 236.559219 525.267456 11.007193 1.000000e+37
4313193 74944.210938 27720.228516 9583.150391 125.839661 261.702301 454.896240 7.712159 1.000000e+37
4313219 74787.617188 25219.146484 10836.890625 123.974991 367.630066 490.337677 7.738712 1.000000e+37
