#subID	 subGroupNr x	 y	 z	 vx	 yv	 yz	 vmax	 B_MAG V_MAG M_star
#subID	 groupID	 kpc/h	 kpc/h	 kpc/h	 km/s	 km/s	 km/s	 km/s	 mags mags 10^10Msun/h
388730 904 40591.488281 58380.691406 13355.762695 -38.599670 53.631306 61.744453 240.529770 -2.147685e+01 -2.208386e+01 6.544223
388731 904 40683.144531 58494.812500 13352.938477 -73.914101 42.468666 -4.252175 92.712440 -1.846727e+01 -1.906324e+01 0.313925
388732 904 40534.968750 58162.609375 13464.138672 14.649096 79.437607 -39.466515 63.729866 -1.586857e+01 -1.651311e+01 0.038344
388733 904 40676.046875 58439.738281 13529.550781 118.726288 195.193680 74.732719 51.456837 -1.470208e+01 -1.516669e+01 0.006404
388734 904 40523.167969 58290.382812 13556.916016 30.212038 24.328663 -119.554855 46.497448 -1.311195e+01 -1.370440e+01 0.002327
388735 904 40758.011719 58608.832031 13495.989258 -4.551632 127.853935 -88.394753 32.191891 1.000000e+37 1.000000e+37 0.000000
388736 904 40568.558594 58573.859375 13336.388672 -24.816690 -83.205399 163.659424 37.100029 -1.166066e+01 -1.229479e+01 0.001004
388737 904 40581.578125 58227.476562 13186.780273 -74.315361 -54.652107 39.011288 36.189590 -1.383039e+01 -1.454701e+01 0.008184
388738 904 40757.972656 58235.250000 13432.328125 -97.305885 93.562683 -108.254166 27.246744 -9.050672e+00 -9.617958e+00 0.000095
388739 904 40546.046875 58395.136719 13047.274414 -51.593414 141.698380 -20.133465 28.032448 1.000000e+37 1.000000e+37 0.000000
388740 904 40737.625000 58543.773438 13318.474609 -197.281860 128.251343 177.274582 27.892872 -8.965835e+00 -9.539207e+00 0.000097
388741 904 40740.757812 58553.929688 13457.254883 -53.178139 74.394135 -114.211967 25.741535 1.000000e+37 1.000000e+37 0.000000
388742 904 40406.062500 58331.402344 13343.707031 -23.814571 -131.722794 158.825439 21.024147 1.000000e+37 1.000000e+37 0.000000
388743 904 40498.445312 58588.140625 13288.079102 -182.979065 -106.257492 92.395271 15.101555 1.000000e+37 1.000000e+37 0.000000
388744 904 40642.582031 58390.437500 13283.618164 -77.892204 -116.035927 -11.457796 23.269476 -1.127685e+01 -1.190570e+01 0.000733
388745 904 40756.812500 58446.929688 13425.104492 -126.932175 65.776924 -13.708538 22.280125 -8.894831e+00 -9.448704e+00 0.000071
388746 904 40653.136719 58380.074219 13199.902344 -154.666687 72.289268 2.802478 22.500050 1.000000e+37 1.000000e+37 0.000000
388747 904 40580.472656 58251.078125 13399.027344 108.551765 173.625931 225.963837 18.834364 1.000000e+37 1.000000e+37 0.000000
388748 904 40496.945312 58294.972656 13161.509766 -135.997528 195.568893 -9.921076 13.921836 1.000000e+37 1.000000e+37 0.000000
388749 904 40611.843750 58506.402344 13266.575195 -43.896481 283.999237 19.316206 14.465798 1.000000e+37 1.000000e+37 0.000000
388750 904 40568.441406 58406.625000 13430.114258 226.044113 153.515259 22.119156 15.633474 1.000000e+37 1.000000e+37 0.000000
388751 904 40532.968750 58199.105469 13354.562500 20.947264 208.077759 -9.955281 17.313946 1.000000e+37 1.000000e+37 0.000000
388752 904 40561.871094 58414.621094 13554.015625 165.197189 -46.850948 4.083835 12.906438 1.000000e+37 1.000000e+37 0.000000
388753 904 40603.699219 58586.890625 13441.083984 -21.823763 -88.904625 193.047653 14.983463 1.000000e+37 1.000000e+37 0.000000
388754 904 40409.406250 58446.937500 13181.719727 -24.711926 -4.405721 217.932404 14.272777 1.000000e+37 1.000000e+37 0.000000
388755 904 40570.054688 58441.421875 13362.344727 137.417206 103.204346 315.389130 15.500169 1.000000e+37 1.000000e+37 0.000000
388756 904 40564.972656 58529.300781 13128.760742 -71.876541 83.839005 183.454819 13.504642 1.000000e+37 1.000000e+37 0.000000
388757 904 40680.269531 58377.148438 13234.548828 -20.626234 -56.010406 -155.420624 11.460971 1.000000e+37 1.000000e+37 0.000000
388758 904 40553.937500 58514.925781 13270.327148 -44.358070 -72.481110 216.250458 13.524989 1.000000e+37 1.000000e+37 0.000000
388759 904 40504.304688 58264.890625 13575.191406 50.813950 38.810467 -94.814430 14.087141 1.000000e+37 1.000000e+37 0.000000
388760 904 40540.003906 58427.871094 13292.282227 -233.384995 46.282631 68.863953 16.107239 1.000000e+37 1.000000e+37 0.000000
388761 904 40334.339844 58479.781250 13310.996094 -11.584947 44.503273 128.618149 13.037061 1.000000e+37 1.000000e+37 0.000000
388762 904 40587.984375 58479.648438 13216.151367 -98.925461 -71.023422 241.822754 13.103952 1.000000e+37 1.000000e+37 0.000000
388763 904 40554.808594 58236.179688 13445.471680 100.437180 152.578964 215.048721 11.206257 1.000000e+37 1.000000e+37 0.000000
388764 904 40674.851562 58305.484375 13298.036133 -198.918671 141.777878 -117.543114 14.022269 1.000000e+37 1.000000e+37 0.000000
388765 904 40720.363281 58475.558594 13228.098633 -85.096130 -124.834412 90.693008 13.273680 1.000000e+37 1.000000e+37 0.000000
388766 904 40645.078125 58571.574219 13290.583008 32.491280 111.985268 201.917130 13.483292 1.000000e+37 1.000000e+37 0.000000
388767 904 40617.714844 58368.625000 13575.494141 -5.533960 170.903503 -106.352638 11.083227 1.000000e+37 1.000000e+37 0.000000
388768 904 40607.355469 58355.390625 13256.839844 96.719803 -3.188479 284.303558 11.949587 1.000000e+37 1.000000e+37 0.000000
388769 904 40683.175781 58452.441406 13450.594727 -106.830299 126.090218 255.139755 13.524226 1.000000e+37 1.000000e+37 0.000000
388770 904 40609.742188 58561.496094 13246.178711 -8.600673 61.971298 198.134796 11.395647 1.000000e+37 1.000000e+37 0.000000
388771 904 40522.910156 58443.398438 13329.495117 -62.946896 -46.325150 67.845665 9.763422 1.000000e+37 1.000000e+37 0.000000
388772 904 40609.269531 58463.371094 13269.959961 131.275177 102.642250 -45.682102 10.160365 1.000000e+37 1.000000e+37 0.000000
388773 904 40482.414062 58322.347656 13440.230469 -67.665619 35.981827 249.166809 9.122532 1.000000e+37 1.000000e+37 0.000000
388774 904 40453.808594 58395.875000 13256.409180 133.318039 6.105715 121.487747 9.991547 1.000000e+37 1.000000e+37 0.000000
388775 904 40486.988281 58234.601562 13284.309570 18.215508 199.768311 15.744620 10.390815 1.000000e+37 1.000000e+37 0.000000
388776 904 40654.925781 58644.515625 13401.729492 -62.067944 -136.911163 28.505835 8.646317 1.000000e+37 1.000000e+37 0.000000
388777 904 40422.144531 58360.957031 13170.323242 9.482645 -7.195590 -102.603317 8.181609 1.000000e+37 1.000000e+37 0.000000
388778 904 40648.265625 58493.281250 13589.169922 82.262993 159.951370 99.123802 12.305468 1.000000e+37 1.000000e+37 0.000000
388779 904 40641.105469 58344.699219 13309.487305 -101.496941 335.301605 22.194885 9.910843 1.000000e+37 1.000000e+37 0.000000
388780 904 40723.328125 58549.371094 13288.274414 -97.182213 -64.683273 -39.575924 11.664155 1.000000e+37 1.000000e+37 0.000000
388781 904 40617.488281 58551.941406 13330.248047 114.696396 -79.667381 -0.633927 10.559454 1.000000e+37 1.000000e+37 0.000000
388782 904 40627.539062 58385.406250 13355.215820 60.233383 -283.508667 208.035202 12.233890 1.000000e+37 1.000000e+37 0.000000
388783 904 40571.417969 58409.757812 13253.614258 55.030251 171.048798 28.439272 10.019045 1.000000e+37 1.000000e+37 0.000000
388784 904 40665.140625 58461.480469 13535.839844 42.520428 24.034941 -127.441437 12.542154 1.000000e+37 1.000000e+37 0.000000
388785 904 40498.183594 58580.058594 13298.202148 -184.649323 -116.687683 91.065941 10.842386 1.000000e+37 1.000000e+37 0.000000
388786 904 40366.664062 58495.699219 13269.543945 -149.175613 57.169464 85.593262 8.526982 1.000000e+37 1.000000e+37 0.000000
415951 1373 40745.093750 58399.148438 12532.864258 -57.031013 71.776688 154.176483 230.900787 -2.106458e+01 -2.161657e+01 4.266023
415952 1373 40851.718750 58275.406250 12452.974609 -156.934631 53.601280 291.903320 46.670380 -1.318028e+01 -1.371385e+01 0.002247
415953 1373 40798.656250 58183.062500 12480.165039 -100.662613 70.198830 220.389633 42.232170 -1.258048e+01 -1.321941e+01 0.001980
415954 1373 40921.804688 58280.558594 12533.062500 -30.603594 191.852951 177.355286 30.474791 1.000000e+37 1.000000e+37 0.000000
415955 1373 40906.593750 58455.777344 12439.759766 -63.752842 129.463821 250.582672 28.157621 -1.088947e+01 -1.149509e+01 0.000472
415956 1373 40872.386719 58192.562500 12447.352539 83.519135 102.219040 176.075623 24.951405 1.000000e+37 1.000000e+37 0.000000
415957 1373 40829.437500 58485.480469 12435.184570 7.869902 175.927765 310.211121 23.598177 1.000000e+37 1.000000e+37 0.000000
415958 1373 40660.472656 58457.968750 12513.707031 134.465988 167.166687 265.592407 22.130564 1.000000e+37 1.000000e+37 0.000000
415959 1373 40890.335938 58482.195312 12567.426758 -204.549576 161.840714 195.773972 19.039560 1.000000e+37 1.000000e+37 0.000000
415960 1373 40919.816406 58417.750000 12562.370117 65.929947 -6.328897 116.873215 21.841276 1.000000e+37 1.000000e+37 0.000000
415961 1373 40945.031250 58317.761719 12643.679688 -72.335144 18.411369 73.647888 18.722664 1.000000e+37 1.000000e+37 0.000000
415962 1373 40703.347656 58382.863281 12499.122070 -96.877617 328.073486 65.531113 21.162674 1.000000e+37 1.000000e+37 0.000000
415963 1373 40761.296875 58574.703125 12590.328125 2.895968 65.844147 199.545334 19.553917 -9.100254e+00 -9.653398e+00 0.000073
415964 1373 40688.378906 58424.625000 12605.636719 -63.157127 -75.606331 -38.226032 17.744867 1.000000e+37 1.000000e+37 0.000000
415965 1373 40882.253906 58417.664062 12524.048828 -111.300865 207.189560 66.836823 16.166964 1.000000e+37 1.000000e+37 0.000000
415966 1373 40705.890625 58455.066406 12683.953125 36.651863 14.816240 96.178886 16.161530 -8.180206e+00 -8.751482e+00 0.000045
415967 1373 40676.695312 58546.785156 12575.808594 -191.553284 152.713654 190.905716 10.732870 1.000000e+37 1.000000e+37 0.000000
415968 1373 40930.058594 58249.042969 12596.626953 -139.334991 26.073214 177.985382 11.766371 1.000000e+37 1.000000e+37 0.000000
415969 1373 40829.644531 58250.042969 12449.205078 115.870125 108.368599 118.286560 12.305115 1.000000e+37 1.000000e+37 0.000000
415970 1373 40549.679688 58444.949219 12604.607422 -121.403961 84.127464 -18.159269 13.311527 1.000000e+37 1.000000e+37 0.000000
415971 1373 40817.496094 58453.253906 12485.831055 -249.422928 167.743622 182.182785 14.977651 1.000000e+37 1.000000e+37 0.000000
415972 1373 40899.746094 58361.007812 12561.581055 -104.949234 219.609955 100.493240 11.843793 1.000000e+37 1.000000e+37 0.000000
415973 1373 40871.417969 58341.914062 12683.114258 -136.089554 88.734573 35.038677 14.322034 1.000000e+37 1.000000e+37 0.000000
415974 1373 40860.281250 58269.777344 12556.303711 12.814139 216.708740 150.900925 12.578261 1.000000e+37 1.000000e+37 0.000000
415975 1373 40588.636719 58503.582031 12666.942383 -154.948898 36.980156 209.361450 14.048873 1.000000e+37 1.000000e+37 0.000000
415976 1373 40552.609375 58359.093750 12495.087891 53.928955 214.410828 127.685081 10.776603 1.000000e+37 1.000000e+37 0.000000
415977 1373 40877.550781 58338.558594 12507.223633 -122.146606 246.025421 166.320908 11.698687 1.000000e+37 1.000000e+37 0.000000
415978 1373 40624.585938 58297.406250 12642.720703 -26.141603 -27.226559 186.957916 9.173445 1.000000e+37 1.000000e+37 0.000000
415979 1373 40704.949219 58542.921875 12530.095703 -92.867294 -1.701664 239.650726 13.734838 1.000000e+37 1.000000e+37 0.000000
415980 1373 40938.429688 58215.500000 12500.523438 -65.880333 183.950928 207.534103 10.962116 1.000000e+37 1.000000e+37 0.000000
415981 1373 40906.226562 58230.316406 12607.173828 -152.725601 44.382751 166.958237 10.777925 1.000000e+37 1.000000e+37 0.000000
415982 1373 40647.769531 58299.195312 12724.556641 -7.901574 155.414993 168.538620 13.241508 1.000000e+37 1.000000e+37 0.000000
415983 1373 40629.453125 58430.703125 12622.583008 -77.901024 -10.349787 164.249542 16.091324 1.000000e+37 1.000000e+37 0.000000
415984 1373 40737.046875 58409.902344 12505.204102 -291.551666 -109.544830 -26.931551 13.393931 1.000000e+37 1.000000e+37 0.000000
415985 1373 40877.488281 58304.648438 12657.643555 -62.096428 37.409664 -24.358170 9.871328 1.000000e+37 1.000000e+37 0.000000
415986 1373 40907.226562 58228.304688 12450.739258 -140.186584 27.591354 267.645996 6.951399 1.000000e+37 1.000000e+37 0.000000
415987 1373 40675.933594 58527.546875 12452.598633 59.914803 58.019234 69.419563 10.557267 1.000000e+37 1.000000e+37 0.000000
415988 1373 40614.402344 58531.855469 12559.656250 -1.195342 34.883232 196.493942 12.347501 1.000000e+37 1.000000e+37 0.000000
415989 1373 40636.250000 58243.578125 12525.507812 26.749821 -7.615714 19.782505 11.197953 1.000000e+37 1.000000e+37 0.000000
415990 1373 40651.933594 58276.585938 12678.601562 11.046553 157.379395 204.943771 11.302976 1.000000e+37 1.000000e+37 0.000000
415991 1373 40797.976562 58261.042969 12444.095703 -5.661786 78.601364 86.098412 12.901917 1.000000e+37 1.000000e+37 0.000000
415992 1373 40648.253906 58204.214844 12521.456055 -60.600792 -18.352440 224.253418 7.816460 1.000000e+37 1.000000e+37 0.000000
415993 1373 40855.550781 58201.292969 12661.102539 -199.778870 167.044647 57.677525 5.593251 1.000000e+37 1.000000e+37 0.000000
415994 1373 40869.554688 58289.867188 12558.929688 5.473396 218.636658 147.626953 8.336765 1.000000e+37 1.000000e+37 0.000000
415995 1373 40922.546875 58312.742188 12735.394531 -56.083473 112.754913 69.492821 10.737760 1.000000e+37 1.000000e+37 0.000000
415996 1373 40838.648438 58165.582031 12426.967773 79.624062 113.753838 155.201294 10.199932 1.000000e+37 1.000000e+37 0.000000
415997 1373 40721.585938 58304.332031 12440.869141 62.620953 33.373875 -18.887333 8.888132 1.000000e+37 1.000000e+37 0.000000
415998 1373 40924.695312 58308.421875 12646.209961 -11.611024 95.785515 50.464413 7.884586 1.000000e+37 1.000000e+37 0.000000
540328 8782 41137.425781 59471.167969 12716.902344 -96.718231 8.922981 96.389000 110.692368 -1.964644e+01 -1.997859e+01 0.430424
540329 8782 41151.472656 59491.812500 12735.263672 -55.976612 19.470276 73.577698 12.894188 1.000000e+37 1.000000e+37 0.000000
540330 8782 41173.203125 59497.500000 12728.702148 -53.567059 -8.521518 52.059116 21.728226 -1.007378e+01 -1.064240e+01 0.000163
546121 9516 41009.781250 58730.800781 11885.121094 -139.619324 49.757496 137.128510 110.932640 -1.887897e+01 -1.925909e+01 0.275593
546122 9516 41003.828125 58736.460938 11796.762695 -158.846008 66.836197 116.785698 27.074474 -1.082641e+01 -1.141002e+01 0.000416
546123 9516 41099.242188 58650.160156 11815.543945 -193.895508 0.137606 147.966690 15.339832 1.000000e+37 1.000000e+37 0.000000
546124 9516 40965.937500 58688.023438 11945.700195 -120.115021 -19.398867 170.680130 12.931355 1.000000e+37 1.000000e+37 0.000000
546125 9516 41017.621094 58673.730469 11784.492188 -138.728226 82.370781 148.100815 13.791391 1.000000e+37 1.000000e+37 0.000000
546126 9516 40981.324219 58613.535156 11919.273438 -93.975410 17.460844 139.386124 12.054944 1.000000e+37 1.000000e+37 0.000000
546127 9516 41082.554688 58772.199219 11890.567383 -77.318184 -77.374420 98.982857 9.717470 1.000000e+37 1.000000e+37 0.000000
546128 9516 40966.550781 58620.023438 11904.058594 -92.528358 39.773323 152.334961 9.511037 1.000000e+37 1.000000e+37 0.000000
573259 13688 40395.675781 58184.460938 14174.787109 -13.876437 91.993217 19.497444 89.126175 -1.822023e+01 -1.866671e+01 0.143616
573260 13688 40387.375000 58223.148438 14203.722656 37.549538 126.059990 11.718986 13.026218 1.000000e+37 1.000000e+37 0.000000
573261 13688 40361.730469 58125.820312 14141.692383 96.160843 70.234367 106.140747 9.912571 1.000000e+37 1.000000e+37 0.000000
602911 20055 40455.726562 57850.605469 12745.378906 -61.988373 170.136948 87.521370 85.428406 -1.734837e+01 -1.794688e+01 0.125065
602912 20055 40493.503906 57837.574219 12765.702148 -109.972618 222.293930 123.386574 13.736329 1.000000e+37 1.000000e+37 0.000000
653059 35209 40927.351562 59062.539062 12731.242188 -93.464447 -13.703102 113.955849 55.948448 -1.484619e+01 -1.541198e+01 0.009760
653060 35209 40928.898438 59027.847656 12721.407227 -102.937675 36.008404 87.396431 50.807858 -1.361741e+01 -1.415114e+01 0.003194
673780 43093 40729.011719 58856.328125 13336.554688 -74.468880 -73.485374 76.283028 63.855072 -1.556436e+01 -1.607238e+01 0.015854
673781 43093 40718.402344 58850.988281 13338.102539 -92.477913 -82.795181 116.510307 19.102201 -9.566078e+00 -1.006434e+01 0.000060
673782 43093 40757.039062 58889.414062 13362.308594 -49.718216 -84.241524 18.321129 11.178141 1.000000e+37 1.000000e+37 0.000000
683569 47172 40859.796875 58466.351562 12017.805664 -122.105103 47.136932 158.268890 56.169662 -1.472010e+01 -1.532713e+01 0.010718
683570 47172 40848.441406 58479.386719 12053.374023 -38.735195 -8.576221 189.380020 16.974663 1.000000e+37 1.000000e+37 0.000000
710458 59416 40707.195312 58461.539062 13720.344727 -12.934461 155.160751 -35.707321 57.123730 -1.426901e+01 -1.494896e+01 0.009227
710459 59416 40720.027344 58452.730469 13742.382812 54.365242 183.308640 -59.003872 15.377653 1.000000e+37 1.000000e+37 0.000000
728234 68290 40643.660156 57704.937500 12495.578125 4.046721 146.444412 105.726547 52.966583 -1.285223e+01 -1.347406e+01 0.002337
775133 94153 40792.910156 58179.718750 12249.154297 25.429443 101.368935 99.797363 44.880241 -1.300937e+01 -1.359106e+01 0.002242
815056 117846 40445.199219 58477.480469 12982.314453 -16.500835 91.451675 70.364128 43.394272 -1.356284e+01 -1.424632e+01 0.005295
826974 125188 40265.097656 58145.718750 13105.754883 4.479994 -0.298167 155.220566 40.525887 -1.186874e+01 -1.245878e+01 0.000813
826975 125188 40242.832031 58142.089844 13123.099609 -38.587574 71.731552 168.904648 10.800611 1.000000e+37 1.000000e+37 0.000000
874460 155254 40653.566406 58292.691406 14231.056641 7.234132 0.483074 22.215393 33.356556 -1.044742e+01 -1.093486e+01 0.000164
895611 169272 40208.968750 58085.886719 14198.612305 79.600220 65.762383 91.445900 28.255100 1.000000e+37 1.000000e+37 0.000000
895612 169272 40231.316406 58095.046875 14182.298828 63.811623 98.787804 101.902756 16.263735 1.000000e+37 1.000000e+37 0.000000
897979 170866 40727.050781 59019.746094 13444.219727 -52.171349 -56.240303 47.578434 33.916397 -8.679988e+00 -9.241197e+00 0.000063
921305 186887 40935.238281 58239.066406 12676.909180 -94.708405 -0.456083 141.237885 28.266123 -1.002008e+01 -1.060650e+01 0.000241
921306 186887 40975.812500 58256.878906 12664.937500 -32.567047 35.609161 85.590698 24.299934 1.000000e+37 1.000000e+37 0.000000
923008 188082 40772.859375 59458.539062 13843.416992 -10.563339 -0.272736 86.687065 24.674530 -8.781205e+00 -9.350065e+00 0.000076
950490 207976 40457.496094 57819.894531 13938.025391 37.026173 129.484756 89.427299 26.415358 1.000000e+37 1.000000e+37 0.000000
1021787 262707 40712.238281 58413.277344 12779.196289 -135.461411 14.521119 228.097046 9.681003 1.000000e+37 1.000000e+37 0.000000
1025624 265769 40394.398438 57676.062500 13012.370117 -75.161057 159.091782 58.248871 23.978016 1.000000e+37 1.000000e+37 0.000000
1025625 265769 40405.406250 57681.589844 12992.357422 -88.368729 161.092728 78.068237 10.415421 1.000000e+37 1.000000e+37 0.000000
1038802 276340 40731.519531 59325.152344 13866.967773 -39.668720 -6.127061 57.090694 26.447695 1.000000e+37 1.000000e+37 0.000000
1040873 278022 40411.386719 57982.441406 12771.865234 -26.125267 144.234299 119.018715 25.402010 1.000000e+37 1.000000e+37 0.000000
1106532 332521 40569.824219 58576.007812 13109.202148 13.676261 -7.457075 136.734268 27.858765 -1.011800e+01 -1.068307e+01 0.000204
1108858 334474 40801.527344 58583.687500 13095.574219 -68.017807 155.048126 153.126984 21.318630 1.000000e+37 1.000000e+37 0.000000
1116051 340592 40206.304688 57687.792969 13822.828125 23.648981 127.343132 99.165596 21.279495 1.000000e+37 1.000000e+37 0.000000
1122660 346255 40734.917969 58421.035156 13807.582031 32.025444 155.242340 -28.275280 22.018345 1.000000e+37 1.000000e+37 0.000000
1129288 351965 40220.968750 58176.085938 14064.761719 -67.942078 160.305527 61.876263 18.647549 1.000000e+37 1.000000e+37 0.000000
1131851 354179 40955.980469 58469.359375 12084.478516 -90.590233 -5.075866 175.934647 24.335993 1.000000e+37 1.000000e+37 0.000000
1207634 420680 40962.171875 58193.179688 13020.554688 -30.025164 174.606934 108.482574 20.954948 1.000000e+37 1.000000e+37 0.000000
1227922 438902 40248.820312 58565.199219 13551.224609 21.290083 90.401031 -31.137951 21.777477 1.000000e+37 1.000000e+37 0.000000
1247238 456398 40440.574219 58217.425781 13155.534180 -56.568558 -5.192440 128.505020 17.057903 1.000000e+37 1.000000e+37 0.000000
1261863 469795 40302.820312 58199.515625 13313.433594 6.652894 -9.499556 177.863922 22.396832 1.000000e+37 1.000000e+37 0.000000
1290653 496334 40770.828125 58002.253906 12419.447266 32.313972 64.612236 152.525925 21.256737 1.000000e+37 1.000000e+37 0.000000
1292380 497928 40912.519531 58331.597656 13412.556641 30.099346 69.803703 -78.007309 19.920345 1.000000e+37 1.000000e+37 0.000000
1294083 499483 41060.667969 58881.238281 11738.526367 -189.660263 105.300331 140.947281 18.715757 1.000000e+37 1.000000e+37 0.000000
1297586 502728 40744.457031 59074.089844 12765.737305 -113.167961 3.486806 57.397659 21.242352 1.000000e+37 1.000000e+37 0.000000
1302839 507631 40727.515625 58537.406250 12791.417969 -64.429649 91.553093 -5.529315 24.874676 1.000000e+37 1.000000e+37 0.000000
1336979 539542 40872.667969 58929.882812 13008.646484 -172.084106 26.224352 75.813087 17.641930 1.000000e+37 1.000000e+37 0.000000
1342958 545144 40449.750000 58207.984375 14032.648438 -50.182426 124.624146 2.126516 20.322678 1.000000e+37 1.000000e+37 0.000000
1342959 545145 40514.566406 58139.601562 13553.777344 -47.870697 41.563942 -40.434231 22.428911 -8.959104e+00 -9.521996e+00 0.000083
1351210 552910 40303.750000 57909.718750 13961.140625 35.279377 140.786530 77.499710 20.623451 1.000000e+37 1.000000e+37 0.000000
1351263 552962 39619.144531 57734.117188 13499.238281 43.734528 64.354149 110.219055 13.816349 1.000000e+37 1.000000e+37 0.000000
1351264 552962 39632.187500 57742.425781 13507.957031 37.974636 56.610588 102.067848 13.495522 1.000000e+37 1.000000e+37 0.000000
1368353 569123 40977.789062 57897.789062 12511.199219 -152.505264 140.817032 96.111893 18.246334 1.000000e+37 1.000000e+37 0.000000
1375179 575631 40249.375000 58456.605469 14196.987305 -3.346584 98.701950 54.340370 15.244124 1.000000e+37 1.000000e+37 0.000000
1375180 575631 40231.687500 58427.824219 14206.737305 -6.246827 120.216225 66.843307 13.204154 1.000000e+37 1.000000e+37 0.000000
1403319 602572 40812.343750 58315.519531 13678.839844 -95.464188 -62.640381 -10.328404 19.900488 1.000000e+37 1.000000e+37 0.000000
1421123 619778 40308.320312 58465.878906 14087.002930 4.425468 90.103760 40.368519 18.286135 1.000000e+37 1.000000e+37 0.000000
1426484 624927 40633.054688 58556.839844 12819.427734 -50.239990 77.149414 40.879883 22.566486 1.000000e+37 1.000000e+37 0.000000
1439846 637861 40120.804688 57548.832031 13832.771484 36.614311 100.769188 96.361679 17.014837 1.000000e+37 1.000000e+37 0.000000
1453890 651524 40352.882812 58447.910156 13631.068359 -66.956032 -19.005791 62.356102 21.481407 1.000000e+37 1.000000e+37 0.000000
1480811 677834 40666.562500 57554.093750 12007.040039 -26.074715 91.820824 132.118576 18.070292 1.000000e+37 1.000000e+37 0.000000
1490299 687138 41016.289062 58463.648438 12562.850586 -140.946060 175.522949 192.686462 18.864645 1.000000e+37 1.000000e+37 0.000000
1499843 696566 40904.539062 57938.003906 12011.317383 -39.129593 135.259399 145.042114 18.570955 1.000000e+37 1.000000e+37 0.000000
1534073 730636 40971.796875 58461.902344 12814.925781 -149.623535 -23.828100 75.940575 19.673916 1.000000e+37 1.000000e+37 0.000000
1541346 737867 41040.558594 58579.695312 11796.455078 -151.773270 -29.446072 78.074577 13.223181 1.000000e+37 1.000000e+37 0.000000
1548612 745204 40456.070312 58631.289062 13692.325195 -81.425629 -34.661209 103.791687 22.052254 1.000000e+37 1.000000e+37 0.000000
1556241 752807 40391.527344 58464.429688 14047.497070 -27.782824 -3.752611 -8.632322 15.152811 1.000000e+37 1.000000e+37 0.000000
1579962 776717 40608.972656 58140.988281 13389.528320 -107.980064 66.234146 -103.654831 15.356378 1.000000e+37 1.000000e+37 0.000000
1596353 793308 40668.839844 58643.027344 13845.795898 -27.205433 -50.895206 2.601176 18.501799 1.000000e+37 1.000000e+37 0.000000
1600536 797540 40877.089844 58216.125000 12728.967773 -83.765793 -14.486460 154.454193 14.933018 1.000000e+37 1.000000e+37 0.000000
1646015 844097 40473.171875 57878.792969 13883.182617 34.372402 134.957596 106.609428 15.543324 1.000000e+37 1.000000e+37 0.000000
1660412 858916 40929.496094 58394.597656 12756.385742 11.449298 -0.878711 142.707794 19.953054 1.000000e+37 1.000000e+37 0.000000
1712680 913313 40549.500000 58271.394531 14079.692383 20.167566 143.018082 69.447418 8.610603 1.000000e+37 1.000000e+37 0.000000
1712681 913313 40531.121094 58262.183594 14064.261719 2.093098 152.999603 63.873970 7.630855 1.000000e+37 1.000000e+37 0.000000
1729762 931128 40314.796875 58239.160156 13816.373047 32.522820 98.029732 12.765283 16.896441 1.000000e+37 1.000000e+37 0.000000
1753636 956239 41007.105469 58646.359375 11622.583984 -46.569740 35.208855 156.309280 18.325291 1.000000e+37 1.000000e+37 0.000000
1753740 956353 40480.890625 58908.441406 13793.007812 -35.166069 -35.979191 26.519512 16.314909 1.000000e+37 1.000000e+37 0.000000
1765714 969041 40223.718750 58096.648438 14096.360352 -75.317047 169.837234 59.562206 13.118285 1.000000e+37 1.000000e+37 0.000000
1784753 989255 40372.734375 58391.113281 13547.057617 80.510956 7.117958 118.127792 13.910018 1.000000e+37 1.000000e+37 0.000000
1784755 989257 40933.843750 58562.808594 12384.387695 -88.190544 159.795074 246.924957 15.083001 1.000000e+37 1.000000e+37 0.000000
1831942 1039836 40536.078125 58146.457031 12575.439453 -72.849869 82.911903 40.159565 14.207671 1.000000e+37 1.000000e+37 0.000000
1831943 1039837 40529.261719 58165.500000 12192.989258 -50.722485 162.215195 186.490891 17.418915 1.000000e+37 1.000000e+37 0.000000
1832154 1040061 40844.507812 58751.269531 13387.761719 -192.788132 0.470416 37.725986 16.083015 1.000000e+37 1.000000e+37 0.000000
1839062 1047553 40725.218750 58614.042969 13604.980469 -28.144068 28.636562 -38.363243 17.536896 1.000000e+37 1.000000e+37 0.000000
1846326 1055331 40429.113281 57917.816406 14234.606445 -40.241467 80.294350 30.618475 10.979981 1.000000e+37 1.000000e+37 0.000000
1868534 1079448 40708.816406 58071.820312 12477.665039 24.422430 117.256378 173.509232 15.664988 1.000000e+37 1.000000e+37 0.000000
1876312 1087872 40482.859375 58707.785156 13671.325195 -93.721764 -50.550758 -7.746891 13.150356 1.000000e+37 1.000000e+37 0.000000
1916055 1131388 41025.234375 57852.996094 12496.779297 -150.909058 142.702240 93.182137 16.291040 1.000000e+37 1.000000e+37 0.000000
1933101 1150159 40810.367188 59402.464844 13423.700195 -55.005280 -19.968195 68.171539 13.389982 1.000000e+37 1.000000e+37 0.000000
1933103 1150161 41110.621094 59007.445312 13113.676758 -85.671684 -16.892435 74.593262 14.448595 1.000000e+37 1.000000e+37 0.000000
1950256 1169054 40661.800781 58156.089844 12234.399414 23.372469 177.457916 151.159637 15.102943 1.000000e+37 1.000000e+37 0.000000
1950257 1169055 40369.199219 57814.589844 13080.715820 -70.463791 165.223816 60.860466 16.046539 1.000000e+37 1.000000e+37 0.000000
1977452 1199354 40289.289062 58470.773438 13689.427734 -14.300777 140.206558 -19.604704 13.946351 1.000000e+37 1.000000e+37 0.000000
1977456 1199358 40677.207031 58305.042969 13675.811523 124.483643 16.323706 4.471742 10.183967 1.000000e+37 1.000000e+37 0.000000
1977457 1199359 40503.277344 58287.359375 13080.000977 -105.509285 -33.219276 88.569115 11.879882 1.000000e+37 1.000000e+37 0.000000
1977712 1199637 40537.589844 58055.078125 14256.500977 -52.764008 82.142593 40.800529 16.588205 1.000000e+37 1.000000e+37 0.000000
1986736 1209810 41428.441406 57554.394531 12732.716797 -126.099739 98.311218 85.587006 13.695078 1.000000e+37 1.000000e+37 0.000000
1986739 1209813 40477.488281 58170.269531 14227.153320 82.652420 138.671692 52.107338 9.697552 1.000000e+37 1.000000e+37 0.000000
2005933 1231409 40844.773438 58357.984375 13593.524414 83.726189 60.400074 -45.922832 13.844910 1.000000e+37 1.000000e+37 0.000000
2015555 1242265 40925.523438 58412.765625 13191.745117 -102.597504 177.740494 130.075531 15.432057 1.000000e+37 1.000000e+37 0.000000
2015822 1242561 40871.382812 59077.769531 12600.085938 -97.765549 1.011208 127.311203 17.499565 1.000000e+37 1.000000e+37 0.000000
2025745 1253773 40916.023438 58977.320312 12604.507812 -127.615982 -0.292597 81.539474 13.365008 1.000000e+37 1.000000e+37 0.000000
2025746 1253774 40658.304688 59572.914062 13333.359375 14.723973 2.850302 102.210350 12.999894 1.000000e+37 1.000000e+37 0.000000
2035423 1264789 40907.476562 58315.062500 13152.258789 -76.548744 193.315308 121.560295 13.798322 1.000000e+37 1.000000e+37 0.000000
2046140 1276951 40640.839844 58114.625000 13904.462891 2.602987 59.015537 -8.448321 15.615854 1.000000e+37 1.000000e+37 0.000000
2067076 1300742 40714.480469 58557.125000 12775.472656 -67.416679 60.605877 14.174852 15.453144 1.000000e+37 1.000000e+37 0.000000
2067077 1300743 40614.285156 58163.132812 13545.997070 7.019676 -8.575774 -14.292301 18.625643 1.000000e+37 1.000000e+37 0.000000
2067078 1300744 40675.898438 58279.914062 12335.878906 12.039477 101.865173 33.918304 13.419544 1.000000e+37 1.000000e+37 0.000000
2077715 1312934 41075.562500 58814.382812 11790.789062 -109.874397 39.923283 144.585831 13.894940 1.000000e+37 1.000000e+37 0.000000
2089155 1326076 41068.386719 59077.308594 11804.273438 -52.406418 -16.717766 102.114372 12.967285 1.000000e+37 1.000000e+37 0.000000
2100000 1338635 40404.730469 58496.593750 13112.074219 -74.484474 176.609467 68.312256 11.173362 1.000000e+37 1.000000e+37 0.000000
2100001 1338636 40637.933594 57602.625000 11975.447266 -34.666271 87.572258 143.133087 12.512705 1.000000e+37 1.000000e+37 0.000000
2100345 1339005 40670.265625 58811.570312 12997.364258 -171.453995 4.849594 89.919701 12.669203 1.000000e+37 1.000000e+37 0.000000
2111628 1351981 40856.769531 58302.195312 12719.171875 -166.581116 36.828587 85.179108 12.288626 1.000000e+37 1.000000e+37 0.000000
2123213 1365433 40502.585938 58148.132812 13130.534180 -73.512985 0.843098 -15.032462 5.129316 1.000000e+37 1.000000e+37 0.000000
2135146 1379313 40617.785156 58326.035156 13798.462891 -54.352806 -20.878328 72.307343 10.403676 1.000000e+37 1.000000e+37 0.000000
2147188 1393354 40812.343750 58733.429688 13372.965820 -192.029221 -7.244734 48.600288 14.138578 1.000000e+37 1.000000e+37 0.000000
2172022 1422509 40182.492188 58355.425781 13879.206055 -42.654537 143.909592 24.113232 13.882377 1.000000e+37 1.000000e+37 0.000000
2185230 1438114 40601.339844 58793.929688 12622.739258 -87.832863 -37.944542 79.205528 14.261436 1.000000e+37 1.000000e+37 0.000000
2197890 1453139 40377.347656 58447.496094 13497.874023 -109.350441 59.590969 -111.574387 7.389788 1.000000e+37 1.000000e+37 0.000000
2239070 1501968 40543.960938 58472.269531 13747.248047 -97.918282 -50.151096 68.652679 15.542850 1.000000e+37 1.000000e+37 0.000000
2239508 1502478 40734.953125 59142.746094 13472.125000 -57.830669 -48.746353 53.064110 12.131841 1.000000e+37 1.000000e+37 0.000000
2253202 1518882 40846.558594 58279.718750 13287.676758 12.682364 30.924095 -101.380066 9.892217 1.000000e+37 1.000000e+37 0.000000
2253205 1518885 40516.902344 58348.253906 13559.577148 54.392162 239.243622 -0.804766 11.776584 1.000000e+37 1.000000e+37 0.000000
2253206 1518886 40555.718750 58211.578125 13681.413086 -56.980640 9.145243 21.222965 10.869112 1.000000e+37 1.000000e+37 0.000000
2282370 1554310 40468.218750 57445.777344 12339.792969 -1.085587 118.833984 96.177589 13.781888 1.000000e+37 1.000000e+37 0.000000
2297730 1573063 40933.648438 59211.550781 12925.595703 -143.663589 28.279671 56.630024 10.369784 1.000000e+37 1.000000e+37 0.000000
2328388 1610674 40298.902344 58476.765625 13253.215820 -27.762638 104.711044 8.870532 9.599151 1.000000e+37 1.000000e+37 0.000000
2345121 1631226 41136.101562 58940.937500 13009.766602 -91.920464 -13.072042 77.252151 11.547596 1.000000e+37 1.000000e+37 0.000000
2345123 1631228 41030.437500 58079.273438 13008.348633 -6.150855 161.932159 105.514931 11.463380 1.000000e+37 1.000000e+37 0.000000
2395518 1694165 40125.417969 58109.128906 14137.255859 0.980583 103.704262 4.569236 11.286859 1.000000e+37 1.000000e+37 0.000000
2412728 1716019 40422.519531 58089.925781 12306.919922 -39.844612 172.362503 127.214333 13.473693 1.000000e+37 1.000000e+37 0.000000
2412919 1716221 40751.027344 58421.988281 12007.536133 -128.485672 42.323963 137.631073 14.987117 1.000000e+37 1.000000e+37 0.000000
2413227 1716621 40789.593750 59113.402344 12289.350586 15.776467 -13.154216 119.335251 12.721691 1.000000e+37 1.000000e+37 0.000000
2413228 1716622 41136.570312 59115.488281 13063.935547 -76.504715 -15.853597 72.655174 12.575323 1.000000e+37 1.000000e+37 0.000000
2430725 1738989 41252.773438 57189.265625 12770.162109 -112.750847 97.683533 91.097626 13.198245 1.000000e+37 1.000000e+37 0.000000
2430726 1738990 40523.902344 57323.777344 13000.639648 -82.969254 132.465012 64.656914 13.938858 1.000000e+37 1.000000e+37 0.000000
2468231 1787381 40766.523438 58393.808594 13692.841797 -78.029152 -77.464523 -23.495039 7.405176 1.000000e+37 1.000000e+37 0.000000
2468797 1788068 40824.937500 58739.859375 13792.695312 -31.662165 -53.556355 27.076563 13.557752 1.000000e+37 1.000000e+37 0.000000
2487505 1812961 40437.921875 58296.816406 13155.065430 -48.078480 195.889221 -7.881891 11.701361 1.000000e+37 1.000000e+37 0.000000
2488052 1813645 40660.789062 58282.242188 12815.274414 -20.474291 113.440521 238.979889 15.583825 1.000000e+37 1.000000e+37 0.000000
2488055 1813648 39367.582031 58813.468750 13175.375000 31.721167 34.675083 106.381142 12.231503 1.000000e+37 1.000000e+37 0.000000
2527733 1867695 40396.128906 58048.242188 12308.053711 -49.063007 173.694977 127.784836 10.360981 1.000000e+37 1.000000e+37 0.000000
2548640 1897421 40803.265625 58165.703125 12594.143555 40.208889 151.409958 152.526794 9.432940 1.000000e+37 1.000000e+37 0.000000
2549035 1897966 40682.949219 58541.449219 11985.413086 59.323467 11.759464 154.589417 11.143933 1.000000e+37 1.000000e+37 0.000000
2569779 1928677 40915.097656 58204.097656 12370.023438 -211.829712 156.522537 116.743263 8.543295 1.000000e+37 1.000000e+37 0.000000
2569780 1928678 40824.625000 58260.347656 13728.306641 -49.140156 -25.517374 -44.480503 12.632925 1.000000e+37 1.000000e+37 0.000000
2569787 1928686 40482.914062 58129.425781 14125.949219 -38.625965 65.721909 47.574986 13.658933 1.000000e+37 1.000000e+37 0.000000
2591795 1962722 40853.320312 58412.390625 12922.819336 -105.681984 71.497643 -15.496711 11.240102 1.000000e+37 1.000000e+37 0.000000
2614390 1999622 40307.796875 58082.171875 14132.630859 15.984645 111.243225 61.605145 13.208849 1.000000e+37 1.000000e+37 0.000000
2614391 1999623 40319.664062 58457.757812 13519.411133 -98.032318 -33.726231 69.325279 11.274536 1.000000e+37 1.000000e+37 0.000000
2614392 1999624 40835.898438 58338.726562 12939.501953 -95.292755 73.403671 115.454987 12.808317 1.000000e+37 1.000000e+37 0.000000
2614404 1999636 40406.945312 58281.339844 14118.492188 -44.733521 -19.976046 -7.981148 5.168427 1.000000e+37 1.000000e+37 0.000000
2637657 2039994 40913.363281 58275.042969 12376.043945 -37.351559 168.116882 169.890961 11.944263 1.000000e+37 1.000000e+37 0.000000
2637658 2039995 40577.878906 58339.375000 13759.207031 -56.257679 -27.472204 69.655159 14.359632 1.000000e+37 1.000000e+37 0.000000
2637659 2039996 40929.835938 57663.824219 12083.109375 -11.493389 118.263969 108.255356 14.467136 1.000000e+37 1.000000e+37 0.000000
2661456 2084195 41500.203125 58374.000000 11809.823242 -142.880188 104.063965 99.074730 10.276422 1.000000e+37 1.000000e+37 0.000000
2661457 2084196 40658.464844 58445.042969 12322.943359 8.766397 63.267227 5.148713 7.613358 1.000000e+37 1.000000e+37 0.000000
2661725 2084527 41129.464844 58634.097656 11899.988281 -27.390305 60.040154 176.728592 9.032214 1.000000e+37 1.000000e+37 0.000000
2662110 2085147 40879.480469 58318.097656 13579.923828 86.088295 44.713280 -33.893177 12.429846 1.000000e+37 1.000000e+37 0.000000
2662118 2085156 41076.386719 58161.750000 12317.384766 -25.453539 184.067154 142.778000 13.432710 1.000000e+37 1.000000e+37 0.000000
2685726 2132485 40694.968750 58213.558594 13426.601562 -145.512421 2.230744 -108.389168 11.356428 1.000000e+37 1.000000e+37 0.000000
2685736 2132495 40520.097656 58149.535156 14194.725586 -46.393806 100.822083 -24.408970 12.685278 1.000000e+37 1.000000e+37 0.000000
2710823 2185499 40454.171875 58212.640625 13657.208984 23.553717 76.555168 -62.821213 11.199457 1.000000e+37 1.000000e+37 0.000000
2711043 2185782 40739.539062 58591.882812 12177.375977 -84.523750 72.765114 238.063248 11.042598 1.000000e+37 1.000000e+37 0.000000
2711540 2186584 40819.363281 59165.097656 12872.689453 -133.712173 16.249334 55.715103 12.582075 1.000000e+37 1.000000e+37 0.000000
2736670 2242794 40350.656250 58476.703125 13497.452148 -113.040840 -60.284866 45.010059 13.002785 1.000000e+37 1.000000e+37 0.000000
2736673 2242797 40569.191406 58159.332031 12598.935547 37.871437 34.097469 221.888504 11.315211 1.000000e+37 1.000000e+37 0.000000
2736674 2242798 40531.406250 57859.484375 12731.761719 -88.996933 197.675064 43.460220 12.256595 1.000000e+37 1.000000e+37 0.000000
2736675 2242799 40765.500000 58493.121094 13562.470703 -0.477277 -83.904854 82.280548 12.683386 1.000000e+37 1.000000e+37 0.000000
2736678 2242803 40808.441406 58196.226562 12346.555664 -137.770081 61.780281 245.032440 13.920484 1.000000e+37 1.000000e+37 0.000000
2763177 2303995 40176.863281 58393.968750 13715.261719 2.558103 98.358757 -4.100927 14.082998 1.000000e+37 1.000000e+37 0.000000
2763180 2303998 40824.625000 58539.062500 12333.689453 12.723070 115.379807 206.309952 13.664776 1.000000e+37 1.000000e+37 0.000000
2763181 2303999 40816.503906 58301.320312 13475.526367 -1.794133 81.254814 18.129072 10.582279 1.000000e+37 1.000000e+37 0.000000
2763908 2305123 41906.089844 59038.277344 13065.581055 -130.113861 71.359901 89.390533 9.752327 1.000000e+37 1.000000e+37 0.000000
2763915 2305129 40608.500000 58691.253906 13236.212891 -153.917633 -82.475845 76.029808 8.212504 1.000000e+37 1.000000e+37 0.000000
2763918 2305133 40701.414062 59440.652344 13321.167969 13.282142 -5.399643 103.800728 10.826731 1.000000e+37 1.000000e+37 0.000000
2790580 2369400 40703.992188 58320.300781 13021.778320 -44.340504 24.591921 -41.565533 10.938669 1.000000e+37 1.000000e+37 0.000000
2790582 2369402 40916.285156 57944.792969 12866.792969 3.206058 151.175400 99.544167 10.220110 1.000000e+37 1.000000e+37 0.000000
2790587 2369407 40480.507812 58298.308594 14106.583008 10.390786 47.083717 13.892856 15.089189 1.000000e+37 1.000000e+37 0.000000
2791394 2370706 41014.609375 59063.371094 12871.073242 -95.214943 1.671108 103.108879 13.930867 1.000000e+37 1.000000e+37 0.000000
2819469 2439749 41711.320312 59183.394531 13390.548828 -130.910904 65.368149 83.879860 9.604460 1.000000e+37 1.000000e+37 0.000000
2877600 2586811 40551.890625 57978.890625 13899.337891 35.880245 139.717514 63.180779 9.182401 1.000000e+37 1.000000e+37 0.000000
2877916 2587248 41249.648438 58641.125000 11757.929688 -15.789488 -1.402113 160.373047 10.551437 1.000000e+37 1.000000e+37 0.000000
2878409 2588211 41636.898438 59170.003906 13392.949219 -130.872055 61.767410 82.013832 12.460171 1.000000e+37 1.000000e+37 0.000000
2908489 2666007 40548.613281 58577.042969 13092.157227 18.855040 177.479095 72.754463 8.657125 1.000000e+37 1.000000e+37 0.000000
2908490 2666008 40650.167969 58325.914062 13594.112305 100.345192 29.504047 14.320873 10.603996 1.000000e+37 1.000000e+37 0.000000
2908496 2666016 40793.656250 58128.449219 12400.648438 84.077896 66.331062 127.529404 11.293294 1.000000e+37 1.000000e+37 0.000000
2940552 2748736 40466.777344 58439.722656 13690.640625 -154.379486 71.519348 -62.202240 10.525746 1.000000e+37 1.000000e+37 0.000000
2940563 2748749 40726.152344 57560.382812 12572.528320 10.710324 147.885300 87.061272 9.856780 1.000000e+37 1.000000e+37 0.000000
2973471 2835268 40534.425781 58211.121094 13038.275391 -63.345364 74.557816 14.994955 5.867647 1.000000e+37 1.000000e+37 0.000000
2974422 2837018 40844.023438 58359.152344 13286.551758 -56.195377 87.870628 -96.145630 8.804855 1.000000e+37 1.000000e+37 0.000000
3008693 2927797 41259.417969 59469.859375 12410.292969 -24.724974 1.173940 128.742722 11.659556 1.000000e+37 1.000000e+37 0.000000
3008694 2927798 40516.179688 58850.644531 12601.729492 -91.977936 -28.192728 120.780602 11.714719 1.000000e+37 1.000000e+37 0.000000
3043263 3021246 40608.765625 58266.734375 13591.280273 -126.098633 60.737045 -56.287754 12.704847 1.000000e+37 1.000000e+37 0.000000
3043267 3021250 40497.398438 57794.855469 13913.166992 28.654795 126.629364 97.027802 9.617929 1.000000e+37 1.000000e+37 0.000000
3044263 3023136 41021.070312 58869.843750 12709.390625 -124.117050 -1.815105 69.203781 12.394674 1.000000e+37 1.000000e+37 0.000000
3044264 3023137 40371.097656 58093.316406 14072.511719 10.540904 31.951860 39.328373 10.734978 1.000000e+37 1.000000e+37 0.000000
3044267 3023141 40640.371094 58812.609375 14276.916992 -17.117746 -6.731689 40.937160 12.756635 1.000000e+37 1.000000e+37 0.000000
3079648 3120771 40940.203125 58478.457031 12051.777344 -98.084648 5.591127 170.208023 11.604560 1.000000e+37 1.000000e+37 0.000000
3079650 3120773 40845.070312 58301.531250 13586.791016 98.544792 59.239552 -38.052521 7.857003 1.000000e+37 1.000000e+37 0.000000
3080694 3122759 40584.996094 58648.058594 14007.988281 -22.439295 -29.164455 11.628336 11.820178 1.000000e+37 1.000000e+37 0.000000
3080695 3122760 41137.992188 59638.886719 13364.260742 -54.021542 4.008460 76.084404 9.340678 1.000000e+37 1.000000e+37 0.000000
3117411 3225549 41671.382812 57826.187500 12614.170898 -135.092468 86.526680 86.146660 10.369401 1.000000e+37 1.000000e+37 0.000000
3117413 3225551 41372.218750 57865.339844 12363.115234 -145.021973 103.334846 91.744186 10.695252 1.000000e+37 1.000000e+37 0.000000
3118527 3227675 41485.753906 59165.437500 13356.759766 -134.306488 58.617325 75.898079 9.953020 1.000000e+37 1.000000e+37 0.000000
3118534 3227684 39444.968750 58015.152344 13508.646484 41.538795 54.446320 109.519035 7.676745 1.000000e+37 1.000000e+37 0.000000
3156401 3335387 40524.957031 58345.300781 12364.992188 26.054750 198.616257 160.590317 9.845505 1.000000e+37 1.000000e+37 0.000000
3156740 3335964 40478.281250 57836.617188 12083.684570 -27.069677 102.321808 182.321106 11.362744 1.000000e+37 1.000000e+37 0.000000
3196530 3450474 40801.476562 57853.425781 12200.718750 -26.655972 132.990662 161.173386 14.033440 1.000000e+37 1.000000e+37 0.000000
3196531 3450475 40571.933594 57971.683594 12094.180664 5.570692 144.648239 121.353775 9.571464 1.000000e+37 1.000000e+37 0.000000
3197659 3452753 40861.031250 58392.429688 13232.570312 -114.505180 192.620605 150.086426 9.960374 1.000000e+37 1.000000e+37 0.000000
3197660 3452754 40444.332031 58475.222656 14113.350586 -115.456558 31.541433 -0.131310 11.986988 1.000000e+37 1.000000e+37 0.000000
3197662 3452758 40897.414062 58351.894531 13759.888672 -52.231693 -42.316360 -17.086920 10.775424 1.000000e+37 1.000000e+37 0.000000
3282191 3701263 40663.175781 58570.042969 12506.139648 57.627831 49.370884 246.004913 11.148279 1.000000e+37 1.000000e+37 0.000000
3282194 3701267 40553.804688 58277.058594 13103.118164 -136.423813 -25.148563 184.462875 10.599734 1.000000e+37 1.000000e+37 0.000000
3282563 3701922 40832.152344 58109.406250 12303.835938 -25.169035 189.204422 175.946548 9.681177 1.000000e+37 1.000000e+37 0.000000
3327390 3837006 40798.707031 58554.523438 12822.672852 -123.700005 -57.960476 68.013306 10.284261 1.000000e+37 1.000000e+37 0.000000
3327391 3837007 40608.070312 58155.832031 12750.764648 -126.846855 51.899715 53.347466 9.999778 1.000000e+37 1.000000e+37 0.000000
3327392 3837008 41646.171875 57702.539062 12281.095703 -124.866936 93.582832 90.472282 9.153391 1.000000e+37 1.000000e+37 0.000000
3327397 3837016 40216.609375 57787.679688 13839.726562 32.912830 128.811249 84.995415 11.239092 1.000000e+37 1.000000e+37 0.000000
3328721 3839720 40823.535156 58514.566406 13561.680664 -28.313854 94.469467 -45.071285 11.216219 1.000000e+37 1.000000e+37 0.000000
3375130 3981810 40788.863281 58232.250000 12172.743164 4.642678 89.572517 127.531822 12.577366 1.000000e+37 1.000000e+37 0.000000
3425087 4136539 40226.773438 57519.011719 13021.192383 46.514111 87.500938 105.348625 11.142894 1.000000e+37 1.000000e+37 0.000000
3474602 4295362 40307.871094 58512.539062 13139.141602 -67.898560 81.498909 95.507347 9.711427 1.000000e+37 1.000000e+37 0.000000
3476093 4298639 40820.035156 58880.007812 13835.430664 -23.623089 -42.220497 56.583588 8.720027 1.000000e+37 1.000000e+37 0.000000
3527344 4467174 40072.250000 58108.257812 14181.145508 -14.536432 91.577133 5.027070 9.504826 1.000000e+37 1.000000e+37 0.000000
3527357 4467190 40448.234375 58533.722656 12575.508789 -90.057701 -48.229088 81.987633 9.010457 1.000000e+37 1.000000e+37 0.000000
3527358 4467192 40680.222656 57547.589844 11959.153320 -35.947132 93.537933 129.456497 8.787663 1.000000e+37 1.000000e+37 0.000000
3527362 4467197 40690.640625 58216.480469 13997.889648 12.489048 161.258514 52.949707 10.415990 1.000000e+37 1.000000e+37 0.000000
3527379 4467216 40423.750000 58577.851562 13914.281250 2.360181 85.028519 -0.751128 9.052276 1.000000e+37 1.000000e+37 0.000000
3527857 4468088 40617.253906 57665.421875 12056.880859 -22.824476 107.777306 127.758057 9.171586 1.000000e+37 1.000000e+37 0.000000
3528859 4470664 40768.753906 59601.410156 13411.125000 -52.082497 -5.944585 74.652527 8.744682 1.000000e+37 1.000000e+37 0.000000
3528864 4470669 41020.031250 58286.902344 14292.550781 -123.225899 72.980843 48.514614 9.157773 1.000000e+37 1.000000e+37 0.000000
3528865 4470670 41232.722656 59088.187500 13551.600586 -129.539719 34.840942 56.367336 7.597122 1.000000e+37 1.000000e+37 0.000000
3528872 4470686 40662.171875 58262.441406 14191.959961 0.388205 5.909474 36.898556 10.185797 1.000000e+37 1.000000e+37 0.000000
3582363 4650234 40834.964844 58453.660156 12121.057617 -25.403669 -19.219955 199.082550 6.566339 1.000000e+37 1.000000e+37 0.000000
3582386 4650261 40367.593750 58182.261719 14044.022461 -54.419636 128.482361 18.590601 13.231586 1.000000e+37 1.000000e+37 0.000000
3583897 4653837 40774.070312 58993.308594 13181.939453 -69.741585 -51.164539 99.722832 10.674180 1.000000e+37 1.000000e+37 0.000000
3583898 4653838 41202.542969 58462.722656 14085.283203 -135.660156 73.211266 60.897709 9.806096 1.000000e+37 1.000000e+37 0.000000
3583899 4653839 41300.136719 58959.332031 13714.842773 -130.699539 44.933868 55.472649 9.202782 1.000000e+37 1.000000e+37 0.000000
3583910 4653857 40519.015625 59404.445312 13099.128906 29.570290 -0.848434 104.257622 9.436464 1.000000e+37 1.000000e+37 0.000000
3583912 4653860 40927.144531 57860.039062 12845.791992 5.928998 143.150528 89.542999 5.801984 1.000000e+37 1.000000e+37 0.000000
3640314 4845802 40336.015625 58380.613281 13476.642578 -61.361073 -45.873146 43.003315 5.685731 1.000000e+37 1.000000e+37 0.000000
3640315 4845804 40480.617188 58287.761719 12476.622070 11.032034 204.014816 131.226364 10.953135 1.000000e+37 1.000000e+37 0.000000
3640317 4845807 40721.058594 58551.605469 13698.768555 1.909628 177.549316 -5.440240 10.306975 1.000000e+37 1.000000e+37 0.000000
3640979 4846972 41265.316406 58725.011719 11890.303711 -161.454254 34.650288 157.001099 9.530494 1.000000e+37 1.000000e+37 0.000000
3641985 4849759 41012.148438 59206.078125 12642.000000 -124.328133 -0.537744 108.770996 9.285271 1.000000e+37 1.000000e+37 0.000000
3641986 4849760 40227.914062 58271.394531 13227.804688 9.071657 -14.959744 149.862076 8.149458 1.000000e+37 1.000000e+37 0.000000
3641989 4849763 40932.093750 58809.929688 13812.654297 -30.908007 -42.644497 60.923748 9.836375 1.000000e+37 1.000000e+37 0.000000
3641990 4849764 41186.074219 58487.703125 11910.366211 -54.127457 29.533783 142.880295 6.918352 1.000000e+37 1.000000e+37 0.000000
3700350 5054141 40580.742188 58514.269531 13107.617188 -75.077911 55.146332 204.067581 10.040846 1.000000e+37 1.000000e+37 0.000000
3700351 5054143 40126.203125 58399.957031 13741.134766 -8.498537 98.955360 -3.526775 10.837372 1.000000e+37 1.000000e+37 0.000000
3700364 5054158 41035.109375 58544.800781 12041.787109 -66.517906 -36.441662 107.452690 8.984615 1.000000e+37 1.000000e+37 0.000000
3700365 5054159 40338.183594 58321.363281 13161.380859 -3.897226 218.322617 115.313263 6.212033 1.000000e+37 1.000000e+37 0.000000
3700369 5054164 41070.976562 58322.160156 12265.902344 -67.696182 185.708359 171.171463 12.817806 1.000000e+37 1.000000e+37 0.000000
3700370 5054165 40735.054688 57476.378906 12407.141602 23.152794 109.687134 115.485664 11.922169 1.000000e+37 1.000000e+37 0.000000
3702114 5058363 40633.824219 58533.660156 12847.150391 -33.798542 120.192383 24.943432 13.119331 1.000000e+37 1.000000e+37 0.000000
3702117 5058366 40328.308594 58536.855469 13033.203125 -50.519848 106.404205 57.897102 8.679297 1.000000e+37 1.000000e+37 0.000000
3702128 5058377 41044.660156 58390.089844 12537.412109 -33.199947 166.042953 244.992477 10.845104 1.000000e+37 1.000000e+37 0.000000
3765319 5282157 41604.148438 59195.187500 13427.655273 -128.049789 60.536755 73.945717 6.103384 1.000000e+37 1.000000e+37 0.000000
3765335 5282176 40870.066406 58354.156250 13308.697266 -31.367340 82.268562 -97.884651 10.035544 1.000000e+37 1.000000e+37 0.000000
3829912 5518154 41419.234375 58580.621094 11768.860352 -151.433823 109.487045 99.180351 10.539229 1.000000e+37 1.000000e+37 0.000000
3829913 5518155 41377.472656 57929.265625 12296.152344 -142.894318 107.607773 100.904144 8.859838 1.000000e+37 1.000000e+37 0.000000
3829922 5518168 40542.218750 57971.507812 13930.558594 29.371237 140.882797 70.861282 7.932632 1.000000e+37 1.000000e+37 0.000000
3830509 5519326 40914.464844 58484.496094 12350.782227 -121.503464 105.303131 240.933838 12.727448 1.000000e+37 1.000000e+37 0.000000
3831786 5522871 41118.480469 58512.328125 11802.727539 -50.829800 31.099092 167.816574 9.283865 1.000000e+37 1.000000e+37 0.000000
3898739 5775238 40225.078125 58186.339844 14000.583008 -58.689037 151.719574 60.532166 11.802305 1.000000e+37 1.000000e+37 0.000000
3898756 5775259 41225.707031 58176.921875 12132.353516 -163.545410 111.888870 107.224030 9.485000 1.000000e+37 1.000000e+37 0.000000
3898761 5775264 40480.691406 58289.773438 12309.696289 -43.689507 154.573547 231.363785 9.462809 1.000000e+37 1.000000e+37 0.000000
3898762 5775267 40955.703125 58231.207031 12619.238281 -34.905632 41.813572 79.320015 11.230025 1.000000e+37 1.000000e+37 0.000000
3899528 5776689 40827.917969 57637.718750 11988.843750 22.964821 74.783791 140.494339 10.930644 1.000000e+37 1.000000e+37 0.000000
3900764 5780420 40781.437500 59070.945312 12651.205078 -85.313004 5.792206 70.757584 9.033685 1.000000e+37 1.000000e+37 0.000000
3900778 5780436 40180.878906 57331.859375 12933.492188 33.052933 83.757721 100.285080 8.580956 1.000000e+37 1.000000e+37 0.000000
3900779 5780437 40577.351562 57986.230469 14270.376953 2.801600 80.852539 3.647130 11.162296 1.000000e+37 1.000000e+37 0.000000
3971899 6052976 41078.519531 58115.160156 12331.638672 -180.931946 127.778900 104.888077 6.413399 1.000000e+37 1.000000e+37 0.000000
3971903 6052985 40764.445312 57604.609375 11854.608398 -17.002640 81.961227 127.217979 8.048780 1.000000e+37 1.000000e+37 0.000000
3971909 6052992 40751.558594 58366.207031 13859.079102 -30.546438 101.253281 -32.239964 10.468320 1.000000e+37 1.000000e+37 0.000000
3972590 6054295 40621.960938 58292.671875 12394.004883 -60.007214 196.682938 66.003441 8.478200 1.000000e+37 1.000000e+37 0.000000
3972599 6054304 40802.464844 58519.417969 12262.150391 12.772699 136.011993 170.749283 12.320046 1.000000e+37 1.000000e+37 0.000000
3973949 6058313 40570.929688 58308.128906 13622.269531 25.405308 36.443096 -116.587128 8.227263 1.000000e+37 1.000000e+37 0.000000
3973952 6058316 40592.308594 58921.062500 13885.525391 -101.169800 -7.175346 23.645676 9.018086 1.000000e+37 1.000000e+37 0.000000
3973954 6058323 40870.671875 58955.242188 13898.316406 9.144502 -28.378365 59.648071 8.128961 1.000000e+37 1.000000e+37 0.000000
4048831 6353295 41111.171875 58840.589844 11794.701172 -3.373343 -39.243553 119.899338 7.784659 1.000000e+37 1.000000e+37 0.000000
4048844 6353320 40142.710938 57597.722656 13831.983398 28.123266 114.311829 101.119057 9.604346 1.000000e+37 1.000000e+37 0.000000
4049563 6354725 40549.687500 57774.175781 12049.418945 -106.939705 109.744995 163.922394 9.663831 1.000000e+37 1.000000e+37 0.000000
4051096 6359121 40624.023438 58823.687500 12599.066406 -98.085373 -32.494789 86.597435 7.737958 1.000000e+37 1.000000e+37 0.000000
4051098 6359124 40896.902344 58803.273438 13403.363281 -102.892761 -50.531101 55.514984 10.934986 1.000000e+37 1.000000e+37 0.000000
4051102 6359131 40493.214844 58042.199219 14235.526367 4.159907 125.871391 5.321741 12.317889 1.000000e+37 1.000000e+37 0.000000
4051127 6359161 39640.257812 58588.660156 13801.875977 41.207962 24.107924 97.311356 9.996744 1.000000e+37 1.000000e+37 0.000000
4129144 6678513 40786.894531 58444.957031 13009.568359 -34.060005 188.853378 135.130035 4.883542 1.000000e+37 1.000000e+37 0.000000
4129157 6678537 40470.484375 58218.171875 13750.546875 15.369723 27.740496 -54.094318 10.073466 1.000000e+37 1.000000e+37 0.000000
4129159 6678539 40421.312500 57169.476562 12572.251953 14.684450 97.081642 84.764839 9.056285 1.000000e+37 1.000000e+37 0.000000
4131444 6684873 40270.074219 58508.992188 13967.548828 -28.589191 -21.145004 4.927365 8.437643 1.000000e+37 1.000000e+37 0.000000
4131449 6684886 41211.640625 59244.015625 13073.978516 -69.275925 -7.084250 68.696121 6.006480 1.000000e+37 1.000000e+37 0.000000
4131466 6684903 40567.042969 58250.804688 14330.582031 21.825998 -12.116024 31.976898 7.165218 1.000000e+37 1.000000e+37 0.000000
4212909 7032742 40540.679688 58353.050781 12833.345703 -6.938171 185.306000 102.744362 8.762384 1.000000e+37 1.000000e+37 0.000000
4215279 7039612 41068.183594 59445.523438 12829.035156 -124.723129 47.626862 18.399054 6.974893 1.000000e+37 1.000000e+37 0.000000
4215280 7039614 40891.953125 58927.437500 12954.942383 -85.149094 -21.200062 109.909454 12.414536 1.000000e+37 1.000000e+37 0.000000
4215284 7039619 41113.496094 59245.089844 13430.141602 -120.075394 22.149281 55.137794 7.075245 1.000000e+37 1.000000e+37 0.000000
4215297 7039644 40827.605469 59216.171875 13883.319336 -12.311538 -8.670568 57.709225 8.767984 1.000000e+37 1.000000e+37 0.000000
4300195 7418518 40440.859375 57969.828125 12742.027344 -4.288761 132.309143 120.078026 10.496902 1.000000e+37 1.000000e+37 0.000000
4300196 7418520 40399.015625 58257.722656 13279.642578 34.249683 102.027534 226.644836 9.682375 1.000000e+37 1.000000e+37 0.000000
4300200 7418529 40703.652344 58594.910156 13610.971680 -3.208360 -53.645023 -29.657948 12.769544 1.000000e+37 1.000000e+37 0.000000
4301252 7420627 41199.328125 58687.023438 11925.258789 -182.811203 37.949539 152.970276 10.891930 1.000000e+37 1.000000e+37 0.000000
4302746 7426211 40184.144531 58114.968750 13143.815430 -7.965734 32.637577 152.502151 9.064281 1.000000e+37 1.000000e+37 0.000000
4302747 7426212 41000.628906 59255.660156 12930.806641 -145.666779 34.085915 53.607224 9.071329 1.000000e+37 1.000000e+37 0.000000
