#subID	 x	 y	 z	 vx	 yv	 yz	 vmax	 B_MAG
#subID	 kpc/h	 kpc/h	 kpc/h	 km/s	 km/s	 km/s	 km/s	 mags
363448 56795.007812 24219.945312 5466.259277 68.468346 49.914146 -44.310650 212.023880 -2.176107e+01
363449 56597.222656 24344.730469 5126.916992 155.885101 47.605808 75.529312 220.957367 -2.162103e+01
363450 56708.167969 24204.097656 5303.459961 64.676712 -117.604309 -56.565071 82.811043 -1.784038e+01
363451 56657.078125 24610.720703 5159.979980 -30.603079 4.427410 89.590416 64.385643 -1.516896e+01
363452 56710.312500 24109.597656 5402.350586 28.184359 123.402596 -106.142212 55.184460 -1.578578e+01
363453 56695.722656 24467.664062 5087.942383 132.036392 43.343933 -8.720903 48.345215 -1.465355e+01
363454 56706.484375 24240.458984 5446.009277 116.353928 117.852539 132.053329 50.300247 -1.437758e+01
363455 56625.355469 24138.492188 5036.093262 184.993210 197.782578 70.373100 37.628551 -1.060760e+01
363456 56927.734375 24067.732422 5607.575684 97.450775 77.010094 97.148277 38.651855 -1.126267e+01
363457 56818.917969 24214.404297 5668.128418 225.013504 -12.752823 -121.422371 36.999397 -1.059721e+01
363458 56791.011719 24211.162109 5467.295898 -96.366745 152.798325 45.578823 37.104282 -1.783807e+01
363459 56795.222656 24227.390625 5465.810547 233.898178 53.077599 -162.451477 36.456287 -1.793463e+01
363460 56804.042969 24213.486328 5461.563477 -15.308198 -62.256046 -12.376047 32.534615 -1.732378e+01
363461 56663.214844 24210.740234 5167.521484 99.622391 -90.143181 -82.315094 23.737368 -7.688409e+00
363462 56795.496094 24304.392578 5266.651855 89.412575 -161.027008 10.829021 20.373579 1.000000e+37
363463 56905.914062 24159.707031 5485.579102 -97.186203 230.566299 99.661888 24.253166 1.000000e+37
363464 56599.179688 24434.031250 5144.661621 296.213623 15.846422 186.131302 28.675089 -9.852768e+00
363465 56798.320312 24377.498047 5508.979980 142.044006 -31.478603 -73.159225 23.646757 -1.321645e+01
363466 56884.644531 24059.478516 5471.485352 -35.764587 -25.278509 -152.845795 23.869709 1.000000e+37
363467 56762.394531 24341.679688 5271.023926 -50.444477 -1.687484 -20.947031 26.181402 -9.137983e+00
363468 56698.343750 24399.238281 5400.168945 48.867378 22.970510 -128.767685 27.746134 -9.750937e+00
363469 56852.792969 24408.957031 5420.596191 89.775482 32.248787 -25.413218 24.764256 -1.181472e+01
363470 56471.554688 24231.136719 5132.442383 109.447937 -13.115879 91.676407 20.606527 -1.231079e+01
363471 56732.246094 24302.597656 5157.409668 213.246689 177.147644 13.785361 19.246752 1.000000e+37
363472 56681.859375 24148.771484 5088.691406 56.895611 -51.793018 -43.442734 17.451694 1.000000e+37
363473 56778.703125 24213.757812 5424.515625 180.340500 -185.728653 -240.263565 24.849443 -1.111633e+01
363474 56716.257812 24278.080078 5552.873047 -156.331085 -54.366646 20.258135 16.258835 1.000000e+37
363475 56539.582031 24283.685547 5109.249023 179.740372 -4.335126 261.702606 22.801933 1.000000e+37
363476 56721.886719 24412.361328 5090.393555 87.541832 106.332207 193.127365 18.697702 1.000000e+37
363477 56759.050781 24429.306641 5509.626953 180.052963 71.839417 2.674669 18.903614 1.000000e+37
363478 56896.871094 24187.835938 5509.885254 128.619308 8.407759 -297.072540 18.660521 1.000000e+37
363479 56847.476562 24299.353516 5324.270508 155.018402 -183.008270 -43.058121 13.931742 1.000000e+37
363480 56650.992188 24172.060547 5364.520996 0.648304 92.885170 31.543457 18.180496 1.000000e+37
363481 56845.925781 24298.101562 5584.103027 -170.274582 89.850929 13.575238 14.372430 1.000000e+37
363482 56625.710938 24306.361328 5239.768066 257.170258 116.551003 96.945595 15.808526 1.000000e+37
363483 56438.898438 24268.076172 5144.442383 177.123093 -32.002918 63.127670 20.435585 1.000000e+37
363484 56515.343750 24273.189453 5137.111816 -5.312158 193.014221 -48.963409 15.676309 1.000000e+37
363485 56846.503906 24336.132812 5544.111328 72.945770 101.604034 155.315491 12.379658 1.000000e+37
363486 56950.914062 24133.648438 5468.562988 -61.828033 230.061081 113.003601 12.374137 1.000000e+37
363487 56415.695312 24194.138672 5100.372559 130.889938 33.647278 9.802949 12.434098 1.000000e+37
363488 56672.773438 24253.814453 5375.355469 220.370407 -12.783381 139.462982 12.025515 1.000000e+37
363489 56755.957031 24242.667969 5553.625977 207.975494 30.122881 -33.102791 16.226263 -9.296754e+00
363490 56531.285156 24400.583984 5240.531738 141.681580 -107.738586 30.473503 14.582726 1.000000e+37
363491 56861.468750 24189.138672 5351.766113 17.902330 134.442917 -255.706711 12.116297 1.000000e+37
363492 56768.503906 24297.095703 5581.831055 -95.425636 -130.371429 -48.102173 12.202168 1.000000e+37
363493 56843.554688 24347.490234 5549.591309 208.035889 50.245960 -61.444229 14.576963 1.000000e+37
363494 56812.878906 24342.060547 5331.812500 109.528816 -185.402008 9.951375 11.838614 1.000000e+37
363495 56834.703125 24406.638672 5342.529785 32.163628 -34.234184 -94.001930 18.277937 1.000000e+37
363496 56853.480469 24251.046875 5576.708008 237.486649 46.919334 -38.585045 14.302247 1.000000e+37
363497 56624.746094 24286.539062 5290.055664 139.948914 197.482620 -94.832489 11.914105 1.000000e+37
363498 56550.097656 24428.429688 5018.951660 167.663757 170.782700 92.237381 15.552409 1.000000e+37
363499 56801.796875 24216.947266 5618.365723 233.172806 105.372322 -137.448853 13.728585 1.000000e+37
363500 56634.855469 24411.181641 5151.647461 -15.133801 213.509628 66.935303 15.870563 1.000000e+37
363501 56695.191406 24219.261719 5340.818848 55.147079 -158.792435 -156.138733 13.721581 1.000000e+37
363502 56911.320312 24109.541016 5407.291992 -46.076546 25.622913 -50.224396 16.235361 1.000000e+37
363503 56840.582031 24164.904297 5437.919922 -135.138229 73.016548 -116.355080 15.725641 1.000000e+37
363504 56829.238281 24219.050781 5316.884277 -148.093002 57.522247 -17.807871 10.724275 1.000000e+37
363505 56596.015625 24330.691406 5231.359863 340.869232 119.142242 103.454773 11.579243 1.000000e+37
363506 56769.203125 24347.873047 5254.898438 92.285156 -178.499496 -20.478346 9.591553 1.000000e+37
363507 56892.207031 24027.943359 5546.090332 21.477837 45.141102 127.029274 11.793046 1.000000e+37
363508 56522.343750 24338.552734 5231.744629 178.947891 159.398880 57.068707 13.569216 1.000000e+37
363509 56465.574219 24232.226562 4975.274902 135.638611 125.586067 68.182777 9.561142 1.000000e+37
363510 56802.894531 24316.521484 5262.955078 79.973541 -166.491547 -6.405748 13.200444 1.000000e+37
363511 56762.464844 24159.021484 5505.244141 270.152893 0.163139 68.567047 14.352145 1.000000e+37
363512 56555.667969 24428.625000 5274.029297 244.064072 89.084915 -33.532253 11.639397 1.000000e+37
363513 56751.406250 24160.763672 5545.321777 -6.289189 103.292664 -266.866180 12.297973 1.000000e+37
363514 56748.984375 24383.687500 5335.594238 188.710358 142.653351 -40.880203 11.610936 1.000000e+37
363515 56619.218750 24163.230469 5035.983398 166.057938 190.161835 60.602165 10.155103 1.000000e+37
363516 56779.070312 24326.732422 5589.553223 212.406235 143.644379 -179.218536 8.996362 1.000000e+37
363517 56634.121094 24400.666016 5168.213379 25.926682 -0.504461 238.235840 12.912030 1.000000e+37
363518 56552.839844 24236.869141 5177.421875 215.077637 35.821953 -19.353868 8.530726 1.000000e+37
363519 56678.109375 24347.794922 5284.117188 182.055145 -28.568758 -68.872025 11.367007 1.000000e+37
363520 56851.750000 24149.285156 5408.804199 -30.707300 -127.894035 127.523384 9.970053 1.000000e+37
363521 56660.371094 24429.802734 5081.756348 193.919342 -77.765526 -54.570282 12.705895 1.000000e+37
363522 56783.437500 24347.857422 5544.082031 211.134430 -67.947533 -85.461845 10.337551 1.000000e+37
363523 56657.843750 24326.982422 5120.570312 175.373093 241.653900 20.540209 11.191848 1.000000e+37
363524 56697.535156 24159.242188 5445.646973 -57.644302 219.514145 34.979240 12.781824 1.000000e+37
363525 56811.929688 24035.550781 5502.100586 40.004108 -13.949121 -127.511047 8.994783 1.000000e+37
363526 56553.496094 24299.259766 5153.899414 100.778381 265.302368 -113.987320 9.215920 1.000000e+37
363527 56671.433594 24411.910156 5121.758789 318.031189 -10.690187 180.684387 7.009651 1.000000e+37
363528 56761.976562 24263.416016 5443.707520 232.091293 21.278671 -285.258759 10.232237 1.000000e+37
363529 56864.027344 24077.597656 5372.103516 74.027306 153.134476 82.587807 9.433683 1.000000e+37
363530 56900.355469 24075.982422 5401.170410 37.117928 -47.975609 125.469124 6.936528 1.000000e+37
363531 56736.097656 24373.888672 5246.145508 168.568985 -35.957058 185.755051 10.725803 1.000000e+37
501974 57504.683594 24137.240234 6524.626953 77.497978 85.385590 -1.522294 122.433281 -1.961385e+01
501975 57562.140625 24291.214844 6606.931152 136.617523 106.547264 -52.119801 47.603874 -1.372523e+01
501976 57484.539062 24236.107422 6555.109863 116.766113 111.762863 58.491573 27.568584 1.000000e+37
501977 57552.906250 24117.089844 6560.265137 26.719496 5.102797 -53.172821 26.266407 -1.058626e+01
501978 57586.929688 24247.529297 6597.621582 106.456795 51.831013 28.875046 22.028637 1.000000e+37
501979 57456.535156 24133.562500 6505.276855 97.537529 241.431961 -12.785935 21.927319 -9.572538e+00
501980 57432.964844 24093.767578 6500.352539 87.831413 149.550919 -4.239514 25.216652 -1.150840e+01
501981 57575.289062 24187.246094 6614.866211 -7.282168 72.339615 -28.621044 19.154400 1.000000e+37
501982 57436.730469 24117.158203 6501.682129 80.188766 164.788239 -28.262278 17.017586 1.000000e+37
501983 57525.886719 24233.861328 6603.219238 2.862909 76.781364 77.174690 13.832657 1.000000e+37
501984 57515.726562 24057.281250 6546.083496 36.911255 162.427032 -58.773235 13.472499 1.000000e+37
501985 57528.359375 24153.542969 6614.539551 102.183670 -2.136036 -21.834906 14.254528 1.000000e+37
501986 57505.515625 24142.654297 6492.338379 174.704163 9.194227 -14.053720 16.917162 -8.660552e+00
501987 57471.050781 24184.771484 6449.732422 125.144073 79.850266 -48.526871 11.676297 1.000000e+37
501988 57615.558594 24112.632812 6606.295410 4.455145 67.077354 -63.084209 8.766603 1.000000e+37
549233 55751.875000 23133.822266 5055.629883 150.121948 35.022812 -16.262342 98.945839 -1.818498e+01
549234 55766.910156 23139.765625 5043.123047 55.476448 -18.258230 80.970749 48.056145 -1.461776e+01
549235 55699.894531 23240.695312 5061.226562 203.782303 -32.612885 -22.985619 24.924051 1.000000e+37
549236 55751.871094 23132.390625 5079.996582 140.901733 16.443546 -69.215874 14.040007 1.000000e+37
549237 55793.308594 23199.355469 5090.266602 96.465393 -31.949539 -29.337988 19.847891 1.000000e+37
549238 55785.707031 23164.429688 5001.532227 157.368652 -19.396856 83.526115 15.283769 1.000000e+37
549239 55805.207031 23101.443359 5025.875000 197.930862 67.426552 -3.244499 16.479445 1.000000e+37
549240 55775.769531 23190.285156 5018.034180 100.425331 -17.187832 -48.563782 12.291423 1.000000e+37
549241 55739.144531 23076.863281 5017.263672 198.428833 103.396088 -9.732478 8.211105 1.000000e+37
549242 55705.425781 23093.072266 5122.971191 136.985611 97.715584 -62.776680 9.965651 1.000000e+37
574233 56242.031250 25864.972656 5204.107910 122.604027 -8.281350 -71.229095 88.021347 -1.779693e+01
574234 56272.582031 25879.865234 5255.948730 58.946018 -0.815845 -79.162865 36.492786 -1.108016e+01
574235 56264.222656 25770.939453 5140.053711 95.339149 42.568306 -48.877544 25.976601 1.000000e+37
574236 56218.457031 25854.351562 5209.578613 139.096680 72.637192 -63.183537 21.574121 1.000000e+37
574237 56279.746094 25801.773438 5228.086914 112.344368 -24.119864 -61.797058 18.967810 1.000000e+37
574238 56230.269531 25866.826172 5209.640625 167.671631 36.571861 -70.431221 12.060200 1.000000e+37
574239 56228.546875 25876.810547 5202.392578 105.829231 121.225182 2.582208 17.454422 1.000000e+37
574240 56292.332031 25776.302734 5212.968750 84.223549 36.710339 -123.457916 9.498901 1.000000e+37
574241 56230.886719 25831.390625 5171.126465 87.800941 -39.577671 2.468034 11.860640 1.000000e+37
574242 56255.683594 25899.750000 5247.452637 149.204819 -4.570372 -142.588272 12.569235 1.000000e+37
654806 54962.382812 24100.328125 6441.250000 136.909988 -2.937061 -22.069229 65.708611 -1.589804e+01
667072 55514.273438 23709.394531 4687.775879 128.009995 77.301613 49.810425 60.376724 -1.564016e+01
677087 55339.757812 23672.480469 4198.181152 112.870659 75.510475 45.545437 54.638489 -1.409521e+01
698756 56723.871094 24057.443359 5692.763184 95.539062 148.222992 -83.306503 57.981804 -1.521141e+01
704244 56015.390625 23994.304688 4972.778809 160.569672 103.761581 4.463070 48.053673 -1.466206e+01
704245 55974.722656 23980.560547 4994.573730 163.152679 72.531906 -6.808774 22.146759 -8.680668e+00
738027 56831.046875 23994.236328 5746.226074 17.410080 68.761719 -134.145096 48.531700 -1.301985e+01
748812 56048.410156 24187.583984 6911.501953 145.155441 8.764739 -26.130186 44.598934 -1.220993e+01
750223 56834.082031 25367.294922 3708.866455 5.309946 99.245499 -22.004982 42.128677 -1.019624e+01
750224 56835.765625 25389.457031 3686.969238 0.383389 67.159187 -49.329445 9.445463 1.000000e+37
761581 56177.832031 24981.255859 4288.448242 127.351494 69.686157 19.886580 44.506824 -1.355081e+01
761582 56160.371094 24959.152344 4312.321777 153.320419 60.096291 -5.687386 15.728055 1.000000e+37
769570 56276.265625 25482.835938 5169.633301 120.763306 0.968672 -51.481567 45.235882 -1.219590e+01
769655 56615.980469 25450.763672 3596.064697 21.386709 129.515137 -27.813860 38.498714 1.000000e+37
769656 56630.589844 25461.546875 3599.257324 21.534180 91.589355 -5.615310 23.708916 1.000000e+37
782231 56658.210938 24912.566406 5094.505371 134.332260 -60.602001 -24.044600 41.712063 -1.151316e+01
784816 55947.035156 23036.679688 5445.111816 89.486275 61.722874 -35.868694 38.011395 -1.052799e+01
784817 55932.320312 23036.117188 5465.540039 61.563240 64.212143 -50.351032 11.821548 1.000000e+37
784818 55932.769531 23034.193359 5433.068848 99.796799 57.423946 -16.987688 8.901522 1.000000e+37
792527 57134.417969 24104.517578 5701.976074 -45.710140 159.758011 55.721386 26.437801 1.000000e+37
792528 57097.824219 24136.101562 5676.734375 -34.666096 157.239471 61.416878 24.442045 1.000000e+37
792529 57104.535156 24116.982422 5685.268066 -70.093765 162.032455 63.334049 13.431980 1.000000e+37
792530 57057.156250 24160.589844 5687.832520 -37.853886 173.385132 51.875950 11.543817 1.000000e+37
793612 55465.402344 24644.328125 4380.902832 172.776764 35.190781 -34.863205 38.598087 -1.093510e+01
802531 56397.695312 25929.310547 4083.602539 89.484062 18.060457 -105.827080 39.757679 -1.072130e+01
817555 56327.941406 24226.527344 5306.468262 177.094086 3.397694 -31.053131 38.228680 -1.151393e+01
824334 57839.570312 24318.312500 6692.968750 36.637661 20.248714 41.411114 39.061428 -1.149505e+01
835992 56289.878906 23421.169922 4940.803223 16.830618 145.465744 85.937599 30.546989 1.000000e+37
835993 56306.214844 23400.392578 4900.263672 10.301953 160.363922 61.703800 8.747196 1.000000e+37
851192 57040.605469 24462.257812 5087.491211 -23.137335 103.337509 101.187851 25.537102 1.000000e+37
851193 57062.828125 24437.984375 5072.300293 -29.218575 131.695847 103.201225 17.239367 1.000000e+37
851194 57056.535156 24437.507812 5085.798828 -23.183851 132.480515 95.999344 13.660043 1.000000e+37
855237 55753.746094 23193.402344 4828.397461 19.775465 113.907219 86.880859 30.915442 1.000000e+37
861051 57536.753906 23767.908203 6431.356445 61.406578 -21.129513 24.743923 30.597614 -8.521546e+00
861052 57569.703125 23794.539062 6412.286133 96.931725 -24.506565 39.116600 9.910006 1.000000e+37
861494 55911.851562 22760.029297 5223.767090 5.830096 113.139969 69.746193 29.871510 1.000000e+37
861495 55939.207031 22773.320312 5229.196777 -16.565113 128.425049 83.236389 7.820692 1.000000e+37
875949 58167.242188 24505.568359 6439.105469 62.187569 41.066124 55.950867 26.508030 1.000000e+37
875950 58190.492188 24523.367188 6448.374512 61.037540 18.050426 47.000710 18.982178 1.000000e+37
877122 55597.515625 23776.316406 4722.781250 112.653641 51.490036 50.443996 33.284813 1.000000e+37
926416 56358.851562 24742.800781 4719.530762 153.487671 16.775272 53.414566 27.567783 1.000000e+37
939129 56128.734375 22877.531250 5275.163086 4.058231 121.505013 69.927864 26.307510 1.000000e+37
939130 56158.914062 22872.703125 5258.799805 -14.183202 114.599861 84.618401 13.791125 1.000000e+37
953979 56022.511719 23852.070312 4669.339355 140.651779 93.100716 53.095646 26.071119 1.000000e+37
972429 56486.753906 24529.917969 4209.522949 126.285591 3.179173 -0.972202 24.599291 1.000000e+37
984188 57229.101562 24725.726562 4705.657227 0.703047 97.551407 58.303791 23.016134 1.000000e+37
992199 57272.679688 23974.654297 6491.221680 125.207207 146.158707 3.929709 27.717709 -9.430555e+00
1005228 55869.113281 25160.007812 3853.920898 81.233192 98.831978 -6.617516 21.097712 1.000000e+37
1005229 55871.753906 25126.947266 3899.656494 85.816078 88.310989 -22.487652 12.791984 1.000000e+37
1005230 55880.484375 25156.318359 3867.357178 84.762474 100.598625 -14.565084 10.701807 1.000000e+37
1009022 56014.199219 25497.306641 3868.112793 117.048996 109.656189 -24.547924 24.772890 1.000000e+37
1020029 55360.277344 22952.849609 5547.108398 47.919487 66.336296 -3.576449 26.531029 1.000000e+37
1037875 55798.035156 23766.664062 4689.512695 46.566032 126.821541 77.459641 24.543657 1.000000e+37
1043162 55618.464844 23347.283203 5060.041016 77.106369 38.750057 21.217485 25.047192 1.000000e+37
1057318 58295.886719 24476.486328 4412.572754 56.879745 144.445847 53.991974 23.448803 1.000000e+37
1087979 56449.906250 24490.486328 4728.839355 135.202835 26.739540 111.299530 22.475212 1.000000e+37
1097733 56897.601562 24162.621094 4934.571289 -4.591632 166.721344 116.981728 23.377270 1.000000e+37
1100763 56671.089844 24776.021484 5115.679688 118.748093 -84.757317 -69.281937 22.669617 1.000000e+37
1121923 57026.507812 24323.818359 5145.608887 -27.127705 145.926193 107.124199 19.459152 1.000000e+37
1137290 55816.062500 24951.072266 6882.767578 144.793488 -6.190244 -25.367418 21.160418 1.000000e+37
1139077 56515.105469 23597.894531 4891.321777 16.515749 152.246643 91.219566 20.560614 1.000000e+37
1150163 55298.667969 23155.904297 4991.412109 95.532616 62.564808 19.800211 22.021626 1.000000e+37
1150165 55372.335938 25635.933594 5694.211426 148.379593 11.739623 -52.196278 22.521500 1.000000e+37
1154852 56266.046875 25393.248047 5070.117676 104.418198 -14.769072 -29.464262 21.855762 1.000000e+37
1156710 57114.812500 24366.517578 5027.205566 -20.533289 146.561310 106.346581 21.684818 1.000000e+37
1156711 57916.722656 23530.701172 4564.338379 45.922710 145.826263 80.133965 21.627655 1.000000e+37
1162456 57534.859375 24031.689453 6652.873047 5.958924 108.333542 -44.210503 20.593752 1.000000e+37
1200694 55916.199219 24996.308594 4303.193359 78.529778 80.271515 29.776663 20.302507 1.000000e+37
1201964 56888.484375 23995.394531 6043.105957 95.261940 167.306992 -28.748087 17.544153 1.000000e+37
1203083 56950.394531 25264.841797 3976.630615 18.140947 133.232315 14.449376 19.518120 1.000000e+37
1210260 56853.687500 24526.509766 5228.230957 -59.135395 68.661629 95.508736 18.012196 1.000000e+37
1213990 57179.390625 25379.849609 3656.686523 12.907367 146.396423 11.243466 20.319883 1.000000e+37
1220264 57192.843750 23891.583984 6515.861816 115.881119 149.953659 5.456951 17.404388 1.000000e+37
1224070 56730.773438 24310.410156 5692.976074 2.868731 118.985428 -88.302071 20.626705 1.000000e+37
1226744 55502.160156 22933.142578 4666.816895 3.439423 113.270599 91.572838 17.508247 1.000000e+37
1226745 55503.460938 22935.261719 4674.013672 -3.026544 123.412231 99.962532 13.182977 1.000000e+37
1234935 58206.128906 24546.646484 6494.778320 57.284321 14.937678 56.910606 20.095856 1.000000e+37
1234936 58220.410156 24560.089844 6480.315918 52.260429 19.671001 63.223087 10.003085 1.000000e+37
1247547 55857.218750 24864.939453 3500.145020 69.794334 166.701706 24.209824 21.241835 1.000000e+37
1248917 57033.390625 25288.804688 3859.772705 9.735221 143.129181 17.360897 16.818567 1.000000e+37
1248918 57018.625000 25270.822266 3833.133545 5.791390 83.732780 -18.442091 14.934836 1.000000e+37
1256038 56406.070312 24363.214844 5429.523926 82.555214 -28.701691 21.943146 20.692865 1.000000e+37
1257622 56577.179688 24300.900391 4918.504395 179.700241 179.454865 125.174553 19.286922 1.000000e+37
1268249 56242.726562 24822.701172 4074.786377 72.729866 40.344265 -1.963678 22.663946 1.000000e+37
1271394 56477.093750 24055.857422 4770.000000 162.746475 141.502487 46.579880 19.256170 1.000000e+37
1276175 56227.558594 24218.562500 6636.621094 150.221619 5.061395 -34.010120 18.527855 1.000000e+37
1277759 57888.046875 23740.294922 6751.783691 69.314301 5.444756 -6.024116 21.698658 1.000000e+37
1279196 56985.093750 24166.941406 5644.379395 -30.836353 54.830223 59.366692 19.476305 1.000000e+37
1285889 56146.949219 25854.681641 5116.458984 124.187828 -8.356053 -5.772065 20.918833 1.000000e+37
1287513 57825.839844 24343.074219 4680.454590 35.064133 140.849716 66.050339 19.149313 1.000000e+37
1296129 56101.195312 25974.582031 5331.440430 118.272202 -20.223621 -116.045372 19.810434 1.000000e+37
1299667 56442.250000 24797.513672 4187.330566 134.938721 -4.137922 -33.762844 18.746452 1.000000e+37
1310307 56825.847656 25037.146484 4453.403320 19.921629 95.653374 42.977760 19.618633 1.000000e+37
1310379 55664.906250 22891.443359 5673.053711 28.281797 88.435921 33.827045 19.176704 1.000000e+37
1317807 57900.765625 24592.328125 4471.461914 37.948753 130.930893 53.226120 16.613760 1.000000e+37
1317808 57873.730469 24591.230469 4466.015137 49.537746 125.336510 53.683147 14.696903 1.000000e+37
1321508 57786.074219 23873.826172 6459.594238 40.348545 31.387386 -13.870245 15.285401 1.000000e+37
1323440 56812.199219 24146.542969 5197.274902 147.083542 79.080383 186.799683 20.623333 1.000000e+37
1335256 56534.828125 25406.205078 4962.469727 134.174728 -11.195583 -31.747803 20.076286 1.000000e+37
1335257 56568.058594 24180.023438 6281.063477 157.167374 -0.414753 -77.080589 17.789066 1.000000e+37
1341312 55777.042969 22705.984375 5795.634766 26.253860 89.584396 31.692205 15.930235 1.000000e+37
1341313 55792.710938 22697.123047 5774.166504 16.244148 84.173203 33.758297 8.144269 1.000000e+37
1343362 55406.242188 23215.017578 5075.544434 116.310524 54.191254 41.314461 22.606920 1.000000e+37
1347357 56639.101562 23829.761719 5378.372070 116.523674 61.012074 -67.246758 23.041872 1.000000e+37
1357890 57577.132812 23860.205078 6259.537109 45.784195 24.351377 17.934481 13.980358 1.000000e+37
1362158 56750.695312 24139.613281 5170.648438 48.181889 -91.654243 10.713675 16.009426 1.000000e+37
1364452 56075.058594 25351.677734 3749.499512 117.424995 109.585373 -18.304565 19.008146 1.000000e+37
1368757 56402.605469 24208.632812 4905.679199 189.502167 168.705658 61.949989 19.673357 1.000000e+37
1371017 56281.812500 23988.179688 4893.679688 164.567596 139.561996 32.702122 22.150558 1.000000e+37
1375546 57166.765625 24047.408203 5711.740723 68.089081 68.518806 -80.656029 17.962162 1.000000e+37
1375547 57178.167969 24038.621094 5715.089844 -21.401096 49.189137 -56.083576 17.410315 1.000000e+37
1375647 56317.183594 24322.578125 5248.942871 124.855446 -60.148129 3.488694 18.575909 1.000000e+37
1398619 57572.570312 25054.207031 4004.322510 28.817842 132.896317 30.443817 20.385273 1.000000e+37
1403671 57349.785156 23806.585938 6619.281738 57.931156 158.154465 59.526337 18.275660 1.000000e+37
1403771 56460.863281 25450.523438 5208.311035 116.740646 -3.609726 -35.060986 22.521210 1.000000e+37
1406223 56159.441406 24387.798828 4471.953125 103.848343 17.735525 49.992916 18.999794 1.000000e+37
1413810 56839.425781 23894.666016 5586.918457 37.146866 109.439819 -8.507306 25.365568 -1.016627e+01
1416252 56570.214844 22737.537109 5547.152832 10.098095 122.086578 84.653511 18.988449 1.000000e+37
1416381 56127.179688 23663.265625 4869.632324 197.928589 39.915962 0.566923 16.305264 1.000000e+37
1429625 56509.042969 25005.199219 5094.605469 105.791458 -62.923687 -31.502268 17.759983 1.000000e+37
1434812 57902.761719 25322.281250 4674.611328 53.997772 63.484634 10.275905 19.553921 1.000000e+37
1434934 55992.000000 24028.291016 4466.937500 143.320267 81.492775 63.916058 18.014969 1.000000e+37
1437593 56621.449219 25066.320312 3919.008301 29.239119 65.959702 -19.217045 14.324409 1.000000e+37
1437594 55597.003906 22949.716797 5016.530762 98.782867 69.301918 26.684914 17.209753 1.000000e+37
1445849 56494.183594 23834.615234 5497.580566 127.275162 166.987808 -28.384640 17.208298 1.000000e+37
1454426 55659.312500 22573.341797 5584.823242 74.290375 36.947430 -32.504475 18.598818 1.000000e+37
1457203 57088.863281 24162.191406 5795.715332 58.762554 82.439560 5.336323 15.146123 1.000000e+37
1457204 57093.773438 24156.988281 5766.976562 70.497070 80.065842 -60.649693 9.405017 1.000000e+37
1475131 55807.835938 22624.931641 5128.757324 8.967067 107.946381 71.942352 18.710577 1.000000e+37
1487702 56524.906250 25274.722656 4164.571777 38.828144 103.327110 10.270962 15.184963 1.000000e+37
1493923 57619.476562 24961.951172 4969.015625 32.978527 46.562183 24.664032 19.128380 1.000000e+37
1513690 57304.082031 23934.492188 6661.896484 74.579079 161.610733 51.961403 18.978025 1.000000e+37
1513853 55849.949219 24274.679688 4585.279297 195.921982 25.793789 -14.977983 18.847313 1.000000e+37
1517105 57060.398438 24848.828125 4832.702148 -0.824896 92.854454 72.179306 13.783917 1.000000e+37
1517106 57036.128906 24820.869141 4836.633789 7.940543 88.611359 75.950165 9.566623 1.000000e+37
1524141 57336.343750 24188.400391 5590.865234 42.644470 49.425411 -89.739891 17.660946 1.000000e+37
1538316 55927.687500 23675.341797 4598.343262 128.366302 87.599632 58.963764 16.978264 1.000000e+37
1541860 57403.222656 24061.230469 6763.467285 73.631500 172.497711 9.618021 16.617130 1.000000e+37
1542033 56425.355469 24407.853516 4908.879883 61.126896 84.609322 127.206947 18.645630 1.000000e+37
1549294 56808.300781 23931.253906 5477.806152 2.563491 -70.497505 14.422033 13.293379 1.000000e+37
1556921 55485.382812 23551.683594 3945.328857 144.008316 60.755527 29.273245 15.472281 1.000000e+37
1568534 56416.628906 24450.103516 5135.187012 51.823620 96.943321 129.591248 17.860550 1.000000e+37
1576640 56381.296875 24479.431641 4002.552002 109.301758 68.364067 27.602158 18.589411 1.000000e+37
1580525 56829.843750 23863.544922 5377.055664 17.808403 203.714188 86.643112 16.340487 1.000000e+37
1584434 57851.527344 24043.712891 6630.482422 33.843002 -2.958039 16.834734 14.377035 1.000000e+37
1584641 56074.968750 25115.222656 3897.212891 49.737244 55.167374 -33.986778 17.138222 1.000000e+37
1592702 56435.140625 25018.992188 5084.532227 131.995895 -40.939899 -79.017273 17.794865 1.000000e+37
1601384 56795.878906 24262.236328 5833.056152 65.923561 88.317795 -66.444275 14.834787 1.000000e+37
1601390 56746.003906 24862.179688 5101.322266 113.399193 -59.923836 -18.999592 18.416973 1.000000e+37
1605681 55438.726562 23111.675781 5230.077637 128.603012 64.558784 15.638739 13.925462 1.000000e+37
1618807 57384.937500 23963.695312 5899.416504 31.398115 28.263123 -32.520237 16.224586 1.000000e+37
1623323 56831.968750 24111.570312 5660.513672 48.347233 53.139542 -100.345932 10.678151 1.000000e+37
1623562 56048.558594 24258.878906 7119.191895 139.037445 -16.909758 -29.611210 15.614080 1.000000e+37
1628080 56065.562500 23670.476562 5680.217285 96.602669 114.750206 -9.702020 15.299262 1.000000e+37
1628090 55830.882812 25108.027344 6630.350098 142.711670 -10.333053 -30.200928 16.505417 1.000000e+37
1632779 57399.066406 23721.597656 6320.289551 97.805016 146.578979 7.106627 15.445340 1.000000e+37
1637440 57256.503906 24486.347656 5102.569824 57.419865 1.303595 -39.483196 17.247351 1.000000e+37
1637448 56943.117188 24061.259766 6080.898926 96.642776 153.917587 -42.188934 15.749177 1.000000e+37
1646658 56784.570312 24299.785156 4880.098145 55.779903 93.036407 41.620579 15.061802 1.000000e+37
1646878 56445.667969 24266.005859 5695.367676 162.393234 -6.172506 -14.475482 16.702204 1.000000e+37
1651614 55830.945312 24644.716797 4351.488281 141.712921 96.982292 42.110958 14.447486 1.000000e+37
1661292 56400.625000 24342.142578 4159.501953 103.218307 56.469532 41.117432 17.876020 1.000000e+37
1666225 57589.042969 23760.351562 6245.934082 95.152542 -37.846054 3.917908 13.949647 1.000000e+37
1671410 56225.402344 24184.728516 4848.669434 186.647552 97.367706 97.418617 17.364130 1.000000e+37
1681352 57596.039062 24146.423828 6379.081055 48.305065 33.462891 10.024487 19.580284 1.000000e+37
1713779 55004.343750 23221.035156 4730.006836 75.452286 64.590721 63.873947 14.300197 1.000000e+37
1713780 55890.902344 24119.148438 4663.541016 200.685791 25.334686 -10.522449 15.247233 1.000000e+37
1719041 57654.332031 24811.500000 5082.699707 44.582752 2.171302 7.787600 13.225821 1.000000e+37
1724835 56651.406250 24110.197266 5714.514160 122.515884 -58.855087 -12.339623 12.090545 1.000000e+37
1730610 57637.175781 23960.521484 6596.381836 0.502197 1.685928 5.298714 15.393740 1.000000e+37
1730623 56632.660156 24388.621094 5381.648438 132.193359 132.175034 -4.682911 17.995079 1.000000e+37
1736770 56377.660156 25504.675781 5298.670898 111.471367 -2.107621 -46.610577 18.673288 1.000000e+37
1748737 56294.492188 24196.429688 4940.072266 102.550591 110.433075 4.703217 19.305199 1.000000e+37
1779567 56425.894531 24306.322266 5543.776855 121.450340 -25.138441 17.955349 16.327095 1.000000e+37
1779568 55659.445312 23838.910156 4442.618652 56.194199 114.463745 77.531754 12.169895 1.000000e+37
1779574 55241.628906 24838.878906 4381.972656 176.279694 42.351707 -40.777351 12.956772 1.000000e+37
1785664 56825.996094 24408.705078 5279.029297 86.441963 -157.817200 -11.817571 13.800327 1.000000e+37
1785674 58370.000000 24358.283203 4835.424805 54.039623 123.591629 51.724854 15.673988 1.000000e+37
1786010 56482.039062 24245.066406 4928.784668 107.339745 108.938461 58.194431 11.458832 1.000000e+37
1792135 56522.417969 24081.982422 5368.774902 87.870445 30.960814 -156.520920 14.173913 1.000000e+37
1792148 56964.339844 24831.292969 4784.654785 5.586138 80.972343 75.092880 16.130264 1.000000e+37
1792439 56431.402344 24267.818359 5230.008301 79.983704 -5.757343 41.084179 12.310645 1.000000e+37
1812056 56238.609375 23346.214844 4926.434570 26.315878 156.591675 80.235695 13.211275 1.000000e+37
1812360 56165.082031 25051.949219 4036.697754 125.327614 77.986420 5.339084 17.355679 1.000000e+37
1812371 56396.203125 25840.558594 4228.395996 93.058548 20.408991 -101.314720 16.067043 1.000000e+37
1818931 56873.636719 24451.625000 5221.716309 94.772308 -123.104050 -17.049088 11.295650 1.000000e+37
1818932 56613.289062 23901.080078 5641.918945 108.887573 -22.333073 -49.647034 13.670331 1.000000e+37
1833270 56940.148438 22773.621094 6724.342773 80.466019 82.313065 32.090351 13.366635 1.000000e+37
1833271 56865.023438 24129.205078 6017.796875 70.300499 67.827812 -34.083698 19.364256 1.000000e+37
1840368 56374.050781 24370.595703 4674.620605 141.944839 48.000164 108.639915 15.128656 1.000000e+37
1840369 56222.042969 25134.027344 3699.858154 70.282211 66.391624 -39.557819 13.817272 1.000000e+37
1840384 56548.816406 24652.789062 5191.346680 125.353905 -107.483955 -38.019188 14.519889 1.000000e+37
1847693 56290.929688 24268.378906 5087.314941 230.786850 10.633979 82.496681 16.417351 1.000000e+37
1862399 56420.578125 24787.458984 4347.782227 100.598732 67.191231 51.414734 17.479570 1.000000e+37
1862402 56676.960938 24373.292969 4881.555664 177.716949 105.360641 134.720718 18.584076 1.000000e+37
1869645 56994.882812 24219.824219 5210.783203 -20.093414 -9.831682 21.893724 16.706215 1.000000e+37
1869651 57629.121094 24268.812500 6842.471191 56.291763 114.930748 -20.201212 15.900084 1.000000e+37
1877792 56869.921875 24305.917969 5200.604980 58.000107 -131.865341 -6.194487 14.716818 1.000000e+37
1885105 57014.757812 24148.060547 5785.144043 -32.295303 164.902496 17.605350 13.962065 1.000000e+37
1885456 55746.843750 23714.761719 4445.458496 120.783791 91.852753 40.980316 16.099754 1.000000e+37
1892871 57031.753906 24131.607422 5539.414062 -55.177536 188.179504 74.454117 14.131607 1.000000e+37
1893267 55408.281250 24506.357422 5455.461914 165.378830 2.854802 -39.757248 16.165167 1.000000e+37
1900800 56719.449219 23995.990234 5945.134766 37.101688 22.251955 -99.113129 17.054178 1.000000e+37
1901164 55617.191406 23610.453125 4529.268066 49.184830 114.966545 77.891891 14.639105 1.000000e+37
1901178 56009.652344 24261.142578 7012.982422 133.818634 5.257392 -39.553085 15.921721 1.000000e+37
1908979 57606.804688 24082.824219 6919.541016 18.821421 82.035706 35.060867 13.198047 1.000000e+37
1908980 56565.675781 24452.160156 5287.553711 9.521670 -65.246284 44.957081 12.691997 1.000000e+37
1917187 56728.265625 24570.289062 5162.691895 98.967140 -125.506386 -36.599575 12.888776 1.000000e+37
1917580 56462.410156 24853.320312 4486.165039 134.117844 -27.456722 -26.782263 13.752415 1.000000e+37
1917581 56439.839844 24846.162109 4491.906250 136.371521 -18.330170 -23.759472 8.676903 1.000000e+37
1925529 56584.960938 24625.056641 5082.723633 146.423492 -109.107361 -67.597679 14.528131 1.000000e+37
1925530 56090.613281 23380.251953 4838.874512 26.770853 127.470848 82.701096 9.890945 1.000000e+37
1925531 56090.148438 23393.697266 4855.249023 29.925379 126.188530 73.837761 10.252558 1.000000e+37
1925932 56413.093750 24851.396484 4809.536621 32.423893 38.273952 67.799675 14.867193 1.000000e+37
1925945 56149.773438 26181.529297 4699.195801 96.290054 -0.881407 -75.056511 14.816250 1.000000e+37
1934048 57114.863281 23902.892578 6043.666504 5.858693 -19.124525 -16.710461 15.110365 1.000000e+37
1934064 57424.320312 24788.830078 4608.129883 9.100505 98.061661 53.379036 14.658583 1.000000e+37
1934065 57715.910156 24691.333984 5962.441406 32.521164 28.080368 41.724419 14.323188 1.000000e+37
1934465 56404.445312 23807.679688 5047.793945 196.201706 97.504364 42.149853 14.975729 1.000000e+37
1942775 57030.050781 23671.785156 5681.956543 16.524752 172.302063 68.694931 15.913573 1.000000e+37
1951856 55740.574219 24595.345703 3722.313232 63.544186 150.632416 34.779995 14.648801 1.000000e+37
1951865 57689.570312 23974.640625 6240.561523 50.128353 3.941142 3.605598 14.047839 1.000000e+37
1951868 56589.656250 23876.128906 5712.890625 80.382050 91.825661 -16.970114 17.725317 1.000000e+37
1960797 57857.070312 23966.115234 6337.082031 57.115307 14.540116 -4.597708 13.984095 1.000000e+37
1960798 56413.613281 25077.523438 5068.354492 132.369812 -41.388248 -77.832832 15.835209 1.000000e+37
1969884 55389.011719 24375.648438 6239.338867 147.152023 -14.975604 -33.602547 14.071465 1.000000e+37
1979207 56022.832031 24804.853516 4134.971680 77.355995 34.707855 -4.268728 13.243989 1.000000e+37
1988588 56178.863281 23880.982422 4843.792480 160.464767 121.334740 24.770996 13.724272 1.000000e+37
1988590 56310.855469 24135.771484 6479.480957 163.484802 10.297943 -40.266010 12.906943 1.000000e+37
1997451 57513.859375 23955.683594 6148.758789 16.547594 125.117859 77.108360 15.313238 1.000000e+37
1997904 56877.222656 24135.599609 5755.008789 163.903137 -17.601847 -117.339149 12.041504 1.000000e+37
2007001 56450.281250 24079.812500 5131.685547 140.823914 66.383263 165.905304 13.776602 1.000000e+37
2027349 55982.417969 24627.523438 4763.124023 95.322723 27.668949 58.522118 13.931148 1.000000e+37
2027366 56340.445312 24451.962891 5038.903320 149.119705 116.980804 131.546814 15.645442 1.000000e+37
2036857 58355.363281 24744.593750 5951.736816 89.008659 -5.640293 17.035868 13.830527 1.000000e+37
2036879 56970.652344 24554.812500 5067.555176 -28.813181 87.952583 99.518700 14.904610 1.000000e+37
2037364 55051.382812 24057.361328 6280.445801 137.251312 13.408390 -1.676918 13.122369 1.000000e+37
2037365 56100.398438 24220.423828 6692.606445 142.118622 12.109981 -31.447147 12.145846 1.000000e+37
2047352 56444.039062 22355.183594 5699.581543 9.428865 107.380585 79.926514 10.953277 1.000000e+37
2047897 56485.277344 24580.892578 4800.879395 96.870903 -83.077019 10.349936 13.208168 1.000000e+37
2058331 56306.675781 26005.941406 5207.145020 132.304123 -10.810232 -107.060402 17.365824 1.000000e+37
2068537 56990.843750 24679.453125 4779.364746 -9.033010 89.594772 75.192162 14.674880 1.000000e+37
2069067 56778.117188 24304.416016 4924.007324 120.646400 124.575668 -28.135786 10.463570 1.000000e+37
2069068 55808.042969 24627.150391 3676.483643 67.567047 151.681931 37.199921 11.878269 1.000000e+37
2079269 57246.074219 24794.662109 4721.835449 12.201062 99.810028 47.908497 13.781087 1.000000e+37
2079270 56344.500000 22366.994141 5710.458984 21.811552 102.890694 66.842827 14.073792 1.000000e+37
2090346 55916.488281 22727.277344 5186.471680 7.708782 125.880142 88.312210 9.283824 1.000000e+37
2090842 55484.707031 22941.304688 4873.429688 14.697445 102.439247 80.348061 12.619791 1.000000e+37
2101650 56913.914062 24550.390625 5122.387695 -38.231255 82.501778 95.674805 11.033456 1.000000e+37
2101651 56949.195312 24145.062500 5370.483887 -82.159103 5.496679 44.851894 11.805438 1.000000e+37
2113296 56663.558594 25284.578125 3940.666748 15.858615 108.613968 -10.780142 13.426511 1.000000e+37
2113836 55848.148438 25071.888672 6684.866699 147.848206 -8.210830 -34.407894 12.994407 1.000000e+37
2124876 57413.488281 23957.359375 6495.707031 94.095093 104.441826 -69.388954 14.331108 1.000000e+37
2136870 57572.191406 23983.703125 6569.105469 -22.531170 0.715227 30.977646 12.284049 1.000000e+37
2137480 55840.476562 24027.849609 4748.184082 152.826126 73.617889 58.741970 14.732055 1.000000e+37
2137481 55848.515625 24024.648438 4755.531738 145.996323 70.547165 59.636879 10.097788 1.000000e+37
2148961 56337.359375 23681.107422 4431.425293 24.456259 147.382996 92.132515 13.821910 1.000000e+37
2161339 57043.949219 24682.386719 5323.900879 -16.263178 -3.332905 43.743359 12.295864 1.000000e+37
2161340 55905.945312 23206.189453 4770.326660 7.605362 133.301590 98.222885 11.766768 1.000000e+37
2174468 57657.250000 23886.269531 6444.069336 27.046732 31.320864 -12.511970 14.831478 1.000000e+37
2174470 55506.832031 25681.400391 5789.665039 143.431396 5.364785 -59.469158 10.504362 1.000000e+37
2187258 56336.664062 24851.025391 4682.998535 158.693176 22.704947 44.673561 14.278535 1.000000e+37
2200369 56468.523438 24021.257812 5020.410156 187.914597 23.881910 18.149326 15.763699 1.000000e+37
2213118 56748.687500 24187.691406 4898.972656 8.191641 166.501572 128.142120 12.134187 1.000000e+37
2226905 57084.218750 24834.685547 4678.586426 16.896315 34.407635 32.828999 14.242573 1.000000e+37
2226931 58268.250000 23388.736328 4237.131348 56.368706 149.750015 84.065514 11.003013 1.000000e+37
2227644 56370.816406 25803.962891 6214.472656 112.126396 -10.019491 -48.886703 12.816825 1.000000e+37
2241156 57283.507812 24654.683594 4790.118652 -6.266111 91.817093 46.841095 14.303642 1.000000e+37
2255217 56920.679688 24704.195312 4861.666504 -11.523075 73.101074 81.478561 13.383024 1.000000e+37
2255895 55527.695312 24487.570312 6090.011719 152.478729 -9.601057 -38.416893 12.833155 1.000000e+37
2284425 58002.679688 24809.568359 4458.646484 38.127445 108.995758 37.653313 11.429223 1.000000e+37
2284428 57697.007812 24764.275391 3559.804443 39.566013 171.625610 44.241566 13.229124 1.000000e+37
2285120 56660.367188 24439.566406 5378.322266 86.441971 137.376114 -76.703796 11.555344 1.000000e+37
2285143 56940.433594 22684.703125 6541.824219 95.441994 70.513809 14.261109 12.279922 1.000000e+37
2300102 56363.636719 25090.078125 3857.077881 102.644295 99.693359 -1.528907 12.724355 1.000000e+37
2300107 57121.261719 24065.726562 5570.125977 51.331917 -14.234590 -108.353622 12.375505 1.000000e+37
2300131 56406.222656 25517.990234 5224.050293 98.231750 -0.338291 -70.976784 13.644287 1.000000e+37
2315425 56292.226562 24273.394531 4796.107910 175.814178 149.812592 8.477132 13.217015 1.000000e+37
2315426 57110.519531 24020.501953 5685.370605 114.777596 66.644547 -44.630257 15.345319 1.000000e+37
2331422 55588.242188 25525.546875 6108.527832 143.146805 2.030360 -50.231586 13.129547 1.000000e+37
2346893 57653.644531 24149.070312 6600.649902 81.829750 17.190983 35.050961 11.224894 1.000000e+37
2347647 56076.492188 24231.300781 4901.257324 188.693329 82.057999 69.528191 12.516585 1.000000e+37
2347667 57497.820312 23737.832031 6328.848145 72.532417 8.042445 21.879887 14.910216 1.000000e+37
2347669 55218.113281 24866.728516 4227.848145 165.415527 40.012955 -43.877914 12.887044 1.000000e+37
2364027 56838.914062 23554.410156 6385.796875 70.130486 133.594635 34.509274 11.499816 1.000000e+37
2380265 57827.808594 23620.746094 6218.452637 41.110264 124.752327 81.213142 11.273434 1.000000e+37
2381089 56069.675781 25126.148438 3805.088867 77.700996 51.498592 -43.348408 8.340970 1.000000e+37
2381092 56511.636719 25237.167969 4195.241699 38.907673 108.456856 9.563415 12.070131 1.000000e+37
2381113 56205.855469 25753.806641 5248.750000 149.182648 -5.305119 -70.946754 13.389734 1.000000e+37
2398360 55691.347656 24344.250000 3865.195557 70.426521 136.649658 46.209057 9.371308 1.000000e+37
2398384 56837.496094 23985.923828 5536.500977 -26.381666 45.818130 -100.477097 10.651217 1.000000e+37
2415305 57207.414062 24159.240234 5556.140137 -44.730057 139.996552 81.397728 12.371812 1.000000e+37
2433302 58492.085938 25155.765625 4838.647461 82.131332 48.107857 8.720604 12.243361 1.000000e+37
2433333 56909.566406 25018.058594 4288.665039 13.658954 113.407043 40.587811 12.329608 1.000000e+37
2434248 56420.968750 24495.335938 4211.725098 125.935326 -14.597788 -12.655474 9.613331 1.000000e+37
2434249 55687.968750 24333.414062 4520.062500 181.339844 27.060337 -17.602987 12.410483 1.000000e+37
2452884 55738.453125 23091.505859 5209.862305 93.007271 85.239182 -7.492270 13.483688 1.000000e+37
2452900 57913.675781 23901.203125 6623.685059 70.817162 26.078371 -19.216475 10.524559 1.000000e+37
2491235 55681.757812 24230.320312 5959.656738 161.668304 -1.226599 -37.103981 12.296366 1.000000e+37
2510338 57623.242188 23874.107422 6657.864746 149.479080 92.656258 -64.472443 12.536463 1.000000e+37
2510367 57927.816406 24786.060547 4474.388184 36.638325 108.928299 32.570457 12.811913 1.000000e+37
2511343 56521.492188 24888.529297 5107.201660 119.526199 -72.051712 -48.181393 11.209170 1.000000e+37
2511345 56096.738281 23791.392578 5083.861328 195.732193 35.590405 -54.434799 9.323696 1.000000e+37
2530630 56684.195312 24729.392578 5149.669434 118.754333 -107.452995 -69.751366 8.907798 1.000000e+37
2530635 57759.835938 24193.263672 6812.076660 37.401672 21.096243 20.258877 10.709732 1.000000e+37
2531560 56548.199219 24513.591797 5062.905273 152.409470 218.233231 110.616035 10.121210 1.000000e+37
2531562 56415.675781 24421.919922 5299.642090 68.384010 -70.352432 24.806614 10.600454 1.000000e+37
2531592 55615.160156 25291.679688 6593.282227 147.052643 -5.563214 -34.116467 10.456964 1.000000e+37
2551365 57779.304688 24094.140625 6336.175781 35.446285 -24.144657 37.218666 11.904249 1.000000e+37
2551396 57084.289062 24287.289062 6512.603027 105.864426 85.537971 -13.028336 13.363591 1.000000e+37
2552358 55893.781250 25026.941406 4238.126465 100.830070 62.335243 11.519770 12.085435 1.000000e+37
2552359 56551.007812 24368.244141 5394.050293 232.830811 95.879776 23.284056 10.802858 1.000000e+37
2572836 55873.316406 22758.794922 5152.486328 -7.750685 115.242485 78.561562 10.314053 1.000000e+37
2573841 56159.992188 24251.621094 4844.914062 136.548172 -22.065065 73.777916 13.027148 1.000000e+37
2573843 57608.757812 24185.828125 6572.766113 111.541283 5.626328 -50.573540 12.108146 1.000000e+37
2573845 56161.296875 24994.947266 4594.251953 144.804047 50.215664 18.871054 13.113687 1.000000e+37
2573879 55246.031250 24085.154297 6345.837891 127.108551 -14.063334 -33.891705 13.506320 1.000000e+37
2573880 55354.832031 24154.628906 6284.619629 132.599091 -4.160494 -28.061703 11.284595 1.000000e+37
2595063 56926.050781 24313.064453 4498.298340 18.786644 147.277222 94.260406 13.059890 1.000000e+37
2595064 57768.546875 23763.400391 6037.222168 29.497675 126.821533 82.356522 13.751784 1.000000e+37
2596133 56866.402344 24357.285156 5161.464355 14.542926 -67.115250 -39.791542 14.213017 1.000000e+37
2596134 55928.691406 23799.466797 5149.822754 144.012543 89.367561 -15.147994 13.057451 1.000000e+37
2596164 56612.843750 24204.326172 6180.742676 152.569305 0.072398 -87.443085 12.147927 1.000000e+37
2617644 56610.457031 24033.539062 5445.573242 71.151169 -44.177414 -145.171814 12.336294 1.000000e+37
2617673 57202.734375 23896.220703 5899.502930 12.754369 165.540466 55.782825 9.136515 1.000000e+37
2641032 56996.394531 24251.925781 5408.526367 28.588495 26.197056 -69.370888 12.453270 -9.668437e+00
2666032 55679.046875 23499.082031 5007.813965 192.573395 5.506886 2.863419 10.904410 1.000000e+37
2666049 55968.226562 24295.281250 5935.784180 170.693542 -3.753019 -54.363625 12.589957 1.000000e+37
2690443 56272.847656 23002.552734 6027.425781 46.632214 107.454491 43.275425 11.504911 1.000000e+37
2690484 57241.648438 23777.757812 5755.352051 35.004086 -4.408915 -64.685982 11.360307 1.000000e+37
2714271 57867.832031 24086.353516 6604.330566 36.434685 0.115399 26.684006 8.259378 1.000000e+37
2714312 57259.644531 23994.039062 5797.308105 -14.814876 147.959534 52.966145 8.119106 1.000000e+37
2714314 56246.554688 23005.796875 5206.750488 20.910582 114.887627 60.344257 10.060799 1.000000e+37
2715510 56383.636719 24960.343750 4125.319824 36.184254 47.849632 -4.753471 11.739494 1.000000e+37
2715518 55150.441406 23719.193359 4163.133789 128.038452 71.426476 47.472107 12.678000 1.000000e+37
2715548 56112.601562 23719.984375 4830.224609 137.565796 110.694771 6.402909 10.197446 1.000000e+37
2740376 56944.773438 24277.101562 4750.753906 7.808938 143.705780 108.695908 11.268629 1.000000e+37
2740377 56238.652344 24155.185547 4960.051270 170.503143 149.707520 36.020618 13.297479 1.000000e+37
2741567 55551.820312 23948.185547 3773.189209 119.673363 77.268425 20.189056 9.027701 1.000000e+37
2741568 55537.417969 23946.919922 3759.365234 120.386703 77.208755 26.714123 9.241777 1.000000e+37
2741611 57491.621094 26141.742188 5379.072266 91.281906 -18.562408 -39.564419 11.129446 1.000000e+37
2768267 55864.656250 24494.248047 4028.647705 58.074253 139.746552 52.206093 12.965160 1.000000e+37
2768301 55152.851562 23014.492188 5134.144043 75.145668 57.673214 -1.068043 12.770744 1.000000e+37
2768305 56278.222656 25715.982422 5246.168945 90.435394 28.968002 -70.863327 10.013412 1.000000e+37
2794502 57400.808594 23909.095703 6351.943848 84.198074 34.969959 31.182068 9.443990 1.000000e+37
2794549 56494.898438 25070.476562 4405.421387 25.859232 85.195274 30.722134 9.416945 1.000000e+37
2795884 55550.414062 24811.679688 4238.048340 173.464554 43.341896 -25.171947 10.986560 1.000000e+37
2795885 56696.781250 24472.939453 4938.600098 261.709930 45.198830 103.263039 10.519592 1.000000e+37
2795886 56726.191406 24191.861328 5664.256836 130.770813 131.452530 -127.855820 14.965698 1.000000e+37
2795928 56578.125000 25158.923828 4701.155762 137.947601 -18.405968 -35.566151 12.593525 1.000000e+37
2822684 57014.476562 24158.804688 5333.610352 -16.602694 53.443150 -159.489792 13.164105 1.000000e+37
2824084 55750.539062 24083.433594 4368.595215 59.365723 123.161842 74.166832 8.918144 1.000000e+37
2851680 57645.164062 23935.750000 6992.030762 64.526863 43.846863 3.240600 10.756342 1.000000e+37
2853039 56713.968750 23128.615234 6806.629395 125.003464 45.532043 -16.555794 10.677777 1.000000e+37
2853053 57589.632812 26004.779297 5449.790039 92.709785 -19.266066 -35.712883 13.599766 1.000000e+37
2881781 57423.667969 24089.550781 6660.201660 34.902695 11.204533 -51.602585 6.999816 1.000000e+37
2881788 56804.847656 24627.296875 4937.501953 -8.480041 -9.327220 70.017143 10.225417 1.000000e+37
2881843 56478.984375 24407.789062 5391.359375 27.287790 -26.690193 38.349224 11.200543 1.000000e+37
2881844 56917.441406 24361.619141 6022.693359 -27.311474 12.891984 -6.869501 12.197793 1.000000e+37
2881851 55692.113281 23133.738281 4743.352539 6.440416 130.290573 102.068710 11.756094 1.000000e+37
2883290 56238.453125 23636.880859 4846.429688 33.694317 139.698334 83.819870 9.058141 1.000000e+37
2883335 56267.863281 23721.441406 4817.829590 151.851532 92.701263 -2.734941 11.078097 1.000000e+37
2912968 57974.906250 24352.964844 6471.965820 52.225906 21.204067 58.219715 8.853945 1.000000e+37
2912969 56635.863281 23995.574219 5591.413574 -28.927601 41.188286 -127.860863 13.634291 1.000000e+37
2912974 56872.789062 24431.271484 5556.709473 -73.625397 -69.970253 20.025721 9.991364 1.000000e+37
2913013 57353.539062 24057.240234 6731.726562 76.652779 110.467995 25.450819 14.050150 1.000000e+37
2913015 56252.218750 22499.876953 5592.194336 7.380888 116.788788 87.383430 12.107954 1.000000e+37
2913016 56074.375000 22937.697266 5212.569824 9.291708 117.818130 85.121788 12.439672 1.000000e+37
2913017 56360.414062 22414.880859 5687.854004 20.216827 97.905617 66.360451 11.287467 1.000000e+37
2914504 56404.960938 25094.453125 3555.352051 68.966591 64.461998 -56.159187 10.887280 1.000000e+37
2914511 55917.144531 23364.371094 5797.021973 61.381477 102.677238 5.737528 11.371435 1.000000e+37
2914512 55951.855469 24000.779297 4939.017090 156.122757 86.719963 -6.836636 11.889193 1.000000e+37
2914553 56453.746094 24257.859375 6617.830078 141.540024 16.141346 -51.917850 10.992945 1.000000e+37
2914561 57166.058594 23731.781250 5904.630371 41.375332 16.192179 -58.902718 12.117782 1.000000e+37
2914562 55626.835938 25719.611328 5613.641602 149.825897 12.948638 -57.709557 10.927749 1.000000e+37
2914564 55151.007812 24889.896484 4219.438965 165.025528 35.245480 -43.166073 11.987031 1.000000e+37
2914565 55167.601562 24092.228516 6615.180664 127.877579 -2.642999 -35.836781 9.049038 1.000000e+37
2945209 58229.027344 24398.632812 4766.115723 49.815346 123.097672 52.281414 11.546743 1.000000e+37
2945210 57386.750000 23969.138672 5980.440430 4.571597 131.292511 62.725349 11.844184 1.000000e+37
2945213 56529.398438 22700.937500 5566.004395 17.111944 125.213852 81.242287 11.322320 1.000000e+37
2946771 56016.710938 23933.023438 4942.669922 177.999100 95.063461 14.700574 9.647769 1.000000e+37
2946772 55341.105469 23393.851562 4805.126465 119.576965 70.851532 58.885242 8.860766 1.000000e+37
2946789 55475.792969 23563.386719 5104.500488 184.997665 -1.138419 -20.524992 11.403583 1.000000e+37
2978261 57116.304688 24079.953125 5882.580078 -2.663327 168.471695 33.678383 10.027223 1.000000e+37
2978262 57581.457031 24087.257812 6469.277832 49.020447 56.278252 90.189957 8.573439 1.000000e+37
2978267 56416.976562 22413.632812 5710.089844 10.197656 106.712616 83.848877 10.358033 1.000000e+37
2979820 56405.457031 24663.765625 4653.318848 151.744781 25.111017 65.123878 10.632630 1.000000e+37
2979822 55321.125000 22890.115234 4572.189453 14.272893 94.655571 91.408272 11.962662 1.000000e+37
3012591 57049.785156 24735.736328 4860.261230 3.371844 23.731464 40.332584 11.664521 1.000000e+37
3012645 57440.781250 24074.363281 6650.265137 33.599640 -1.132810 -53.583740 9.697198 1.000000e+37
3012646 56488.910156 25028.144531 4214.064453 26.058306 94.797188 22.738039 6.315159 1.000000e+37
3012647 56962.082031 24377.513672 4211.749023 22.340300 154.812088 78.605980 11.602658 1.000000e+37
3012652 57492.035156 23960.921875 6454.228027 149.649231 105.279343 15.420713 8.801074 1.000000e+37
3014288 55323.722656 22934.318359 4804.816406 28.900358 75.455513 74.314545 11.375324 1.000000e+37
3014290 56885.363281 24108.406250 5832.126953 27.386106 116.769699 34.285976 9.321489 1.000000e+37
3014291 55094.800781 23753.312500 4076.496582 116.098831 81.708122 47.456776 9.069281 1.000000e+37
3014345 56797.195312 23928.541016 5593.446777 21.714315 53.470982 66.408928 10.486271 1.000000e+37
3014346 56826.468750 24798.634766 5170.469727 125.217148 -84.000923 -63.890884 10.095064 1.000000e+37
3048249 56893.808594 23988.007812 5715.372559 27.720461 93.709480 -33.372730 13.464857 1.000000e+37
3048324 56635.472656 24569.380859 5422.711426 68.257339 -3.817661 -149.363693 13.875061 1.000000e+37
3050021 55152.207031 23781.539062 4268.906738 127.873817 79.372566 37.668747 12.451609 1.000000e+37
3050067 57015.562500 22818.572266 6587.334473 94.335709 78.956612 20.396891 11.866773 1.000000e+37
3084852 56592.402344 24117.433594 5382.104980 37.603729 69.923981 -193.397263 8.703221 1.000000e+37
3084908 58480.796875 24571.898438 4281.036621 70.079491 146.652100 54.680393 12.308935 1.000000e+37
3084913 57675.355469 24124.882812 6498.457520 48.848076 141.278381 20.952896 11.501956 1.000000e+37
3086657 56942.558594 23811.210938 5665.939453 49.405506 58.877998 2.322923 13.024416 1.000000e+37
3086658 56239.136719 25970.044922 5208.674316 157.284393 -63.457863 -73.763588 10.798317 1.000000e+37
3122943 58297.046875 24604.337891 6428.319824 59.269894 29.930405 51.323448 9.572513 1.000000e+37
3122945 56644.546875 23299.429688 3643.325928 17.349798 154.531479 73.196243 11.806437 1.000000e+37
3122949 57710.851562 24164.019531 6818.256348 31.346109 26.896952 16.126713 8.664950 1.000000e+37
3124805 56194.339844 24820.453125 3983.193848 81.996063 52.345596 -3.850288 7.918412 1.000000e+37
3124806 55984.410156 25052.527344 3876.038818 71.761475 48.154228 -38.108379 11.577360 1.000000e+37
3124810 56705.996094 24265.373047 5778.496582 207.165024 -9.212687 -142.820648 10.267112 1.000000e+37
3124811 55639.097656 23487.425781 5149.979004 130.882172 43.123672 13.101642 10.292180 1.000000e+37
3124813 55566.175781 23005.929688 5023.847168 197.611420 2.889703 -36.838696 6.959731 1.000000e+37
3124872 57642.023438 25750.589844 5695.471680 99.598259 -20.532873 -27.559013 11.396944 1.000000e+37
3162039 56838.140625 25400.443359 3755.097900 18.419682 118.491661 -31.072933 11.002159 1.000000e+37
3164007 55381.019531 23652.802734 6495.980469 130.456619 15.786145 -26.679741 10.520261 1.000000e+37
3164012 56958.265625 23198.828125 6687.468750 78.542534 105.130211 24.338587 10.337852 1.000000e+37
3164025 57607.230469 25937.802734 5472.359863 91.351471 -14.886958 -30.811293 7.007760 1.000000e+37
3202285 57408.410156 23862.871094 6758.206543 74.570992 76.878769 25.778515 11.995188 1.000000e+37
3202287 58567.933594 25145.851562 5551.523926 100.845795 6.535561 8.927941 12.237823 1.000000e+37
3202343 57284.710938 24812.748047 4734.642090 -0.377132 103.531242 67.752335 12.206336 1.000000e+37
3204313 56223.332031 24678.509766 4039.750244 105.995354 75.892563 26.027081 7.238264 1.000000e+37
3204314 56738.085938 24475.328125 5243.353027 65.885780 -51.695526 -176.239182 9.038132 1.000000e+37
3204317 56841.207031 24090.847656 5221.624512 85.489159 35.788692 -5.172634 11.160982 1.000000e+37
3204319 55713.500000 23219.726562 5350.148926 62.653313 81.187721 -22.612097 10.856748 1.000000e+37
3204388 56775.988281 23908.738281 5386.498047 -15.603564 121.111641 -96.396141 9.760105 1.000000e+37
3204391 55091.468750 23985.931641 6143.424805 141.678116 10.325322 -11.428145 11.781661 1.000000e+37
3244583 57849.011719 24782.556641 4498.104980 35.548882 107.293686 37.842716 11.056236 1.000000e+37
3244584 56616.855469 24532.585938 5153.496094 -0.117549 -43.859058 99.862335 12.636065 1.000000e+37
3244585 56963.507812 24137.716797 5381.358887 -51.303692 193.776352 126.741638 9.283165 1.000000e+37
3244586 56620.097656 25450.634766 3648.123535 11.325582 150.828018 -34.833385 7.478439 1.000000e+37
3246638 55910.570312 24936.707031 3491.451660 79.387222 157.656250 11.530951 10.584024 1.000000e+37
3246639 56347.933594 24443.113281 5124.342773 174.309692 41.225056 137.652664 10.278233 1.000000e+37
3246692 55466.371094 22744.826172 5065.014648 71.567085 43.680531 37.481560 10.121148 1.000000e+37
3246698 54904.386719 24026.353516 6280.430176 144.487244 17.868481 -5.692553 11.148913 1.000000e+37
3288339 56879.859375 23975.398438 5794.050293 28.037712 65.502357 -142.128235 13.435764 1.000000e+37
3288359 57927.078125 25446.890625 4438.365723 54.433258 70.132317 4.152575 11.711928 1.000000e+37
3290519 56211.050781 24781.933594 3793.400635 157.697784 109.709518 7.138459 9.845351 1.000000e+37
3290520 56093.019531 25392.646484 3761.962646 147.434494 26.752943 -82.441360 9.368417 1.000000e+37
3290524 56152.871094 24300.859375 5086.741211 160.647491 -15.303173 81.300163 11.562013 1.000000e+37
3290525 55960.109375 23883.031250 4360.771484 166.371552 60.059208 37.485771 10.279450 1.000000e+37
3290589 56591.277344 25110.437500 5153.961426 121.011383 -41.883289 -53.386433 11.224837 1.000000e+37
3333961 56706.863281 24097.064453 5585.830078 78.999557 85.651993 -209.325241 10.380755 1.000000e+37
3334023 56995.332031 23011.890625 5901.506836 38.052803 123.617447 74.602737 9.774315 1.000000e+37
3334028 57588.031250 23961.808594 6886.077637 47.386677 35.813789 -5.698175 8.703555 1.000000e+37
3336246 56476.453125 24452.177734 4753.372559 66.171455 97.794472 73.178238 10.514791 1.000000e+37
3336248 56428.738281 24999.134766 4062.846191 33.899956 53.078056 -6.929016 12.127845 1.000000e+37
3336249 56645.386719 24208.259766 5620.258789 174.002350 49.085934 9.081599 10.863638 1.000000e+37
3336251 55625.109375 23000.716797 4700.147461 1.028977 120.192604 93.422005 8.268466 1.000000e+37
3336254 56557.031250 23178.603516 6213.850586 56.804283 113.995438 38.422245 9.926753 1.000000e+37
3336255 55853.183594 25140.669922 4308.129395 101.531982 77.850937 12.270144 13.131149 1.000000e+37
3336309 56400.332031 24097.724609 7309.652832 135.520844 20.074867 -16.156660 9.852174 1.000000e+37
3336319 58187.523438 23900.613281 6724.854004 111.558083 21.738924 -14.868114 9.134122 1.000000e+37
3336321 57822.214844 23828.890625 6596.085938 60.385315 -12.181208 -23.584566 10.222307 1.000000e+37
3381318 57392.011719 24015.943359 6340.182129 43.013432 115.223824 30.875919 9.395159 1.000000e+37
3381391 56747.558594 24646.783203 5148.066406 -53.661171 21.636213 112.999809 10.099613 1.000000e+37
3381394 58430.707031 24529.812500 4140.080566 64.340317 160.014435 63.725197 10.710143 1.000000e+37
3383632 56454.171875 24415.429688 4949.866211 161.393158 -3.750552 164.701538 13.761378 1.000000e+37
3383640 56814.078125 23985.509766 5352.898926 43.780594 -5.725218 102.629929 10.875482 1.000000e+37
3383641 55944.707031 24848.203125 4487.769043 63.202244 55.712566 34.275829 9.623226 1.000000e+37
3383644 55843.597656 24025.277344 4479.405762 138.725479 76.747604 64.840439 9.189618 1.000000e+37
3383704 55720.285156 23181.619141 5522.911133 61.025986 85.515732 -2.315111 11.625109 1.000000e+37
3383712 56707.226562 25235.705078 5201.503418 129.737366 -28.152899 -65.647934 9.821054 1.000000e+37
3430591 57090.601562 24898.005859 4743.720703 9.081003 100.114708 72.323471 7.820967 1.000000e+37
3430595 56308.921875 23123.109375 5221.094727 21.785690 123.320091 61.462524 7.976468 1.000000e+37
3432950 56403.515625 22972.068359 6057.066406 40.146286 110.653008 51.124813 10.691764 1.000000e+37
3433024 55577.285156 22968.248047 5001.509277 92.231110 82.372398 13.616879 13.045209 1.000000e+37
3433025 56650.171875 24557.919922 4933.376953 114.833786 114.266937 149.005280 12.720579 1.000000e+37
3433028 56408.335938 22991.878906 6590.459473 108.696648 47.450867 -14.394516 9.702496 1.000000e+37
3433033 56136.417969 26109.644531 5299.095215 128.928726 -23.632051 -56.432812 6.738134 1.000000e+37
3481863 57667.996094 23998.498047 6558.016113 -3.125453 -1.513993 19.242277 10.780859 1.000000e+37
3481871 58324.378906 25329.931641 4726.932617 71.635460 65.610428 11.701934 9.364820 1.000000e+37
3481951 57186.742188 24108.343750 5748.589844 -8.499139 12.243359 -70.409218 10.288563 1.000000e+37
3484398 56500.074219 25284.009766 3644.184814 64.513100 51.829708 -77.532593 11.468982 1.000000e+37
3484403 55825.695312 22936.468750 5760.854004 25.713327 93.570526 33.960091 8.124132 1.000000e+37
3484404 56667.304688 24048.376953 5504.186035 155.519470 237.178482 -44.416595 9.113420 1.000000e+37
3484406 55897.261719 24832.103516 3512.408691 72.331490 162.173172 10.074522 8.140289 1.000000e+37
3484475 55450.816406 22865.777344 5232.873047 160.860382 18.519293 -33.105366 10.230889 1.000000e+37
3484495 56278.757812 25213.648438 4070.303711 74.081367 11.680756 -60.654465 11.536407 1.000000e+37
3534894 58261.445312 25618.742188 4885.525879 91.966080 10.112207 -17.536394 9.835896 1.000000e+37
3534903 57412.816406 24871.632812 4917.642578 22.488029 40.489914 29.588177 8.002646 1.000000e+37
3537638 56132.308594 23791.751953 3964.961426 25.181204 145.448807 73.677078 10.532995 1.000000e+37
3537641 55714.089844 22952.244141 5664.385742 33.484982 84.861420 23.481663 10.243470 1.000000e+37
3537642 56912.343750 24265.494141 5089.332520 -3.665705 -5.666912 6.142364 10.940581 1.000000e+37
3537643 55831.769531 23943.492188 4885.690918 164.096573 82.923546 2.759489 10.069858 1.000000e+37
3537716 56249.957031 23877.898438 4899.761719 161.530899 125.838623 -4.087199 8.588614 1.000000e+37
3537718 55524.753906 22667.736328 5615.914062 70.919746 42.269436 -28.490597 9.496384 1.000000e+37
3537720 55662.484375 22681.406250 5782.419434 42.098122 71.386902 -0.777345 11.787216 1.000000e+37
3537726 56204.582031 24165.873047 6765.751953 131.285736 14.025283 -38.319782 10.130370 1.000000e+37
3537727 56067.421875 24238.894531 7086.847168 132.015198 -13.454745 -26.562126 10.042051 1.000000e+37
3537728 56498.574219 24288.529297 6358.686523 153.897156 -19.745749 -66.960732 9.928711 1.000000e+37
3590360 57660.605469 24279.701172 6443.449219 93.116585 44.346725 -38.102303 11.590137 1.000000e+37
3590361 57318.562500 25015.482422 4832.342773 22.320009 43.462967 24.842907 8.910674 1.000000e+37
3590375 55745.812500 22746.218750 5298.193359 7.724068 111.576111 76.411621 9.303534 1.000000e+37
3590382 57411.535156 23414.761719 6784.467285 71.539276 124.720879 50.428295 10.777509 1.000000e+37
3593097 56230.046875 24726.187500 3943.896484 70.499893 50.283459 -2.040580 12.506058 1.000000e+37
3593102 56333.000000 24376.949219 5269.971680 99.591476 -70.849075 19.535442 5.462947 1.000000e+37
3593103 55645.214844 23800.267578 4430.426758 54.071301 121.409698 76.435570 8.768083 1.000000e+37
3593104 56486.652344 24974.320312 4456.172363 74.798340 -21.515949 -32.251217 7.547818 1.000000e+37
3593136 54987.503906 24782.308594 4441.593750 168.352585 44.163536 -35.900036 9.225671 1.000000e+37
3593188 55998.406250 24505.791016 5798.989746 176.613632 -12.253823 -57.392769 8.629760 1.000000e+37
3593189 55676.210938 24043.376953 5625.027344 173.906448 7.758025 -41.079460 7.698664 1.000000e+37
3593190 56162.093750 24200.005859 6905.085938 127.244385 -14.944383 -34.025002 9.243487 1.000000e+37
3593198 58075.281250 24917.765625 6451.291016 110.128479 -32.559078 2.822656 11.351418 1.000000e+37
3648527 56788.250000 25360.716797 3602.554199 0.746970 111.227364 -2.933682 11.716080 1.000000e+37
3648625 57546.011719 24106.646484 6835.158203 1.224866 82.691559 31.346115 9.277833 1.000000e+37
3648626 56807.148438 24785.798828 4617.756348 4.146764 70.601349 59.143539 8.586490 1.000000e+37
3648630 56749.761719 22550.162109 5978.095703 35.332325 105.429596 73.396416 7.801989 1.000000e+37
3651469 56661.847656 23625.876953 6162.376953 67.230682 141.067261 30.316174 8.996695 1.000000e+37
3651470 55293.886719 22940.900391 5250.879395 91.844780 48.327312 0.411762 9.577689 1.000000e+37
3651506 55287.417969 24809.767578 4367.333008 172.317596 42.250603 -40.376404 8.469441 1.000000e+37
3651558 56339.953125 24976.894531 4124.066895 139.437973 -3.193854 -47.204117 10.691233 1.000000e+37
3709224 58212.187500 24399.355469 4740.756348 50.652103 125.341537 59.361065 7.711191 1.000000e+37
3709231 56420.289062 22350.501953 5730.205566 18.178204 113.243393 82.546844 8.483623 1.000000e+37
3712226 55261.660156 22942.275391 5418.021484 29.638802 71.457802 27.037687 9.315635 1.000000e+37
3712227 56733.914062 24214.875000 5802.351074 59.539001 52.973671 -123.112137 10.298343 1.000000e+37
3712312 56865.175781 24473.775391 5467.064453 104.190117 21.744089 74.793098 11.454843 1.000000e+37
3712313 57281.765625 24082.111328 6551.789062 81.219193 128.479034 5.687253 11.774389 1.000000e+37
3712314 56847.687500 24295.123047 5723.074219 -1.801630 56.887688 -151.529099 11.843162 1.000000e+37
3712320 55827.886719 25045.568359 6684.125977 139.809708 1.126675 -28.751545 11.038197 1.000000e+37
3772658 56927.230469 23804.093750 6173.632324 36.311996 19.433744 -38.739353 10.235161 1.000000e+37
3772659 58037.593750 24306.027344 6440.655762 50.583233 21.983816 43.404453 6.159338 1.000000e+37
3772757 57094.730469 24518.587891 4545.081543 15.984630 135.898575 85.127266 10.130511 1.000000e+37
3772758 57212.847656 23995.710938 5863.717773 -2.630713 159.362732 48.231998 5.449846 1.000000e+37
3772759 57466.714844 24141.689453 5365.581543 -6.244465 128.653793 74.923103 7.944090 1.000000e+37
3772762 56443.597656 22450.580078 5662.325684 3.921712 118.175667 94.587395 10.398268 1.000000e+37
3772764 56420.296875 22790.636719 5453.222656 8.699018 122.022003 80.000580 11.020471 1.000000e+37
3772767 57548.199219 23525.728516 6609.020508 53.475922 131.181351 68.248482 11.371881 1.000000e+37
3775864 56417.687500 24432.599609 5187.209961 236.469193 13.406651 108.673164 12.236247 1.000000e+37
3775866 56479.761719 24144.890625 4891.556641 166.902924 21.423460 -26.835726 6.624976 1.000000e+37
3775870 56771.468750 24753.529297 5668.872559 73.960579 81.970436 -108.507378 10.245329 1.000000e+37
3775871 55673.238281 23780.794922 4434.521973 47.274059 121.784966 75.694565 9.897694 1.000000e+37
3775950 56996.328125 24167.677734 5832.713867 145.902100 14.944982 -156.312027 10.366573 1.000000e+37
3775958 56257.472656 24305.699219 4728.627930 174.336060 132.045425 21.088451 10.272083 1.000000e+37
3775959 56385.414062 24279.410156 4789.146973 165.219208 173.457916 22.982769 9.476476 1.000000e+37
3775966 56369.628906 24474.675781 5610.777344 205.045181 -32.974651 -84.663223 8.394781 1.000000e+37
3775970 55341.257812 24755.458984 4266.819824 170.784668 34.045418 -37.119995 8.854621 1.000000e+37
3839393 57143.335938 24444.302734 4872.214844 -0.723348 129.182861 103.387566 7.969914 1.000000e+37
3839395 58318.382812 23918.138672 4249.328613 55.936153 152.131683 73.725357 8.284684 1.000000e+37
3839400 57537.820312 22944.603516 6512.052246 62.616135 110.571388 74.113876 8.778817 1.000000e+37
3842603 56042.683594 25016.341797 3752.010742 92.479698 66.526802 -28.091536 10.809014 1.000000e+37
3842608 56156.597656 23409.654297 4888.470703 27.106016 129.784439 82.706940 9.941693 1.000000e+37
3842610 56323.664062 23019.330078 6050.804199 45.879887 107.418411 42.291245 10.089452 1.000000e+37
3842611 56005.687500 25215.240234 3882.972900 77.228958 153.289078 16.343170 7.475480 1.000000e+37
3842612 56043.250000 24979.931641 4661.451660 139.297546 53.812363 23.971497 11.434642 1.000000e+37
3842613 55747.820312 24391.484375 3817.573975 70.838982 139.010910 45.779617 8.901438 1.000000e+37
3842614 55601.753906 23821.771484 4637.957520 139.199417 43.620247 52.180798 10.070841 1.000000e+37
3842615 55150.308594 23523.083984 4321.012207 69.278130 97.788391 59.587486 10.881848 1.000000e+37
3842617 56086.812500 23934.738281 4716.108398 143.594467 91.555557 64.183388 11.588415 1.000000e+37
3908882 58380.601562 24766.597656 5930.078613 88.692429 -8.920010 24.138832 8.503480 1.000000e+37
3908996 56977.503906 25312.820312 3997.998535 9.571895 129.001984 7.963967 6.128045 1.000000e+37
3908999 57684.121094 23946.712891 4282.790527 40.318192 151.597595 76.536140 8.609343 1.000000e+37
3909008 58408.816406 24516.486328 4152.502930 68.055618 159.577377 59.871662 9.090650 1.000000e+37
3909009 57165.531250 22900.724609 6081.767090 38.724751 118.419022 76.177788 7.751892 1.000000e+37
3912440 56630.703125 24711.701172 4421.467773 129.679123 75.723358 66.596405 11.018950 1.000000e+37
3912449 56892.808594 24558.447266 5171.935059 113.692345 -114.264198 -48.137554 10.427945 1.000000e+37
3912450 56191.105469 25347.980469 3754.981689 148.878632 32.070267 -84.091400 8.406445 1.000000e+37
3912451 55666.980469 24178.728516 4088.395264 58.537952 129.300339 58.443184 11.099423 1.000000e+37
3912452 55660.046875 23760.867188 4952.715820 97.720291 91.152512 -20.243202 7.643035 1.000000e+37
3912453 56379.800781 25216.669922 4104.546875 73.332222 7.602283 -62.600491 8.789478 1.000000e+37
3912547 56652.046875 23026.998047 6896.539062 122.592262 40.002045 -10.976398 8.570293 1.000000e+37
3912548 57655.464844 23990.386719 6169.478027 157.024139 40.357365 -28.675179 11.721024 1.000000e+37
3912568 56252.777344 24178.933594 6786.592773 135.824219 -8.068095 -39.250824 5.277111 1.000000e+37
3912570 55986.519531 24042.156250 4691.051758 204.877640 29.377581 -5.980220 9.013164 1.000000e+37
3912574 56456.199219 24180.234375 6448.257324 147.860245 0.927251 -64.391495 6.878449 1.000000e+37
3912581 56054.820312 25986.876953 5305.032227 140.523224 -25.806162 -99.798744 9.876091 1.000000e+37
3982507 56906.679688 24477.851562 5576.811035 -53.311806 -59.624836 19.379465 9.122238 1.000000e+37
3982603 56759.343750 25289.882812 4062.188477 20.642618 121.365997 8.014597 8.173147 1.000000e+37
3982604 56673.171875 24310.927734 5860.305664 -39.558342 -7.370522 -60.818611 9.938786 1.000000e+37
3986137 56073.980469 25146.208984 3757.886475 77.134621 53.080307 -42.897770 7.496654 1.000000e+37
3986145 55851.800781 23363.117188 4832.212402 25.896025 110.547279 87.598831 12.343905 1.000000e+37
3986150 56610.789062 25218.601562 3937.976807 29.550745 114.208542 0.672712 9.071990 1.000000e+37
3986245 57054.960938 24145.656250 5528.386230 66.929054 27.113842 -196.758087 6.510909 1.000000e+37
3986252 56853.937500 24461.599609 5503.262207 44.062973 43.349865 -63.148529 8.987731 1.000000e+37
3986253 57232.453125 24620.439453 5978.339355 81.557442 102.526817 -52.361801 10.094234 1.000000e+37
3986265 57546.507812 23742.056641 6340.850586 34.941708 46.177742 5.929525 6.074855 1.000000e+37
3986269 56348.992188 25030.009766 4306.871582 68.478218 -5.465372 -37.443321 8.400041 1.000000e+37
3986270 57538.359375 24164.673828 6170.745117 67.514053 -65.828400 -6.856262 7.096547 1.000000e+37
3986271 56304.230469 25318.648438 4335.444824 134.465942 2.365322 -56.022354 9.000551 1.000000e+37
3986272 55830.867188 25131.535156 6564.132812 142.710022 -13.999423 -30.873749 8.892940 1.000000e+37
3986280 57569.453125 25797.427734 5583.877441 98.389160 -19.822723 -31.432768 8.988268 1.000000e+37
4060034 57258.488281 24413.687500 4939.126953 -11.157212 123.957420 86.188034 10.362932 1.000000e+37
4060037 57216.222656 24347.656250 3403.661865 28.136909 172.588974 53.944839 8.519329 1.000000e+37
4060038 55416.183594 22943.072266 4396.784668 -2.555423 115.700111 90.681725 6.938148 1.000000e+37
4060039 58230.542969 23532.982422 4468.659668 53.062271 145.919769 81.771751 8.621925 1.000000e+37
4060044 57217.890625 23727.447266 5811.364746 44.720509 -3.133148 -67.465042 8.494589 1.000000e+37
4060058 57558.324219 23965.396484 6853.828125 46.094929 46.795570 -11.302006 9.496786 1.000000e+37
4063802 55642.128906 23199.236328 5607.748047 65.783585 76.942924 -4.130373 7.213627 1.000000e+37
4063803 56854.058594 24301.107422 5759.474609 51.820511 69.889862 -107.711014 9.679635 1.000000e+37
4063804 56570.808594 24677.109375 5091.202637 109.211670 -7.332621 85.293793 9.357166 1.000000e+37
4063915 56264.605469 22937.394531 6470.302734 106.087479 46.999031 -17.106842 7.828883 1.000000e+37
4063916 57400.230469 24537.679688 6222.246582 91.681984 80.481331 -17.370802 12.555452 1.000000e+37
4063929 57623.597656 23890.619141 6214.041504 90.081413 -56.848358 -9.607926 7.314742 1.000000e+37
4063930 56296.464844 25213.730469 3997.538086 69.895973 17.787178 -62.706455 8.483364 1.000000e+37
4063931 56443.496094 24494.849609 4398.108887 116.133209 -26.177643 5.094295 9.393176 1.000000e+37
4063933 56173.050781 23506.027344 5019.403320 179.808258 44.224148 14.167192 11.737111 1.000000e+37
4140829 56722.570312 24618.875000 5831.238281 53.814152 113.685341 -89.738403 7.455127 1.000000e+37
4140830 57332.531250 24744.562500 4619.790039 -0.885565 101.038109 50.472279 11.944466 1.000000e+37
4140832 58430.550781 23445.847656 4474.086426 60.769543 145.070343 82.307991 7.855782 1.000000e+37
4140851 58403.378906 24662.128906 6380.502930 68.766777 40.294796 49.115005 8.340018 1.000000e+37
4144797 56648.367188 25119.521484 3991.783691 28.939194 69.529915 -18.044363 9.185807 1.000000e+37
4144801 56266.683594 23145.617188 5297.976074 30.557856 120.417007 54.295658 9.162946 1.000000e+37
4144803 56514.164062 24124.982422 5297.423340 265.925751 49.345135 47.946293 5.483879 1.000000e+37
4144910 56313.789062 23631.984375 5563.388672 103.892807 131.216125 -24.636671 9.153081 1.000000e+37
4144924 56513.738281 24106.531250 5231.102539 134.494934 111.941788 153.176483 11.187367 1.000000e+37
4144935 57631.691406 26059.904297 5199.122559 83.915527 -14.009953 -35.936970 11.383155 1.000000e+37
4225049 57913.101562 23543.654297 6301.350586 46.480217 120.818520 83.424217 9.471071 1.000000e+37
4225050 56538.062500 24303.294922 5689.692871 139.891174 -29.971565 22.279186 9.927289 1.000000e+37
4225055 55849.792969 23191.021484 5002.684082 119.764900 -28.229248 10.238364 7.180941 1.000000e+37
4225057 55965.082031 23260.595703 4795.057129 9.057417 133.137192 98.285301 7.931854 1.000000e+37
4225058 56308.972656 23516.277344 4934.024902 2.372502 145.839951 86.003372 10.032701 1.000000e+37
4225059 57137.128906 22924.330078 6076.940430 41.273853 116.730705 75.327705 7.903934 1.000000e+37
4229213 56391.234375 24866.728516 4265.548828 137.109055 -13.134547 -39.029747 9.113938 1.000000e+37
4229217 55208.601562 23247.955078 4578.265625 102.646271 66.668243 62.596840 7.243188 1.000000e+37
4229343 57808.851562 24150.222656 6819.395020 62.085663 97.210304 38.225117 10.614293 1.000000e+37
4229353 55633.984375 25711.916016 5576.050293 147.824142 8.797733 -58.033386 7.732836 1.000000e+37
4229354 55277.378906 24127.673828 6377.797363 124.177238 -5.272906 -21.490900 10.712757 1.000000e+37
4312841 57207.824219 23845.027344 6418.556641 102.874870 153.521576 16.101585 9.804129 1.000000e+37
4312842 57053.589844 24372.771484 6109.966797 -13.833845 19.679346 12.156462 7.359888 1.000000e+37
4312848 57478.128906 23528.425781 4693.615723 31.291765 148.838699 83.622879 9.116573 1.000000e+37
4312849 57147.562500 23925.490234 5828.373047 5.897384 174.774338 55.584206 7.946446 1.000000e+37
4312857 57409.824219 23171.642578 6838.895996 72.503723 114.742889 55.868382 8.646571 1.000000e+37
4312858 57424.968750 23332.769531 6809.372070 70.787674 121.586479 52.887558 8.300099 1.000000e+37
4312860 56958.113281 24172.283203 6347.634277 45.841034 21.029600 -23.488331 9.595628 1.000000e+37
4317235 55737.761719 25001.408203 3773.341064 180.298874 73.291969 -41.863964 8.536683 1.000000e+37
4317236 56433.921875 24632.447266 4067.227051 177.339508 78.962051 14.651306 8.240434 1.000000e+37
4317238 56422.230469 24427.779297 4407.495117 128.809387 56.771751 71.760704 7.866826 1.000000e+37
4317247 56692.093750 23976.230469 5605.069824 -6.756771 64.435036 62.989685 6.157565 1.000000e+37
4317375 57600.613281 24000.671875 6746.305176 81.838013 163.135056 -13.524541 5.148105 1.000000e+37
4317386 56423.195312 26029.558594 4196.293945 70.201233 19.886417 -100.343323 11.260294 1.000000e+37
4317387 56357.781250 24274.517578 6273.608887 166.053253 4.900340 -58.986641 9.320815 1.000000e+37
4317388 56434.648438 24229.998047 6292.124023 168.552689 9.394234 -59.721813 7.772564 1.000000e+37
4317390 55353.628906 24272.679688 4680.846191 175.357956 21.156040 -33.572285 9.460942 1.000000e+37
4317408 57799.214844 25856.945312 4902.452637 82.500061 -0.088311 -32.863739 8.282185 1.000000e+37
