#subID	 subGroupNr x	 y	 z	 vx	 yv	 yz	 vmax	 B_MAG V_MAG M_star
#subID	 groupID	 kpc/h	 kpc/h	 kpc/h	 km/s	 km/s	 km/s	 km/s	 mags mags 10^10Msun/h
341801 457 7629.812012 32049.162109 37420.160156 156.800186 -29.141861 -124.581886 266.919800 -2.069302e+01 -2.157616e+01 7.627908
341802 457 7355.653809 31765.261719 37008.542969 158.919342 90.581818 -31.501890 183.514603 -2.127611e+01 -2.167431e+01 2.500447
341803 457 7497.499512 31878.228516 36802.519531 213.664047 37.466747 -13.094799 113.438026 -1.902772e+01 -1.954419e+01 0.478087
341804 457 7520.725098 32226.386719 37295.843750 307.496582 91.229195 -253.174744 83.219788 -1.752305e+01 -1.818505e+01 0.179001
341805 457 7348.256836 31839.697266 37010.320312 155.965012 -16.648518 -161.938248 88.479973 -1.871144e+01 -1.945521e+01 0.544486
341806 457 7429.478027 32014.269531 37180.289062 236.035797 47.667473 -137.225357 82.328552 -1.712566e+01 -1.785624e+01 0.164420
341807 457 7470.075195 31818.480469 37555.011719 61.537579 -32.125179 -231.813705 71.081230 -1.711792e+01 -1.751228e+01 0.053175
341808 457 7618.087402 31821.167969 37527.664062 172.474762 40.765064 -31.668663 70.159523 -1.690067e+01 -1.747557e+01 0.065482
341809 457 7602.698730 31962.537109 36804.257812 274.114685 79.461548 -91.496613 72.098770 -1.657586e+01 -1.712636e+01 0.049694
341810 457 7315.312012 31648.677734 37090.636719 111.468834 120.667343 -121.145561 70.801308 -1.712121e+01 -1.756454e+01 0.055906
341811 457 7383.363281 31866.292969 36870.613281 239.006531 147.762833 102.324249 55.190475 -1.551882e+01 -1.604435e+01 0.018006
341812 457 7296.256836 31799.791016 37151.078125 72.684418 62.050301 36.575375 50.924164 -1.490815e+01 -1.539745e+01 0.008101
341813 457 7823.360840 32143.132812 37361.128906 54.639675 -170.167557 -163.601242 50.137520 -1.391667e+01 -1.459761e+01 0.007410
341814 457 7579.997070 32026.765625 37376.578125 210.519684 -125.795830 -250.020523 43.831455 -1.605743e+01 -1.688308e+01 0.080564
341815 457 7296.210449 31541.712891 37101.738281 41.492077 51.466663 -19.400095 47.437504 -1.400927e+01 -1.468878e+01 0.008455
341816 457 7470.702148 31817.408203 36915.207031 254.051407 51.379883 7.151183 48.454189 -1.461922e+01 -1.525066e+01 0.011640
341817 457 7550.082520 31949.259766 36588.363281 302.726624 40.761856 -118.965988 36.479965 -1.239905e+01 -1.298667e+01 0.001247
341818 457 7575.695801 31966.011719 36778.074219 140.653229 -27.590332 61.315781 42.391266 -1.329604e+01 -1.376353e+01 0.001943
341819 457 7678.269043 31975.644531 37198.207031 130.305679 63.157997 -268.034546 40.847599 -1.317992e+01 -1.382867e+01 0.003196
341820 457 7362.657715 31652.140625 37106.726562 129.310562 31.378582 -63.198498 39.610062 -1.374477e+01 -1.439494e+01 0.005080
341821 457 7511.835938 31672.578125 36845.878906 182.263672 109.269302 -122.434052 37.708942 -1.269274e+01 -1.334529e+01 0.002470
341822 457 7374.052734 31948.425781 36794.757812 16.383579 220.689606 -81.487289 31.573128 -1.093785e+01 -1.145797e+01 0.000278
341823 457 7242.381348 31970.810547 36834.867188 240.171478 216.292892 -132.804855 28.170622 1.000000e+37 1.000000e+37 0.000000
341824 457 7380.582031 31756.330078 36931.914062 99.489250 15.948233 103.386902 38.148335 -1.214983e+01 -1.279543e+01 0.001497
341825 457 7360.804688 31832.814453 37161.597656 90.519951 161.020294 -60.941895 39.388763 -1.182399e+01 -1.242781e+01 0.000980
341826 457 7512.288086 31916.595703 36704.144531 188.112091 46.243053 79.606422 27.693317 -1.051904e+01 -1.109881e+01 0.000323
341827 457 7283.345703 31786.601562 36880.417969 3.289594 72.597282 53.702549 34.783184 -1.122980e+01 -1.185185e+01 0.000732
341828 457 7331.570312 31891.355469 37132.019531 360.171234 -0.190136 -129.144257 29.151100 -1.090534e+01 -1.150666e+01 0.000464
341829 457 7363.792480 31889.843750 37105.187500 153.237610 -170.196976 -136.093903 31.301750 -1.037233e+01 -1.093513e+01 0.000278
341830 457 7660.439453 32046.333984 37312.097656 96.091202 -128.434875 -290.464050 33.286892 -1.345888e+01 -1.417515e+01 0.006088
341831 457 7448.465332 32222.257812 37184.460938 46.782040 -84.909813 -252.514786 23.925560 1.000000e+37 1.000000e+37 0.000000
341832 457 7527.977051 32019.958984 37512.847656 12.925714 216.211868 -184.123688 23.499561 1.000000e+37 1.000000e+37 0.000000
341833 457 7524.762207 32216.408203 37488.832031 263.262695 115.095055 -197.097763 26.217377 -1.140750e+01 -1.206214e+01 0.000855
341834 457 7688.556152 32002.083984 37522.226562 256.499084 114.403435 -52.530792 24.313095 -1.225399e+01 -1.292568e+01 0.001858
341835 457 7663.339844 32213.992188 37527.730469 199.488373 -23.811384 -58.440311 26.511389 -1.216909e+01 -1.285276e+01 0.001684
341836 457 7316.690918 31992.820312 37055.242188 145.134811 154.829971 -146.612061 29.825781 -1.058746e+01 -1.118191e+01 0.000381
341837 457 7596.979004 31979.318359 37424.152344 348.424255 -137.645493 97.451775 26.566168 -1.044867e+01 -1.103098e+01 0.000295
341838 457 7533.656250 31869.136719 36945.648438 144.933548 183.385315 46.997753 21.306923 1.000000e+37 1.000000e+37 0.000000
341839 457 7670.586914 32230.789062 37653.820312 205.431107 -227.281433 -58.539936 17.759403 1.000000e+37 1.000000e+37 0.000000
341840 457 7383.885254 31943.917969 36944.117188 31.436947 183.531631 -11.137245 20.020338 1.000000e+37 1.000000e+37 0.000000
341841 457 7781.424805 32068.150391 37533.667969 137.291962 74.953568 29.018124 22.012491 -1.126291e+01 -1.187318e+01 0.000659
341842 457 7515.522461 31847.457031 37451.628906 315.466034 -24.962734 -264.535675 19.455711 1.000000e+37 1.000000e+37 0.000000
341843 457 7330.981934 32015.621094 37140.875000 179.296463 142.958069 -84.612518 22.924704 -1.079369e+01 -1.139678e+01 0.000341
341844 457 7513.642090 31725.878906 36929.640625 223.449661 102.970078 -253.435364 21.958591 1.000000e+37 1.000000e+37 0.000000
341845 457 7571.529785 32054.248047 37494.847656 259.133911 -221.099854 37.524139 23.745653 -9.519066e+00 -1.006945e+01 0.000118
341846 457 7589.773438 31879.560547 37543.847656 94.937996 229.235016 -264.186798 17.773722 1.000000e+37 1.000000e+37 0.000000
341847 457 7573.213379 31803.583984 37420.398438 143.105011 -144.751434 -197.663651 25.086792 -9.248328e+00 -9.839071e+00 0.000097
341848 457 7731.888672 32028.355469 37498.847656 259.326416 -161.713913 -28.418871 23.673803 -1.005376e+01 -1.060472e+01 0.000172
341849 457 7671.840820 31959.337891 37247.968750 314.241333 -142.106033 -71.112183 20.591614 -1.044631e+01 -1.104173e+01 0.000330
341850 457 7251.481934 31985.861328 36888.589844 124.623627 50.436779 85.127151 15.674667 1.000000e+37 1.000000e+37 0.000000
341851 457 7307.922852 31975.777344 36784.628906 8.018622 154.807556 -105.628105 18.340977 1.000000e+37 1.000000e+37 0.000000
341852 457 7666.191406 31991.539062 37534.281250 283.682861 -154.808640 -33.837849 20.298203 -1.032983e+01 -1.092267e+01 0.000261
341853 457 7313.101074 31891.644531 36929.175781 9.069041 154.264008 -194.933182 16.891605 1.000000e+37 1.000000e+37 0.000000
341854 457 7435.563477 31802.361328 37270.476562 139.116959 154.215042 -14.761290 17.738720 -9.640227e+00 -1.020039e+01 0.000151
341855 457 7445.959961 32172.285156 37306.117188 206.467087 145.127747 -174.587448 17.971115 1.000000e+37 1.000000e+37 0.000000
341856 457 7235.685059 31699.478516 37117.816406 3.047510 147.744293 -111.907310 16.408573 1.000000e+37 1.000000e+37 0.000000
341857 457 7537.848145 31730.154297 36788.160156 245.556946 187.918976 -156.133377 19.249083 1.000000e+37 1.000000e+37 0.000000
341858 457 7728.112793 31924.318359 37569.605469 171.583115 -164.507416 -124.866196 17.458136 -9.594361e+00 -1.021465e+01 0.000142
341859 457 7411.011719 32069.701172 37427.535156 303.383453 168.510162 -246.442917 14.729692 1.000000e+37 1.000000e+37 0.000000
341860 457 7697.456055 31969.041016 37443.605469 -16.806667 -128.725922 -273.148712 21.159891 -8.374544e+00 -8.941907e+00 0.000051
341861 457 7688.303711 32225.636719 37234.644531 212.943558 -154.027893 -185.717850 17.182755 1.000000e+37 1.000000e+37 0.000000
341862 457 7546.548828 32052.000000 36640.992188 180.717590 26.107357 22.637478 14.247611 1.000000e+37 1.000000e+37 0.000000
341863 457 7654.261719 32001.958984 37469.468750 181.402176 -240.444290 -279.941132 23.450556 -8.810174e+00 -9.384395e+00 0.000086
341864 457 7528.104980 31966.812500 37215.628906 76.055107 36.987537 -281.578583 15.749096 1.000000e+37 1.000000e+37 0.000000
341865 457 7160.149414 31745.068359 37062.035156 332.920349 94.387001 -110.529327 15.886951 1.000000e+37 1.000000e+37 0.000000
341866 457 7714.112305 32133.074219 37606.726562 67.950027 41.972847 -82.933273 21.628035 1.000000e+37 1.000000e+37 0.000000
341867 457 7513.032715 32099.296875 37442.546875 7.191514 -116.562187 -209.796768 18.669600 1.000000e+37 1.000000e+37 0.000000
341868 457 7635.104980 32124.824219 37375.917969 108.699295 -219.447083 -335.537659 20.115582 -9.575724e+00 -1.014329e+01 0.000156
341869 457 7863.033691 32054.160156 37367.449219 -93.058105 17.150957 -26.345449 13.271926 1.000000e+37 1.000000e+37 0.000000
341870 457 7368.810547 31736.281250 37077.535156 4.434959 122.333115 -80.270424 18.591309 -8.885509e+00 -9.468020e+00 0.000069
341871 457 7358.274902 31867.804688 37080.957031 99.833977 -139.185822 -52.708504 17.363171 1.000000e+37 1.000000e+37 0.000000
341872 457 7593.519043 31992.830078 37553.917969 272.003326 -163.207397 -42.302036 15.138024 1.000000e+37 1.000000e+37 0.000000
341873 457 7444.077148 31797.564453 36692.968750 197.709167 25.314411 -81.761993 11.503737 1.000000e+37 1.000000e+37 0.000000
341874 457 7523.692383 31693.056641 36819.320312 -62.251114 0.814515 53.872200 12.070174 1.000000e+37 1.000000e+37 0.000000
341875 457 7445.159180 32113.357422 37371.773438 245.060379 -95.644402 -224.006729 18.317713 -9.082742e+00 -9.649493e+00 0.000098
341876 457 7696.199219 31819.230469 37390.210938 -51.859257 17.765579 -118.731819 12.861526 1.000000e+37 1.000000e+37 0.000000
341877 457 7720.566406 32133.632812 37495.179688 330.772186 -21.748001 12.665273 17.435677 -8.665440e+00 -9.227427e+00 0.000063
341878 457 7299.638672 31588.058594 36943.613281 89.508362 7.023405 24.564404 15.817145 1.000000e+37 1.000000e+37 0.000000
341879 457 7537.003906 31783.205078 37434.828125 122.592865 240.783463 -216.970779 9.370275 1.000000e+37 1.000000e+37 0.000000
341880 457 7497.379883 32033.117188 37502.980469 289.367706 244.071411 -82.243904 15.257534 1.000000e+37 1.000000e+37 0.000000
341881 457 7415.099609 31577.501953 37022.277344 307.363220 80.891701 -48.431816 14.439904 1.000000e+37 1.000000e+37 0.000000
341882 457 7271.856445 31995.494141 36838.242188 67.973610 109.051888 74.256744 14.266189 1.000000e+37 1.000000e+37 0.000000
341883 457 7767.580566 32290.126953 37319.144531 -1.288334 125.906960 -118.386299 11.537647 1.000000e+37 1.000000e+37 0.000000
341884 457 7411.736328 31679.292969 36982.824219 -3.050948 156.522018 -158.751831 17.187569 1.000000e+37 1.000000e+37 0.000000
341885 457 7605.492676 32036.630859 37469.011719 109.148674 -390.714600 -131.033203 16.400204 1.000000e+37 1.000000e+37 0.000000
341886 457 7326.864258 31819.830078 36898.402344 246.910187 126.606140 -8.144176 17.038651 1.000000e+37 1.000000e+37 0.000000
341887 457 7393.207031 31890.460938 37185.328125 136.679550 124.880524 -221.813522 11.156401 1.000000e+37 1.000000e+37 0.000000
341888 457 7425.100586 31675.693359 37163.886719 -37.870197 70.135361 -20.018761 14.034362 1.000000e+37 1.000000e+37 0.000000
341889 457 7430.402832 32002.337891 37336.914062 96.931442 114.595604 -172.592682 13.322842 1.000000e+37 1.000000e+37 0.000000
341890 457 7699.854004 32033.496094 37539.449219 214.585678 -54.243801 -192.585770 19.163664 -9.980711e+00 -1.062714e+01 0.000239
341891 457 7437.679688 31746.533203 37141.402344 -44.599976 55.347775 12.722864 12.154823 1.000000e+37 1.000000e+37 0.000000
341892 457 7251.934570 31838.978516 37133.644531 245.719269 -52.411167 32.719196 15.451324 1.000000e+37 1.000000e+37 0.000000
341893 457 7461.908203 31687.470703 37104.894531 75.144951 -163.146027 -105.122589 11.814168 1.000000e+37 1.000000e+37 0.000000
341894 457 7349.922363 31966.458984 37237.484375 330.946869 -100.084908 -224.789459 10.672512 1.000000e+37 1.000000e+37 0.000000
341895 457 7413.174316 31695.515625 37168.734375 365.315338 -56.925537 -91.976044 12.939870 1.000000e+37 1.000000e+37 0.000000
341896 457 7431.341797 31823.265625 37068.449219 117.689293 -162.250534 -136.429901 14.260266 1.000000e+37 1.000000e+37 0.000000
341897 457 7534.169434 31885.886719 36658.375000 140.742172 142.236832 -76.624298 16.222441 1.000000e+37 1.000000e+37 0.000000
341898 457 7496.732422 32275.865234 37284.964844 235.649323 97.070953 -214.282349 13.313453 1.000000e+37 1.000000e+37 0.000000
341899 457 7413.570801 31838.083984 36941.925781 -23.888760 248.483017 -157.984085 12.377074 1.000000e+37 1.000000e+37 0.000000
341900 457 7624.666992 32091.871094 37436.726562 401.035553 126.597443 0.514778 17.371456 -9.319474e+00 -1.002409e+01 0.000140
341901 457 7359.846191 32073.296875 37208.867188 209.013290 84.293198 -191.012177 13.818560 1.000000e+37 1.000000e+37 0.000000
341902 457 7396.546875 31855.117188 36984.570312 217.221634 267.104462 15.153320 11.849341 1.000000e+37 1.000000e+37 0.000000
341903 457 7445.697266 31868.035156 36708.902344 212.471222 12.910612 23.801781 14.891826 1.000000e+37 1.000000e+37 0.000000
341904 457 7504.856445 32131.642578 37443.710938 158.514816 -94.252426 -241.756149 16.794758 1.000000e+37 1.000000e+37 0.000000
341905 457 7523.681641 31895.898438 37332.832031 4.737808 77.307968 -225.064575 11.981643 1.000000e+37 1.000000e+37 0.000000
341906 457 7680.744141 32062.880859 37437.027344 366.172821 -84.565643 -395.086090 14.620966 1.000000e+37 1.000000e+37 0.000000
341907 457 7747.637695 31868.000000 37503.707031 58.665028 -63.945255 -35.308353 13.733287 1.000000e+37 1.000000e+37 0.000000
341908 457 7784.121582 31922.523438 37289.683594 127.336639 47.897709 -284.954285 13.790719 1.000000e+37 1.000000e+37 0.000000
341909 457 7578.797363 32040.640625 37175.933594 125.340416 -152.561356 -310.176086 9.939238 1.000000e+37 1.000000e+37 0.000000
341910 457 7595.174316 31994.291016 37595.804688 414.536682 -138.121460 -138.054642 10.240905 1.000000e+37 1.000000e+37 0.000000
341911 457 7365.290527 31740.207031 37027.367188 57.227879 165.270874 156.210266 15.369307 -8.649897e+00 -9.213428e+00 0.000063
341912 457 7414.223633 31727.843750 37190.863281 -34.512104 63.797497 -29.870590 10.857147 1.000000e+37 1.000000e+37 0.000000
341913 457 7533.814453 31793.683594 36927.242188 184.909149 209.529037 30.967527 12.499480 1.000000e+37 1.000000e+37 0.000000
341914 457 7281.782227 31757.253906 37212.960938 269.861115 -24.422533 -24.527773 13.126135 1.000000e+37 1.000000e+37 0.000000
341915 457 7660.279297 31947.167969 37359.308594 206.263367 -73.078262 183.859863 9.761795 1.000000e+37 1.000000e+37 0.000000
341916 457 7592.752930 31981.542969 37593.351562 423.472595 -123.030724 -133.406723 10.566260 1.000000e+37 1.000000e+37 0.000000
341917 457 7492.749512 31951.554688 37413.359375 245.579346 -80.295296 -256.884857 13.253844 1.000000e+37 1.000000e+37 0.000000
341918 457 7774.012207 31838.625000 37484.062500 154.607285 -15.126995 -164.754120 14.734287 1.000000e+37 1.000000e+37 0.000000
341919 457 7247.759277 31655.546875 36997.343750 11.068652 125.863625 29.475235 13.522967 1.000000e+37 1.000000e+37 0.000000
341920 457 7476.999512 31958.027344 37218.687500 159.199387 -179.374115 5.061274 10.244512 1.000000e+37 1.000000e+37 0.000000
341921 457 7691.486816 32236.492188 37511.003906 97.690826 -173.796173 -246.622330 11.952195 1.000000e+37 1.000000e+37 0.000000
341922 457 7709.206543 32076.281250 37499.179688 -106.603271 29.007957 -156.870834 13.636335 1.000000e+37 1.000000e+37 0.000000
341923 457 7769.019531 31902.375000 37548.453125 117.848976 -85.406082 -172.446396 14.674988 1.000000e+37 1.000000e+37 0.000000
341924 457 7484.468262 31633.664062 36897.847656 258.113831 -52.671932 128.799103 9.990097 1.000000e+37 1.000000e+37 0.000000
341925 457 7458.611816 31836.707031 36891.082031 124.117523 94.784134 54.713642 11.443525 1.000000e+37 1.000000e+37 0.000000
341926 457 7295.407715 31812.373047 37129.621094 214.013290 118.053947 110.183281 11.157210 1.000000e+37 1.000000e+37 0.000000
341927 457 7386.422852 32058.527344 37260.171875 183.638153 149.377289 -135.720596 11.340965 1.000000e+37 1.000000e+37 0.000000
341928 457 7570.562500 32317.923828 37267.738281 166.852173 -99.942413 -297.397125 11.289601 1.000000e+37 1.000000e+37 0.000000
341929 457 7381.877441 31855.162109 37120.339844 54.111374 139.442184 -169.144394 12.647631 1.000000e+37 1.000000e+37 0.000000
341930 457 7664.477051 32201.021484 37454.042969 303.291382 -21.174356 -67.705009 13.700133 1.000000e+37 1.000000e+37 0.000000
341931 457 7661.215820 32163.146484 37551.414062 129.401733 -25.495867 -271.696106 12.698521 1.000000e+37 1.000000e+37 0.000000
341932 457 7508.802246 31967.566406 37553.964844 119.541313 87.625351 -83.936859 12.531989 1.000000e+37 1.000000e+37 0.000000
341933 457 7374.117676 31738.492188 37021.667969 -82.937027 0.237747 98.893005 13.499045 1.000000e+37 1.000000e+37 0.000000
341934 457 7244.590332 31937.486328 36848.929688 -6.427895 136.297012 -67.557480 10.239782 1.000000e+37 1.000000e+37 0.000000
341935 457 7485.385742 31707.687500 37096.386719 -111.120056 97.193726 -45.250340 7.339137 1.000000e+37 1.000000e+37 0.000000
341936 457 7661.291992 31811.845703 37462.332031 38.558853 -15.160040 -30.993130 12.185495 1.000000e+37 1.000000e+37 0.000000
341937 457 7577.850586 32048.855469 37402.386719 279.503265 310.307281 -25.593420 13.156961 1.000000e+37 1.000000e+37 0.000000
341938 457 7506.223633 32069.767578 37428.277344 353.513794 79.744438 -32.614754 11.716520 1.000000e+37 1.000000e+37 0.000000
341939 457 7439.238281 32063.623047 37399.617188 56.722790 120.217941 -63.478146 9.742623 1.000000e+37 1.000000e+37 0.000000
341940 457 7400.690918 31842.607422 37174.468750 198.156693 -64.382431 -70.337601 13.156301 1.000000e+37 1.000000e+37 0.000000
341941 457 7466.601562 31893.332031 36952.097656 22.961945 216.834290 -59.322987 7.473607 1.000000e+37 1.000000e+37 0.000000
341942 457 7613.356934 31980.652344 37487.363281 68.321175 2.043566 -332.311859 12.815478 1.000000e+37 1.000000e+37 0.000000
341943 457 7464.294922 32140.794922 37369.250000 346.000519 113.717094 -282.267273 9.875843 1.000000e+37 1.000000e+37 0.000000
341944 457 7691.644531 32004.791016 37603.109375 253.274094 32.128925 -58.484055 9.746255 1.000000e+37 1.000000e+37 0.000000
341945 457 7499.531250 31793.515625 36878.292969 102.209930 137.552048 107.473236 13.452438 1.000000e+37 1.000000e+37 0.000000
341946 457 7542.813965 31895.398438 36764.175781 213.890656 8.841784 -131.865433 10.545518 1.000000e+37 1.000000e+37 0.000000
341947 457 7857.260254 32007.572266 37346.722656 44.569180 -57.946289 -188.663788 13.553322 1.000000e+37 1.000000e+37 0.000000
341948 457 7749.442383 32029.232422 37550.214844 112.198074 56.814903 52.761288 12.549182 1.000000e+37 1.000000e+37 0.000000
341949 457 7376.205566 31661.013672 37098.832031 38.524200 140.071533 44.592365 11.123980 1.000000e+37 1.000000e+37 0.000000
341950 457 7443.832520 31726.941406 37119.863281 47.608028 100.144745 -12.458364 6.740808 1.000000e+37 1.000000e+37 0.000000
341951 457 7651.558105 32022.558594 36803.761719 15.602866 149.576004 -111.920036 8.723085 1.000000e+37 1.000000e+37 0.000000
341952 457 7321.503906 31960.398438 36983.699219 45.773621 140.425232 10.454687 8.025404 1.000000e+37 1.000000e+37 0.000000
341953 457 7776.875000 32126.699219 37469.101562 -19.268776 42.812004 -33.936100 13.973451 1.000000e+37 1.000000e+37 0.000000
341954 457 7627.942383 32189.271484 37571.777344 139.598099 -155.146606 -306.809113 10.445781 1.000000e+37 1.000000e+37 0.000000
341955 457 7587.445312 31804.359375 37505.222656 278.741394 22.150932 14.467961 10.936382 1.000000e+37 1.000000e+37 0.000000
341956 457 7582.992188 32267.580078 37241.128906 187.558929 -0.409422 81.152809 12.112314 1.000000e+37 1.000000e+37 0.000000
341957 457 7464.615234 31919.570312 37343.371094 357.233215 -84.704956 -252.744217 10.918299 1.000000e+37 1.000000e+37 0.000000
341958 457 7655.419922 32077.583984 37507.515625 43.504612 211.951797 -391.483154 8.237229 1.000000e+37 1.000000e+37 0.000000
341959 457 7650.049805 32029.728516 37564.011719 177.947189 136.566498 -251.375900 10.053827 1.000000e+37 1.000000e+37 0.000000
341960 457 7454.169434 32080.771484 37498.871094 24.280151 192.285110 -19.270430 8.661883 1.000000e+37 1.000000e+37 0.000000
341961 457 7460.298828 31761.771484 37554.261719 93.781471 -94.060631 -271.998871 10.220406 1.000000e+37 1.000000e+37 0.000000
341962 457 7332.509277 31784.974609 37080.035156 -0.900773 118.888939 -198.311279 8.600608 1.000000e+37 1.000000e+37 0.000000
341963 457 7452.541016 32202.718750 37403.355469 -33.527866 25.152277 -53.582779 8.093903 1.000000e+37 1.000000e+37 0.000000
341964 457 7487.116211 31980.384766 37603.179688 233.904175 -14.799735 -166.346954 13.893582 1.000000e+37 1.000000e+37 0.000000
341965 457 7605.635254 31736.677734 37503.222656 265.285217 16.314184 -271.428467 9.878400 1.000000e+37 1.000000e+37 0.000000
341966 457 7310.163574 31783.138672 36936.210938 7.468970 159.893051 144.823959 9.057479 1.000000e+37 1.000000e+37 0.000000
341967 457 7219.304199 31947.490234 36924.359375 218.704849 173.865601 -208.456421 11.452617 1.000000e+37 1.000000e+37 0.000000
341968 457 7532.476074 32015.173828 37447.937500 79.378700 263.449005 -8.745139 12.486285 1.000000e+37 1.000000e+37 0.000000
341969 457 7420.027832 31815.636719 37053.421875 -0.153982 42.768787 -34.354282 9.145486 1.000000e+37 1.000000e+37 0.000000
341970 457 7412.484863 31910.279297 37068.089844 353.227356 -26.674896 -101.232651 9.382778 1.000000e+37 1.000000e+37 0.000000
341971 457 7261.094727 31820.871094 36889.515625 218.251343 75.932335 -185.824234 10.845400 1.000000e+37 1.000000e+37 0.000000
341972 457 7630.834473 31804.890625 37552.261719 199.237442 12.341055 -85.904556 13.154015 1.000000e+37 1.000000e+37 0.000000
341973 457 7370.957520 31595.662109 37053.312500 319.686798 28.612074 -60.962379 9.377709 1.000000e+37 1.000000e+37 0.000000
341974 457 7540.055664 31699.423828 36952.515625 52.703838 -90.543671 -83.627167 8.324168 1.000000e+37 1.000000e+37 0.000000
341975 457 7671.830078 31971.253906 37677.304688 158.413574 17.515659 -52.087143 8.251283 1.000000e+37 1.000000e+37 0.000000
341976 457 7713.866211 32077.691406 37422.914062 71.153839 69.564232 48.320461 12.667525 1.000000e+37 1.000000e+37 0.000000
341977 457 7658.858398 32029.296875 37297.906250 110.855347 60.972031 -331.143585 12.570938 1.000000e+37 1.000000e+37 0.000000
341978 457 7498.275879 31935.587891 37481.753906 90.533859 38.489082 -280.316376 6.480275 1.000000e+37 1.000000e+37 0.000000
341979 457 7394.632324 31746.123047 36992.070312 305.383057 -94.444359 -124.957527 10.195325 1.000000e+37 1.000000e+37 0.000000
341980 457 7248.236328 31598.566406 37145.757812 122.894562 56.287045 -255.778366 9.957009 1.000000e+37 1.000000e+37 0.000000
341981 457 7551.823730 31742.335938 37461.566406 119.035294 231.701218 -219.934525 7.548504 1.000000e+37 1.000000e+37 0.000000
341982 457 7623.710449 31871.191406 37473.511719 276.958099 -74.044037 23.827482 9.496468 1.000000e+37 1.000000e+37 0.000000
341983 457 7585.585449 31927.109375 36594.972656 319.786041 79.771370 -124.602364 9.083957 1.000000e+37 1.000000e+37 0.000000
341984 457 7670.166992 31766.074219 37508.335938 136.531128 -179.753525 -245.869888 10.103455 1.000000e+37 1.000000e+37 0.000000
564988 12288 8745.540039 32269.457031 37151.687500 16.636879 15.305444 -29.833529 88.761238 -1.790864e+01 -1.837740e+01 0.111222
564989 12288 8669.248047 32311.072266 37112.671875 53.057713 71.762840 13.176150 22.624958 1.000000e+37 1.000000e+37 0.000000
564990 12288 8802.961914 32295.289062 37181.023438 65.030937 -38.857624 14.280629 23.666771 1.000000e+37 1.000000e+37 0.000000
564991 12288 8815.018555 32273.251953 37165.742188 -40.633884 -37.570946 -44.970329 21.400669 1.000000e+37 1.000000e+37 0.000000
564992 12288 8813.421875 32257.720703 37186.496094 32.031536 -17.253601 -10.219223 14.399193 1.000000e+37 1.000000e+37 0.000000
564993 12288 8720.109375 32290.777344 37077.238281 -18.581026 -14.006054 -3.938422 8.660997 1.000000e+37 1.000000e+37 0.000000
567677 12714 7383.556152 30957.011719 36472.152344 131.236588 -1.346987 -55.514942 87.789528 -1.833629e+01 -1.881819e+01 0.192615
567678 12714 7375.606445 30950.777344 36458.640625 146.510437 -66.076355 -30.690186 14.293172 -1.368808e+01 -1.381756e+01 0.000277
567679 12714 7382.034180 30943.101562 36466.093750 193.257919 -18.339996 -15.246636 12.537971 1.000000e+37 1.000000e+37 0.000000
567680 12714 7294.466309 30983.103516 36479.984375 115.733742 -63.966057 -0.989144 10.819906 1.000000e+37 1.000000e+37 0.000000
567681 12714 7334.233887 30959.685547 36473.078125 161.431931 -96.722435 8.861091 12.251572 1.000000e+37 1.000000e+37 0.000000
567682 12714 7465.290527 30928.193359 36467.226562 167.205353 -23.985453 -128.224777 10.040915 1.000000e+37 1.000000e+37 0.000000
567683 12714 7315.458984 30975.058594 36495.425781 173.212860 -64.739143 -38.163383 11.476757 1.000000e+37 1.000000e+37 0.000000
619534 24425 7730.199707 31538.546875 38281.945312 30.122370 107.478874 -118.350121 76.799286 -1.730839e+01 -1.755734e+01 0.030372
619535 24425 7704.254395 31517.187500 38268.144531 -1.546710 161.047485 -144.701813 11.040414 1.000000e+37 1.000000e+37 0.000000
619713 24472 7538.142578 32779.566406 36978.109375 211.800934 -81.234077 -3.470049 70.645264 -1.689972e+01 -1.739302e+01 0.042097
619714 24472 7486.437012 32792.316406 36875.152344 215.147598 -86.989288 40.808922 22.552567 1.000000e+37 1.000000e+37 0.000000
619715 24472 7528.522949 32819.886719 36946.015625 213.930725 -50.400059 29.523815 19.253784 1.000000e+37 1.000000e+37 0.000000
619716 24472 7541.233398 32861.843750 36978.031250 253.859604 -118.945114 -9.272038 11.997447 1.000000e+37 1.000000e+37 0.000000
619717 24472 7562.041504 32752.464844 36957.457031 286.437134 -57.616920 1.156314 11.755845 1.000000e+37 1.000000e+37 0.000000
619718 24472 7536.639160 32775.226562 37029.437500 222.009735 -62.191494 -35.128769 12.988847 1.000000e+37 1.000000e+37 0.000000
655959 36201 7144.071777 31307.410156 36139.804688 113.502594 125.744614 -186.874588 61.491539 -1.573332e+01 -1.620070e+01 0.017268
655960 36201 7084.392578 31330.074219 36125.312500 222.400421 58.628365 -135.246155 20.604534 1.000000e+37 1.000000e+37 0.000000
655961 36201 7127.025879 31277.931641 36073.671875 73.326714 145.690918 -165.153168 12.653161 1.000000e+37 1.000000e+37 0.000000
666190 40038 6843.416504 31492.000000 36347.339844 177.431793 97.825439 -128.146255 67.055481 -1.590095e+01 -1.622948e+01 0.019832
672557 42578 8351.942383 32289.851562 37307.675781 0.595179 -2.100885 -72.272469 50.218407 -1.332274e+01 -1.385786e+01 0.001944
672558 42578 8316.160156 32193.548828 37283.640625 4.883666 30.207243 -46.585182 47.140823 -1.285528e+01 -1.337118e+01 0.001168
687992 49052 7264.253418 32678.488281 38029.511719 83.978348 -56.123135 -86.752579 49.909325 -1.492021e+01 -1.526140e+01 0.005686
687993 49052 7142.627441 32702.712891 38067.234375 88.086014 -61.147442 -99.378021 31.393707 1.000000e+37 1.000000e+37 0.000000
687994 49052 7183.748047 32708.263672 38052.609375 96.017395 -67.999992 -73.640427 23.903446 1.000000e+37 1.000000e+37 0.000000
687995 49052 7196.919434 32686.746094 38056.695312 62.697178 -35.370415 -77.110146 17.450502 1.000000e+37 1.000000e+37 0.000000
720186 64229 7714.543457 31440.900391 37381.929688 110.065559 183.479950 -176.621826 50.080444 -1.435931e+01 -1.478176e+01 0.003803
720187 64229 7730.716797 31419.060547 37410.542969 136.743042 209.678146 -172.112366 13.038274 1.000000e+37 1.000000e+37 0.000000
730534 69503 7306.708008 32291.841797 37728.640625 298.853821 35.287518 -96.112778 51.017899 -1.341820e+01 -1.408262e+01 0.004333
730535 69503 7253.499512 32303.673828 37739.199219 315.148712 49.216949 -115.345497 10.975964 1.000000e+37 1.000000e+37 0.000000
758033 84445 7365.937500 31727.431641 37555.722656 254.083588 -74.897263 -229.935440 44.295616 -1.323553e+01 -1.386390e+01 0.002913
780471 97268 8039.854980 33145.933594 37463.949219 226.258606 -50.452129 -19.548395 41.710751 -1.241833e+01 -1.279340e+01 0.000484
782705 98574 7836.225098 31989.259766 36688.683594 146.933807 -94.668625 15.517616 45.853111 -1.281472e+01 -1.341221e+01 0.002035
783634 99131 7493.403320 31718.337891 36338.152344 187.004486 -114.818512 -9.591318 42.972656 -1.318274e+01 -1.365188e+01 0.001925
784998 99922 7764.985840 31291.070312 37815.355469 129.979599 151.419617 -159.732132 42.457188 -1.140485e+01 -1.198811e+01 0.000608
792976 104558 6724.841797 31951.207031 36229.859375 214.588226 -90.306458 -40.369598 36.761383 -9.657945e+00 -1.016748e+01 0.000077
816512 118727 7294.221191 32173.435547 37135.824219 229.636520 136.599579 -181.535278 38.502190 -1.178555e+01 -1.236746e+01 0.000755
816513 118727 7321.819824 32127.396484 37139.222656 132.438309 93.917603 -28.633568 9.817329 1.000000e+37 1.000000e+37 0.000000
818929 120214 7525.216309 32864.070312 38160.589844 201.896011 -62.863182 -74.596283 38.765591 -1.046946e+01 -1.101809e+01 0.000250
818930 120214 7530.844238 32852.300781 38168.492188 174.130325 -69.551506 -73.021866 18.220175 1.000000e+37 1.000000e+37 0.000000
824903 123889 8223.270508 32543.419922 37875.144531 208.573959 -94.717918 -49.137386 38.646030 -1.205231e+01 -1.242938e+01 0.000617
838806 132533 7298.923828 31950.517578 37363.453125 131.243713 130.375198 -103.568535 30.552095 -1.096178e+01 -1.155930e+01 0.000495
838807 132533 7289.168457 31974.425781 37343.261719 110.916771 130.159210 -101.658806 16.167387 1.000000e+37 1.000000e+37 0.000000
870535 152708 7296.161133 31626.025391 36063.117188 239.759949 -86.481247 -69.521149 30.673418 1.000000e+37 1.000000e+37 0.000000
870536 152708 7307.148438 31639.843750 36074.246094 242.940460 -108.769386 -45.121239 11.338058 1.000000e+37 1.000000e+37 0.000000
890141 165588 6765.144043 31867.683594 36268.671875 197.155899 -96.254463 -47.953106 31.454300 -9.625328e+00 -1.019258e+01 0.000145
900860 172806 7619.823730 31487.806641 37936.859375 45.500977 126.698196 -132.630051 28.377825 1.000000e+37 1.000000e+37 0.000000
900861 172806 7618.509766 31475.015625 37956.320312 40.937531 109.136047 -147.885864 16.330772 1.000000e+37 1.000000e+37 0.000000
900862 172806 7611.357422 31472.861328 37913.644531 146.787048 144.975342 -170.833954 10.008595 1.000000e+37 1.000000e+37 0.000000
927227 191052 7583.367188 31623.222656 37150.320312 89.555069 234.328186 -179.007828 28.236696 -9.374031e+00 -9.942502e+00 0.000131
967458 220584 7943.283691 33109.835938 37258.902344 215.306107 -60.235374 -5.213839 29.003166 -8.842947e+00 -9.411557e+00 0.000080
969381 222053 7644.327148 31594.056641 37127.804688 235.963257 53.723164 -211.443588 27.081120 -8.903398e+00 -9.453835e+00 0.000069
972239 224240 7396.539062 32554.552734 38356.996094 167.164536 75.694069 -161.437332 27.161798 1.000000e+37 1.000000e+37 0.000000
972682 224565 7597.377930 31691.277344 37327.851562 92.471291 -84.829193 -229.384659 22.701130 1.000000e+37 1.000000e+37 0.000000
991282 238810 6910.058594 31755.681641 36102.144531 92.174049 -105.753212 -13.077019 22.205088 1.000000e+37 1.000000e+37 0.000000
991283 238810 6945.072266 31761.404297 36114.207031 225.917252 -102.756485 -42.014507 14.883409 1.000000e+37 1.000000e+37 0.000000
991284 238810 6892.668457 31761.355469 36092.933594 111.786194 -93.203835 -23.889753 9.429179 1.000000e+37 1.000000e+37 0.000000
1002116 247203 7346.681152 32051.781250 37408.078125 134.081772 116.678734 -141.786682 16.465790 1.000000e+37 1.000000e+37 0.000000
1002117 247203 7341.253906 32054.347656 37434.636719 185.357254 14.513302 -64.622078 14.522259 1.000000e+37 1.000000e+37 0.000000
1003377 248174 7622.054199 32329.009766 37345.226562 -35.309036 48.204430 -110.030548 19.529238 1.000000e+37 1.000000e+37 0.000000
1003378 248174 7697.263672 32357.095703 37360.644531 81.314865 -101.335648 -140.907089 16.082844 1.000000e+37 1.000000e+37 0.000000
1004237 248845 7639.072754 30964.556641 36368.726562 139.028427 -24.996971 -18.445831 27.802567 1.000000e+37 1.000000e+37 0.000000
1022556 263325 8309.391602 31057.417969 37907.949219 22.742908 82.050888 -107.070656 25.976458 1.000000e+37 1.000000e+37 0.000000
1024000 264458 8023.397949 32301.564453 37847.992188 183.184479 104.877075 -220.432236 28.222799 1.000000e+37 1.000000e+37 0.000000
1027190 267028 8204.765625 32770.875000 37962.187500 216.397797 -25.886250 -138.724991 23.628845 1.000000e+37 1.000000e+37 0.000000
1036025 274099 7660.583008 31311.351562 38025.175781 140.210373 133.890182 -164.133804 23.509880 1.000000e+37 1.000000e+37 0.000000
1043476 280102 6949.074707 32077.050781 35966.582031 211.981766 -106.899773 -34.463249 20.585180 1.000000e+37 1.000000e+37 0.000000
1043477 280102 6951.390625 32051.142578 35952.398438 216.191254 -98.999313 -18.400759 10.697548 1.000000e+37 1.000000e+37 0.000000
1055797 290159 8096.568359 32109.582031 37727.394531 107.077553 -129.654526 -36.901272 26.382839 1.000000e+37 1.000000e+37 0.000000
1058148 292039 7522.719727 32416.623047 37821.078125 184.583801 9.687292 -159.853729 27.273182 -1.292885e+01 -1.357606e+01 0.002711
1068295 300432 7832.379395 31629.289062 38498.546875 35.100769 84.999237 -119.477669 22.604967 1.000000e+37 1.000000e+37 0.000000
1077012 307660 7275.679199 31403.078125 37013.859375 61.395660 207.508270 -153.193497 22.715843 1.000000e+37 1.000000e+37 0.000000
1077013 307660 7257.796387 31409.417969 37002.660156 57.281498 200.934204 -146.865417 11.855915 1.000000e+37 1.000000e+37 0.000000
1080441 310525 8228.680664 31892.224609 37094.535156 -14.710940 45.073727 -30.743977 21.191153 1.000000e+37 1.000000e+37 0.000000
1080442 310525 8202.457031 31908.892578 37125.925781 -12.778881 49.832172 -46.813007 10.546165 1.000000e+37 1.000000e+37 0.000000
1085065 314371 7301.207031 31568.939453 36748.996094 -7.036795 15.254322 73.552177 20.081629 1.000000e+37 1.000000e+37 0.000000
1115116 339779 7791.679688 32223.933594 37499.433594 95.711525 -172.774811 -184.356018 18.099747 1.000000e+37 1.000000e+37 0.000000
1124115 347533 7108.194336 31754.265625 37137.035156 287.863403 107.490135 -68.777634 23.847874 1.000000e+37 1.000000e+37 0.000000
1124116 347533 7107.772949 31768.904297 37102.964844 198.273804 -22.460018 -11.802236 11.387459 1.000000e+37 1.000000e+37 0.000000
1129140 351847 7481.167969 32204.437500 36688.917969 195.702835 -123.594940 22.834061 24.460657 1.000000e+37 1.000000e+37 0.000000
1132583 354804 6877.384766 30972.837891 36629.871094 109.480759 -37.972736 -17.338221 19.542015 1.000000e+37 1.000000e+37 0.000000
1132584 354804 6916.302734 30975.785156 36636.277344 116.237259 -44.062698 -24.478300 8.432322 1.000000e+37 1.000000e+37 0.000000
1160177 378672 7013.598633 31334.369141 37037.226562 125.240952 27.890932 39.638805 20.481792 1.000000e+37 1.000000e+37 0.000000
1160178 378672 6989.054199 31329.148438 37021.140625 117.751755 30.652798 54.221897 14.611570 1.000000e+37 1.000000e+37 0.000000
1173296 390188 7930.982910 31067.716797 38176.265625 157.238525 135.526794 -140.930130 19.523476 1.000000e+37 1.000000e+37 0.000000
1175398 392034 7586.525879 31669.679688 37249.402344 108.735619 26.217775 -212.594070 22.596043 1.000000e+37 1.000000e+37 0.000000
1176564 393072 7265.894043 32148.455078 37002.507812 122.449951 -100.057632 -174.664795 25.199175 1.000000e+37 1.000000e+37 0.000000
1180066 396113 7438.682129 31638.089844 36790.402344 95.129150 261.912659 -123.504669 21.766111 1.000000e+37 1.000000e+37 0.000000
1210854 423527 7106.588379 31763.937500 36905.148438 204.338867 -45.501904 18.496099 25.809242 1.000000e+37 1.000000e+37 0.000000
1216613 428715 8020.922363 32154.121094 37483.953125 87.814270 -101.748222 -191.934418 19.211950 1.000000e+37 1.000000e+37 0.000000
1216614 428715 8051.723145 32167.574219 37475.339844 92.328300 -113.782043 -174.811142 8.857827 1.000000e+37 1.000000e+37 0.000000
1217058 429107 7852.684082 32010.978516 37876.359375 68.526764 -126.846085 -43.719559 17.229408 1.000000e+37 1.000000e+37 0.000000
1217059 429107 7836.388184 32010.400391 37847.984375 65.299118 -141.688354 -51.828476 11.245862 1.000000e+37 1.000000e+37 0.000000
1217060 429107 7822.759766 32008.400391 37879.640625 73.325485 -129.032639 -36.714195 9.877518 1.000000e+37 1.000000e+37 0.000000
1230340 441044 7772.649902 31823.250000 37074.644531 69.882347 17.799280 -135.026199 26.839043 -9.042515e+00 -9.609733e+00 0.000095
1246991 456171 7316.558105 31743.500000 36247.121094 76.853577 118.884056 -87.725540 19.397509 1.000000e+37 1.000000e+37 0.000000
1252487 461184 7534.445801 32780.449219 37128.539062 216.567673 -97.852882 -36.615330 22.061895 -8.563411e+00 -9.133716e+00 0.000063
1284926 491039 7750.173340 31120.330078 37990.949219 131.523315 141.867844 -154.650345 20.110012 1.000000e+37 1.000000e+37 0.000000
1297243 502406 6912.288086 31115.136719 36586.589844 78.487785 -31.727909 3.941377 19.259686 1.000000e+37 1.000000e+37 0.000000
1298635 503703 7502.648438 31087.173828 37098.050781 45.433670 154.770538 -141.929352 19.182920 1.000000e+37 1.000000e+37 0.000000
1303890 508620 7408.700684 32004.421875 36662.867188 247.669922 40.182343 -175.991058 12.070675 1.000000e+37 1.000000e+37 0.000000
1311159 515406 7332.625488 32103.833984 36693.339844 261.566559 157.296036 -81.416237 27.536901 -1.052312e+01 -1.114814e+01 0.000376
1311568 515783 7261.273926 31717.080078 37462.425781 115.203278 158.246506 -49.732506 21.332285 1.000000e+37 1.000000e+37 0.000000
1314900 518904 7288.695801 32833.894531 38171.554688 112.380089 -78.220566 -14.780022 18.391294 1.000000e+37 1.000000e+37 0.000000
1315321 519292 6943.553223 31139.820312 36667.070312 78.245773 -25.472689 1.011465 18.755583 1.000000e+37 1.000000e+37 0.000000
1334531 537251 7581.891113 31736.406250 37012.597656 199.067566 18.956161 -29.903242 13.868564 1.000000e+37 1.000000e+37 0.000000
1361470 562595 6806.354492 32514.984375 36575.914062 190.478073 -77.495636 -16.203232 17.694887 1.000000e+37 1.000000e+37 0.000000
1374287 574784 7696.036133 30854.546875 37243.238281 46.528622 120.811646 -138.189285 18.034178 1.000000e+37 1.000000e+37 0.000000
1381547 581690 7413.261719 31584.144531 37411.167969 132.226608 147.765472 2.104903 19.741367 1.000000e+37 1.000000e+37 0.000000
1381548 581691 8512.041016 31637.060547 36380.484375 20.844742 6.226614 -26.923050 20.544569 1.000000e+37 1.000000e+37 0.000000
1387956 587882 7795.017090 30709.076172 37220.519531 39.178009 110.387558 -141.524948 19.792688 1.000000e+37 1.000000e+37 0.000000
1395587 595213 6993.512207 31814.601562 36963.812500 131.638138 166.293411 -162.485260 17.884853 1.000000e+37 1.000000e+37 0.000000
1414883 613774 7216.052734 32506.652344 38018.042969 191.244202 61.428539 -27.946566 10.770194 1.000000e+37 1.000000e+37 0.000000
1414884 613774 7199.865234 32492.210938 38034.402344 238.966248 60.812469 -62.884621 7.866456 1.000000e+37 1.000000e+37 0.000000
1442111 640059 7156.287598 31662.724609 37333.089844 109.968475 188.909012 -198.489212 15.354832 1.000000e+37 1.000000e+37 0.000000
1444372 642256 7544.437012 32349.167969 37318.847656 29.834801 -7.207782 -289.342651 14.378531 1.000000e+37 1.000000e+37 0.000000
1444373 642256 7562.219727 32363.699219 37331.707031 158.430649 -61.980404 -309.276215 9.889114 1.000000e+37 1.000000e+37 0.000000
1444377 642260 6929.036621 31420.078125 36267.632812 161.602112 124.993927 -148.501572 19.052601 1.000000e+37 1.000000e+37 0.000000
1461447 658885 7634.654297 31685.328125 37278.617188 -8.599779 85.699654 -31.789028 17.687712 1.000000e+37 1.000000e+37 0.000000
1465069 662434 8095.290527 32320.929688 37315.195312 148.044205 -102.112961 26.408731 19.454548 1.000000e+37 1.000000e+37 0.000000
1471046 668293 7188.433105 31797.050781 37003.507812 167.607773 -60.912296 59.376125 13.097735 1.000000e+37 1.000000e+37 0.000000
1471047 668293 7175.908691 31787.658203 37007.312500 51.059914 244.138474 -77.658813 9.692729 1.000000e+37 1.000000e+37 0.000000
1476360 673489 7924.987305 31614.441406 37805.886719 231.139694 145.877411 -170.743759 17.312990 1.000000e+37 1.000000e+37 0.000000
1477104 674212 7557.395996 31592.664062 36580.937500 161.560303 105.389099 -14.381437 21.920343 1.000000e+37 1.000000e+37 0.000000
1482738 679720 7047.146973 31993.621094 37701.710938 184.198883 -120.378860 -149.734955 19.339979 1.000000e+37 1.000000e+37 0.000000
1485936 682839 8321.744141 32216.488281 37168.730469 14.026991 14.000424 -49.677940 19.668192 1.000000e+37 1.000000e+37 0.000000
1489739 686578 7108.238770 31732.550781 37205.582031 145.871796 190.792068 -203.377808 18.253311 1.000000e+37 1.000000e+37 0.000000
1497488 694219 8276.517578 32615.609375 37878.468750 246.665787 -101.642311 -46.656471 14.352798 1.000000e+37 1.000000e+37 0.000000
1497489 694219 8262.652344 32614.220703 37894.566406 226.847946 -105.963318 -57.328682 13.280834 1.000000e+37 1.000000e+37 0.000000
1498598 695331 7266.213867 31988.691406 37211.472656 162.801941 161.445267 -121.583328 21.165016 -9.758984e+00 -1.033631e+01 0.000187
1498605 695337 7656.705078 31123.259766 36813.796875 -20.040228 71.937782 -67.216042 20.872618 1.000000e+37 1.000000e+37 0.000000
1522147 718726 7781.386719 30730.240234 37300.058594 50.261135 115.741013 -144.601440 16.234856 1.000000e+37 1.000000e+37 0.000000
1522892 719477 7388.281738 31457.371094 37272.667969 45.484688 195.991760 -165.128067 14.572148 1.000000e+37 1.000000e+37 0.000000
1522893 719478 7509.926758 31541.433594 37217.316406 115.785515 65.189781 -16.796104 10.326284 1.000000e+37 1.000000e+37 0.000000
1532763 729298 7359.807129 31402.007812 36286.906250 238.405182 39.434204 -95.088074 17.980371 1.000000e+37 1.000000e+37 0.000000
1540734 737242 7010.949219 31228.951172 36484.082031 38.714252 -32.470436 5.502762 17.746407 1.000000e+37 1.000000e+37 0.000000
1540737 737245 6553.187500 32022.621094 36210.492188 197.955521 -96.870270 -54.444736 16.154028 1.000000e+37 1.000000e+37 0.000000
1554714 751281 7590.580566 30824.222656 36644.390625 -8.614933 59.324982 -85.392929 16.025799 1.000000e+37 1.000000e+37 0.000000
1555568 752135 6751.876953 32984.730469 36721.183594 166.353455 -53.796394 -16.857094 16.247231 1.000000e+37 1.000000e+37 0.000000
1566436 763089 7691.148438 32895.390625 37960.226562 206.157974 27.709148 -175.899567 18.293646 1.000000e+37 1.000000e+37 0.000000
1571229 767917 8421.096680 32077.056641 37200.390625 15.313042 45.242252 -23.887783 14.584418 1.000000e+37 1.000000e+37 0.000000
1574366 771081 7561.961914 31570.046875 37708.726562 138.985260 144.171051 -20.169321 22.256643 1.000000e+37 1.000000e+37 0.000000
1583204 779972 7580.663574 31615.294922 37215.414062 192.285858 29.972673 -124.490242 20.170530 -8.792511e+00 -9.353026e+00 0.000069
1590386 787230 8541.312500 31624.486328 36908.636719 4.367302 45.823452 -61.751270 14.791473 1.000000e+37 1.000000e+37 0.000000
1590388 787232 7176.060059 31702.804688 36231.398438 92.359848 67.067848 -61.429993 16.082245 1.000000e+37 1.000000e+37 0.000000
1591244 788114 6930.165527 31203.498047 36667.515625 65.484268 -28.362345 11.063665 17.134115 1.000000e+37 1.000000e+37 0.000000
1591245 788115 6858.582520 31749.289062 36318.570312 126.152451 -93.875237 -16.278139 14.866502 1.000000e+37 1.000000e+37 0.000000
1594561 791485 7523.136230 32882.847656 38079.707031 226.755783 -73.209618 -54.522591 14.957038 1.000000e+37 1.000000e+37 0.000000
1594566 791490 6972.170410 32023.013672 37652.125000 136.076447 -96.927864 -162.666046 17.502941 1.000000e+37 1.000000e+37 0.000000
1598895 795881 7817.376465 32737.853516 38112.949219 154.690567 -46.650639 -128.196991 17.591368 1.000000e+37 1.000000e+37 0.000000
1598903 795888 7323.213867 32215.103516 37823.406250 229.459198 -57.934650 -92.311913 21.767546 1.000000e+37 1.000000e+37 0.000000
1617378 814768 6842.011719 30869.398438 36599.121094 128.894379 -35.593967 -25.233145 14.722014 1.000000e+37 1.000000e+37 0.000000
1620905 818365 7451.903809 31772.292969 36525.847656 254.394775 9.634667 -15.394449 16.745785 1.000000e+37 1.000000e+37 0.000000
1621922 819394 7738.664551 31624.490234 36816.816406 -44.588936 29.821360 7.213726 16.788496 1.000000e+37 1.000000e+37 0.000000
1644175 842206 8009.893555 32177.982422 37715.035156 176.274368 -150.191055 -145.565826 18.395090 1.000000e+37 1.000000e+37 0.000000
1645195 843246 7395.892578 31623.318359 37458.003906 245.347504 118.836739 -146.427567 16.096909 1.000000e+37 1.000000e+37 0.000000
1649937 848128 7024.145020 31355.572266 36705.015625 43.558491 -6.246962 33.235291 15.658772 1.000000e+37 1.000000e+37 0.000000
1658531 856983 7758.126465 32061.673828 37118.882812 46.617348 39.607090 -70.632767 18.836845 1.000000e+37 1.000000e+37 0.000000
1674709 873669 7160.648438 31806.033203 37036.324219 64.228714 203.633011 -122.153893 12.395595 1.000000e+37 1.000000e+37 0.000000
1676832 875862 7389.248535 32335.375000 37836.414062 244.940796 -44.510880 -213.956299 17.158546 1.000000e+37 1.000000e+37 0.000000
1679785 878946 7723.522461 31887.566406 37134.707031 124.840508 30.198811 82.594360 14.025458 1.000000e+37 1.000000e+37 0.000000
1689070 888606 7964.767090 33130.042969 37400.222656 231.132568 -66.449585 -41.311447 18.016117 1.000000e+37 1.000000e+37 0.000000
1689080 888616 7257.183105 31997.031250 36935.128906 176.879089 53.299347 81.664314 11.119779 1.000000e+37 1.000000e+37 0.000000
1699594 899587 7560.841797 32137.365234 37192.406250 95.269203 -174.790955 -53.997475 16.500702 1.000000e+37 1.000000e+37 0.000000
1706231 906543 8434.589844 32036.939453 37239.789062 15.073668 30.455418 -5.786148 16.154102 1.000000e+37 1.000000e+37 0.000000
1706232 906544 7849.084473 31801.349609 37079.703125 -47.661362 21.805544 5.804245 15.076142 1.000000e+37 1.000000e+37 0.000000
1710534 911023 7320.576660 31471.349609 35934.621094 129.381516 -49.960579 -47.979317 18.858671 1.000000e+37 1.000000e+37 0.000000
1731281 932690 8254.808594 32733.517578 37991.746094 233.841553 -75.276825 -55.745571 9.715036 1.000000e+37 1.000000e+37 0.000000
1746588 948831 7444.022461 31690.388672 36181.257812 204.071182 -116.454124 -29.619789 17.967360 1.000000e+37 1.000000e+37 0.000000
1751301 953797 7593.500977 32210.808594 37205.589844 277.311554 -113.821686 -250.320984 14.764900 1.000000e+37 1.000000e+37 0.000000
1769567 973114 7987.759766 32785.449219 37680.328125 227.060043 -10.611397 -128.648895 22.250998 -9.152467e+00 -9.703299e+00 0.000087
1770883 974504 7375.865234 31542.197266 36044.480469 219.136612 -89.232445 -69.209274 17.116106 1.000000e+37 1.000000e+37 0.000000
1775815 979709 7860.441406 32047.185547 37625.093750 93.382874 -215.195602 -83.566704 11.198202 1.000000e+37 1.000000e+37 0.000000
1782308 986637 7372.577637 32127.300781 36884.105469 22.420055 47.558895 -52.261177 16.471384 1.000000e+37 1.000000e+37 0.000000
1788744 993492 8689.089844 31347.105469 37232.558594 15.152069 48.381149 -83.451637 13.632102 1.000000e+37 1.000000e+37 0.000000
1795218 1000379 7255.382812 31898.232422 37352.093750 320.707245 51.525826 -114.757507 17.033604 1.000000e+37 1.000000e+37 0.000000
1796671 1001927 7356.179199 31627.236328 37426.980469 99.946175 162.478806 -36.634357 16.436605 1.000000e+37 1.000000e+37 0.000000
1796678 1001935 6906.667969 32102.439453 36924.320312 187.492432 -97.920609 4.352135 14.700799 1.000000e+37 1.000000e+37 0.000000
1803269 1008996 6988.944824 31632.035156 37281.121094 120.128517 14.433240 -89.480789 16.281115 1.000000e+37 1.000000e+37 0.000000
1806055 1011965 7816.352051 31927.216797 37178.605469 283.939789 -12.776648 -88.621132 9.142535 1.000000e+37 1.000000e+37 0.000000
1806056 1011965 7844.180664 31938.845703 37200.273438 266.588654 -2.714632 -74.262718 8.627183 1.000000e+37 1.000000e+37 0.000000
1823714 1030928 7497.629883 31526.876953 36018.449219 182.421844 -48.053398 -31.470936 17.176329 1.000000e+37 1.000000e+37 0.000000
1865622 1076256 7394.418945 31971.322266 36500.121094 214.057419 60.631401 -19.713427 14.878687 1.000000e+37 1.000000e+37 0.000000
1865624 1076258 7463.106934 32262.638672 36877.113281 168.714554 -134.452652 -156.511902 15.815775 1.000000e+37 1.000000e+37 0.000000
1867235 1078027 7183.713379 31813.166016 36965.511719 245.187347 -80.590469 25.119207 15.156911 1.000000e+37 1.000000e+37 0.000000
1881102 1093050 6866.268555 31918.851562 37254.761719 201.919785 39.644348 -100.102882 17.978146 1.000000e+37 1.000000e+37 0.000000
1881103 1093051 7544.491699 31204.591797 36850.992188 107.895256 180.798386 -166.190811 16.448551 1.000000e+37 1.000000e+37 0.000000
1888728 1101391 7638.762207 32286.185547 37312.808594 227.120071 -98.006859 -253.177902 13.703462 1.000000e+37 1.000000e+37 0.000000
1904772 1118952 7927.894043 31486.974609 37934.558594 159.388733 143.308716 -166.551331 13.802248 1.000000e+37 1.000000e+37 0.000000
1921175 1136976 7235.184570 31894.296875 36462.808594 97.830345 92.930054 -12.805590 15.583065 1.000000e+37 1.000000e+37 0.000000
1929583 1146272 7218.178223 31896.214844 36900.757812 100.489944 -20.516273 78.367775 11.559446 1.000000e+37 1.000000e+37 0.000000
1929585 1146274 7779.846191 31421.394531 36385.246094 86.283340 -0.273053 -8.653206 13.294751 1.000000e+37 1.000000e+37 0.000000
1938291 1155826 7784.786133 32563.308594 37878.550781 270.832275 10.696620 -127.906845 16.451303 1.000000e+37 1.000000e+37 0.000000
1948791 1167372 8613.871094 32242.000000 37116.226562 68.223808 35.458748 -32.059383 11.669424 1.000000e+37 1.000000e+37 0.000000
2001957 1226885 7995.158691 31977.839844 36817.187500 146.090286 152.931580 -75.641151 15.086346 1.000000e+37 1.000000e+37 0.000000
2011757 1237917 7428.502441 32430.011719 38297.214844 176.246796 75.389198 -171.176758 13.926538 1.000000e+37 1.000000e+37 0.000000
2013870 1240334 7586.919434 31792.902344 37148.019531 -8.287037 66.357498 42.125111 8.976376 1.000000e+37 1.000000e+37 0.000000
2021777 1249233 7366.985352 31912.660156 36685.746094 217.975494 38.837772 -24.803484 11.447514 1.000000e+37 1.000000e+37 0.000000
2021778 1249234 7660.569824 31318.373047 36875.437500 126.741241 48.937275 14.801517 16.155298 1.000000e+37 1.000000e+37 0.000000
2031655 1260461 7478.461914 32034.757812 36992.750000 227.534271 25.106791 -130.425339 13.387376 1.000000e+37 1.000000e+37 0.000000
2031662 1260469 7669.159668 32461.460938 38351.312500 188.126678 30.333593 -162.204254 14.080440 1.000000e+37 1.000000e+37 0.000000
2052369 1284014 7011.060059 31628.677734 36098.886719 137.076981 82.909134 -109.410461 16.312103 1.000000e+37 1.000000e+37 0.000000
2054595 1286543 7449.873047 31907.208984 37697.242188 137.350235 124.820801 -106.884323 13.774053 1.000000e+37 1.000000e+37 0.000000
2075895 1310825 7131.673340 31752.974609 37294.453125 123.310112 127.427826 -90.654510 19.135326 1.000000e+37 1.000000e+37 0.000000
2075897 1310827 8217.381836 32033.689453 37364.875000 -3.079015 26.106125 -36.279263 13.253472 1.000000e+37 1.000000e+37 0.000000
2080488 1316025 8038.912109 32060.257812 36802.933594 248.706558 -73.656952 -1.820769 14.553294 1.000000e+37 1.000000e+37 0.000000
2084628 1320823 7748.021484 31739.630859 37307.914062 99.583824 37.208538 -83.920715 16.910564 1.000000e+37 1.000000e+37 0.000000
2086969 1323529 8124.692871 31847.587891 37114.253906 -21.731953 55.829006 -34.696964 10.864693 1.000000e+37 1.000000e+37 0.000000
2095664 1333588 8272.073242 32469.533203 37720.554688 176.803894 -101.256142 -32.056862 15.033780 1.000000e+37 1.000000e+37 0.000000
2107266 1346933 7555.771484 31732.257812 36627.203125 150.289200 141.885406 -141.396317 8.966566 1.000000e+37 1.000000e+37 0.000000
2118819 1360265 7519.624023 31690.441406 37378.695312 290.169434 77.992775 -205.549423 14.426145 1.000000e+37 1.000000e+37 0.000000
2118832 1360279 7235.687012 31344.632812 36852.898438 -12.385523 121.150269 -59.680294 10.927999 1.000000e+37 1.000000e+37 0.000000
2167222 1416776 7559.233887 32434.781250 37297.464844 249.576981 -84.280701 -236.882675 13.695832 1.000000e+37 1.000000e+37 0.000000
2169861 1419909 7946.165039 31674.492188 36947.902344 49.924969 29.025999 -51.614998 17.106737 1.000000e+37 1.000000e+37 0.000000
2179953 1431872 7713.317871 32533.156250 37868.207031 251.763412 -6.049601 -168.510941 18.598915 1.000000e+37 1.000000e+37 0.000000
2179954 1431873 7173.108887 32686.583984 38175.769531 77.249939 -60.825504 -73.122971 15.574676 1.000000e+37 1.000000e+37 0.000000
2179961 1431882 7102.883301 31491.832031 35933.457031 91.070602 53.183830 -95.188660 9.581992 1.000000e+37 1.000000e+37 0.000000
2182677 1435074 7582.437500 31549.289062 37051.019531 178.688553 171.038071 -152.739410 13.598792 1.000000e+37 1.000000e+37 0.000000
2182678 1435075 8636.596680 32089.095703 37171.277344 48.316887 41.338390 -27.458153 13.372638 1.000000e+37 1.000000e+37 0.000000
2206235 1462963 7522.489746 31635.652344 37477.074219 80.951111 28.414753 -218.731735 14.986395 1.000000e+37 1.000000e+37 0.000000
2206236 1462964 7373.065430 31950.056641 37365.125000 2.169411 -162.209930 -238.062195 6.438691 1.000000e+37 1.000000e+37 0.000000
2219641 1478845 7905.881836 30638.863281 37274.757812 61.517113 114.693787 -151.893234 14.551493 1.000000e+37 1.000000e+37 0.000000
2219643 1478847 6934.431641 31904.697266 37252.707031 131.764908 40.093559 -94.372185 15.390588 1.000000e+37 1.000000e+37 0.000000
2222585 1482377 7354.660156 31518.380859 37010.773438 61.950493 121.740112 75.280586 12.484478 1.000000e+37 1.000000e+37 0.000000
2222586 1482378 7858.996094 31836.708984 36797.687500 -22.309868 -17.571163 18.791090 14.939003 1.000000e+37 1.000000e+37 0.000000
2233720 1495578 7274.823242 31742.007812 36718.566406 150.247467 -74.870529 -48.047855 12.719394 1.000000e+37 1.000000e+37 0.000000
2233737 1495595 8188.801758 32146.427734 37315.195312 -0.080661 13.607411 -66.283173 14.265236 1.000000e+37 1.000000e+37 0.000000
2247874 1512406 7684.377441 31734.683594 36913.257812 61.707775 37.535580 -198.356522 14.543612 1.000000e+37 1.000000e+37 0.000000
2262187 1529644 7290.575684 32329.273438 37636.640625 137.271027 -48.539188 -26.730579 14.711768 1.000000e+37 1.000000e+37 0.000000
2262190 1529647 7708.744629 31634.406250 35883.179688 128.810471 -87.564270 -16.528139 13.562550 1.000000e+37 1.000000e+37 0.000000
2276757 1547423 8754.981445 32237.076172 37005.191406 -10.414865 60.913960 -2.658577 11.915545 1.000000e+37 1.000000e+37 0.000000
2279934 1551264 7324.245117 31769.583984 37430.226562 166.747162 166.289429 -14.890388 11.474504 1.000000e+37 1.000000e+37 0.000000
2279935 1551264 7296.153320 31782.208984 37430.664062 177.376038 50.175922 -187.833389 9.395499 1.000000e+37 1.000000e+37 0.000000
2279938 1551267 7493.280273 31996.240234 36975.585938 245.947998 19.963482 -149.589340 13.207793 1.000000e+37 1.000000e+37 0.000000
2291621 1565528 8041.004395 32640.962891 38068.527344 232.552994 -83.557480 -78.101799 14.467991 1.000000e+37 1.000000e+37 0.000000
2291626 1565533 7276.735352 32505.121094 37998.859375 242.285385 53.660397 -74.235786 12.545835 1.000000e+37 1.000000e+37 0.000000
2291640 1565547 7420.010742 30789.585938 36935.054688 56.414169 126.858704 -145.460815 11.497499 1.000000e+37 1.000000e+37 0.000000
2294845 1569467 7097.715332 31546.205078 37377.304688 91.380203 174.546234 -164.933670 11.748637 1.000000e+37 1.000000e+37 0.000000
2309941 1587980 6911.637207 31471.660156 37004.937500 213.393188 100.900772 -67.306145 12.269683 1.000000e+37 1.000000e+37 0.000000
2316428 1595818 8234.256836 32809.128906 37961.878906 201.383102 -17.861294 -139.488480 13.574849 1.000000e+37 1.000000e+37 0.000000
2322220 1602964 7407.701172 32031.107422 37930.863281 113.520111 101.053925 -228.280273 17.410835 -8.874427e+00 -9.444835e+00 0.000085
2341969 1627292 7267.480469 31787.599609 37445.699219 143.238907 71.192848 -205.615799 16.646294 1.000000e+37 1.000000e+37 0.000000
2341995 1627322 7225.535156 31631.140625 36007.695312 231.546265 -136.105728 -37.934319 15.045875 1.000000e+37 1.000000e+37 0.000000
2358025 1647193 7711.592773 32765.207031 37820.746094 249.139603 32.988232 -125.922989 14.941226 1.000000e+37 1.000000e+37 0.000000
2371277 1663680 7258.059082 32233.781250 37611.984375 176.531601 -96.173706 -62.181072 13.423100 1.000000e+37 1.000000e+37 0.000000
2371281 1663684 7801.485840 31852.691406 38290.472656 125.254440 118.986160 -159.671097 12.345817 1.000000e+37 1.000000e+37 0.000000
2392154 1689881 6917.565918 31573.898438 37125.925781 140.104462 87.872559 21.185482 11.250537 1.000000e+37 1.000000e+37 0.000000
2405974 1707359 7171.715820 31714.914062 36859.378906 184.002670 -60.871685 47.698032 13.583610 1.000000e+37 1.000000e+37 0.000000
2405990 1707375 8395.091797 32445.216797 37499.710938 10.563931 0.486309 -79.453979 12.334450 1.000000e+37 1.000000e+37 0.000000
2423935 1730180 7624.623535 31876.267578 37140.074219 83.221001 -181.912460 -67.803551 15.051274 1.000000e+37 1.000000e+37 0.000000
2423951 1730196 7127.253906 31283.787109 36785.835938 8.022915 116.353607 -73.964661 8.724149 1.000000e+37 1.000000e+37 0.000000
2427695 1734994 7618.221680 31612.734375 37020.308594 210.379440 79.337097 -221.233475 13.983393 1.000000e+37 1.000000e+37 0.000000
2442374 1753691 7582.034180 31594.513672 36878.964844 217.833679 118.742294 -220.146393 14.037579 1.000000e+37 1.000000e+37 0.000000
2442391 1753708 7803.984375 32207.775391 37676.843750 130.775604 123.612480 -289.058502 11.673564 1.000000e+37 1.000000e+37 0.000000
2442392 1753709 7278.363281 32291.375000 37496.472656 98.546867 -82.168755 -53.483772 11.899320 1.000000e+37 1.000000e+37 0.000000
2461214 1778113 7488.259277 32075.677734 37131.218750 145.851044 -186.401627 -35.169678 13.922916 1.000000e+37 1.000000e+37 0.000000
2461216 1778115 7406.670898 32217.365234 37485.042969 206.735306 81.983665 -175.521896 8.241210 1.000000e+37 1.000000e+37 0.000000
2461241 1778143 7817.144531 30705.384766 37870.238281 150.654312 125.521912 -146.144745 10.825552 1.000000e+37 1.000000e+37 0.000000
2465129 1783207 7037.622070 31802.255859 37446.984375 104.126175 40.290154 -55.824924 12.025490 1.000000e+37 1.000000e+37 0.000000
2480209 1803080 7390.476074 31761.097656 36514.691406 264.709747 13.695881 -26.801485 12.033462 1.000000e+37 1.000000e+37 0.000000
2480231 1803102 7863.838867 30645.419922 37452.007812 165.149704 122.543983 -154.942047 12.022923 1.000000e+37 1.000000e+37 0.000000
2484339 1808558 7204.136230 31812.509766 37297.589844 148.242477 159.847961 -106.104904 13.053315 1.000000e+37 1.000000e+37 0.000000
2499858 1829332 7595.443359 32428.955078 37854.789062 210.316010 -24.117729 -227.818939 11.151059 1.000000e+37 1.000000e+37 0.000000
2499889 1829365 7453.249512 31338.931641 36281.808594 215.657471 21.735710 -103.076492 13.713162 1.000000e+37 1.000000e+37 0.000000
2504150 1835151 8640.185547 31503.119141 36919.625000 16.006248 38.252789 -39.433475 10.412972 1.000000e+37 1.000000e+37 0.000000
2520110 1856990 7197.772949 32159.941406 37609.140625 129.307281 64.464272 -12.287032 12.732564 1.000000e+37 1.000000e+37 0.000000
2524403 1862936 6804.606934 31657.052734 36213.421875 128.773514 -63.439014 -34.451729 5.798868 1.000000e+37 1.000000e+37 0.000000
2540550 1885714 7654.447754 30726.615234 37188.687500 23.261976 91.538124 -111.587273 10.175634 1.000000e+37 1.000000e+37 0.000000
2540553 1885717 7374.608887 32573.384766 37497.621094 189.037643 -11.949599 -233.081268 13.758306 1.000000e+37 1.000000e+37 0.000000
2540556 1885720 7856.779297 31473.410156 38074.378906 251.596359 123.697975 -147.770554 11.113357 1.000000e+37 1.000000e+37 0.000000
2588154 1956739 6762.947266 32034.013672 36376.675781 206.279892 -108.839943 -37.634502 11.804576 1.000000e+37 1.000000e+37 0.000000
2605907 1985402 7416.169434 32791.218750 38102.972656 169.448288 55.620323 -181.027405 11.363274 1.000000e+37 1.000000e+37 0.000000
2605923 1985419 8257.516602 31796.335938 37015.484375 -16.492203 57.164932 -59.019573 11.839356 1.000000e+37 1.000000e+37 0.000000
2605925 1985421 7161.728027 32721.824219 37850.953125 214.344177 67.981560 -65.586411 11.246736 1.000000e+37 1.000000e+37 0.000000
2610593 1993070 7080.793945 31844.667969 37253.738281 156.575531 175.298965 -202.262512 13.490510 1.000000e+37 1.000000e+37 0.000000
2610620 1993131 7429.337891 31612.240234 36253.148438 158.117996 -122.878777 -9.949963 11.900375 1.000000e+37 1.000000e+37 0.000000
2620319 2009181 8019.689453 32102.835938 37318.882812 113.927277 -97.498291 -133.071655 11.001581 1.000000e+37 1.000000e+37 0.000000
2628884 2024482 7355.707031 31305.773438 37632.343750 39.758194 141.719360 -143.684021 11.815863 1.000000e+37 1.000000e+37 0.000000
2628885 2024483 8293.576172 32179.750000 37181.867188 11.493176 1.074857 -52.031002 12.785462 1.000000e+37 1.000000e+37 0.000000
2633744 2032814 7028.873535 31454.097656 37277.175781 190.658310 73.813080 -20.579596 14.389437 1.000000e+37 1.000000e+37 0.000000
2633771 2032896 6878.238281 32627.917969 36638.542969 186.051224 -76.713707 -10.650478 11.512728 1.000000e+37 1.000000e+37 0.000000
2633779 2032908 7432.582520 31673.263672 35860.496094 209.254883 -125.003441 -57.330009 11.100666 1.000000e+37 1.000000e+37 0.000000
2652407 2067167 7608.213867 32282.750000 37201.222656 94.022720 -131.771118 -125.968193 11.503958 1.000000e+37 1.000000e+37 0.000000
2676588 2114002 7751.181152 31897.078125 38377.828125 32.264778 96.793762 -127.864021 11.472064 1.000000e+37 1.000000e+37 0.000000
2676593 2114007 7478.070801 32213.523438 37119.250000 132.391693 -170.681015 -78.342064 10.474401 1.000000e+37 1.000000e+37 0.000000
2676594 2114008 7626.709473 32693.355469 37336.074219 121.379578 -65.522179 -168.260712 15.609632 1.000000e+37 1.000000e+37 0.000000
2681715 2124152 7117.262207 31646.830078 37373.875000 203.912460 107.323013 8.647102 12.701714 1.000000e+37 1.000000e+37 0.000000
2681718 2124155 7373.624023 31474.335938 36754.179688 -32.144920 60.185741 19.639860 9.101674 1.000000e+37 1.000000e+37 0.000000
2701330 2165350 7250.834961 32111.962891 37946.929688 152.074768 -124.435020 -127.706963 12.178138 1.000000e+37 1.000000e+37 0.000000
2701352 2165376 7426.255859 31173.021484 37073.589844 46.160652 161.575989 -148.711090 14.034056 1.000000e+37 1.000000e+37 0.000000
2701354 2165378 8215.482422 32016.810547 37305.746094 -0.865564 27.918064 -52.574909 10.629290 1.000000e+37 1.000000e+37 0.000000
2706634 2176426 8678.567383 32332.066406 37171.152344 16.368000 -61.748978 -62.119373 11.394606 1.000000e+37 1.000000e+37 0.000000
2732334 2232988 7534.245605 31701.191406 37149.632812 -91.191650 93.905991 -45.224903 8.866043 1.000000e+37 1.000000e+37 0.000000
2732335 2232989 7678.715332 31410.113281 36949.441406 -41.043644 85.884010 -49.268116 11.095679 1.000000e+37 1.000000e+37 0.000000
2753280 2281043 7737.910156 31551.580078 36082.890625 114.796822 -49.928970 -28.499250 13.528204 1.000000e+37 1.000000e+37 0.000000
2758767 2293557 6571.065918 31140.523438 36754.785156 112.323761 45.590393 -60.412228 13.429984 1.000000e+37 1.000000e+37 0.000000
2758769 2293559 6965.933594 31474.970703 37084.738281 129.944305 75.479836 40.360008 11.546960 1.000000e+37 1.000000e+37 0.000000
2780145 2344727 8197.253906 32285.476562 37920.101562 158.635040 -94.841667 -94.626480 12.550244 1.000000e+37 1.000000e+37 0.000000
2807994 2412668 7719.250000 31451.298828 36944.980469 169.291626 23.556915 -83.047729 11.352796 1.000000e+37 1.000000e+37 0.000000
2807997 2412671 7715.240234 31669.171875 36842.648438 119.837334 7.975953 -155.823471 12.755054 1.000000e+37 1.000000e+37 0.000000
2808024 2412700 7644.459961 31534.185547 37810.449219 123.250900 147.909561 -181.260193 9.856602 1.000000e+37 1.000000e+37 0.000000
2808027 2412704 7223.235352 32260.027344 37887.695312 203.402588 -45.938015 -69.381905 13.079440 1.000000e+37 1.000000e+37 0.000000
2808029 2412706 7507.502930 31504.583984 36209.699219 98.695190 -13.780981 -17.859713 11.630191 1.000000e+37 1.000000e+37 0.000000
2813966 2427034 7636.357422 31969.398438 36034.304688 27.586086 -52.361900 -0.946321 11.581333 1.000000e+37 1.000000e+37 0.000000
2814004 2427182 6975.639160 32562.074219 36087.449219 200.741013 -80.195145 -35.105251 11.437449 1.000000e+37 1.000000e+37 0.000000
2814012 2427190 7504.574219 31556.582031 35995.093750 177.524002 -47.752499 -20.192436 10.065762 1.000000e+37 1.000000e+37 0.000000
2826020 2455419 7007.701660 33194.773438 37414.035156 332.665863 2.665110 -61.399334 11.791089 1.000000e+37 1.000000e+37 0.000000
2836648 2483844 7719.259277 31573.943359 37234.128906 74.699211 184.599686 -173.419525 12.504050 1.000000e+37 1.000000e+37 0.000000
2836675 2483877 7289.377441 31006.046875 36397.437500 76.762703 -36.969669 -2.487806 9.120268 1.000000e+37 1.000000e+37 0.000000
2842795 2499130 7589.902344 32238.238281 37647.082031 304.917023 51.332825 -226.304520 10.888350 1.000000e+37 1.000000e+37 0.000000
2842796 2499131 7429.850586 31549.062500 37375.441406 307.796143 7.479144 -69.042328 8.105571 1.000000e+37 1.000000e+37 0.000000
2896802 2636592 7839.920898 31849.636719 37619.328125 126.938118 -58.264328 -129.950882 6.558467 1.000000e+37 1.000000e+37 0.000000
2896835 2636631 8633.333008 31510.054688 36870.601562 8.813581 41.367970 -64.028343 6.872077 1.000000e+37 1.000000e+37 0.000000
2896836 2636632 6921.606934 31866.878906 37548.808594 154.249878 -90.392670 -159.773422 13.601553 1.000000e+37 1.000000e+37 0.000000
2896843 2636639 7851.594238 31676.810547 37862.289062 163.617432 150.262527 -187.421005 11.775505 1.000000e+37 1.000000e+37 0.000000
2896845 2636641 8080.208008 32128.125000 36598.097656 166.255508 -80.817848 0.701286 10.921047 1.000000e+37 1.000000e+37 0.000000
2903324 2653048 7513.501953 31575.951172 37155.136719 104.750504 -23.328928 10.312267 11.466854 1.000000e+37 1.000000e+37 0.000000
2903350 2653169 7006.612793 31829.914062 37012.886719 190.376984 169.757919 -202.418839 9.211397 1.000000e+37 1.000000e+37 0.000000
2903351 2653170 7581.555176 31813.845703 37810.628906 23.030535 -105.515701 -83.980476 10.512323 1.000000e+37 1.000000e+37 0.000000
2928369 2717795 7264.376465 32072.591797 36744.621094 240.071777 141.373169 -181.820999 13.445365 1.000000e+37 1.000000e+37 0.000000
2928372 2717798 7482.971191 31026.689453 37476.597656 99.173813 153.572632 -160.905914 12.165370 1.000000e+37 1.000000e+37 0.000000
2928375 2717801 7366.554199 31043.330078 36580.269531 162.392960 -60.649940 -17.826279 15.057473 1.000000e+37 1.000000e+37 0.000000
2935063 2735011 7886.014160 31656.759766 36809.886719 71.216064 58.988823 11.220313 13.082517 1.000000e+37 1.000000e+37 0.000000
2960814 2802628 7770.987793 31855.064453 37347.324219 164.617966 -5.328551 -332.104980 11.574102 1.000000e+37 1.000000e+37 0.000000
2960847 2802671 7915.549316 31674.394531 37876.929688 95.492264 -42.317276 -99.561378 13.465521 1.000000e+37 1.000000e+37 0.000000
2994792 2891766 8258.069336 32700.494141 38017.171875 195.967239 -70.732819 -62.140919 10.354784 1.000000e+37 1.000000e+37 0.000000
2994795 2891770 7520.275391 32497.689453 37400.718750 169.786041 -105.648750 -162.506012 15.543477 1.000000e+37 1.000000e+37 0.000000
2994800 2891776 7625.074707 32400.064453 37183.660156 110.877884 -110.816910 -104.379829 12.076741 1.000000e+37 1.000000e+37 0.000000
2994832 2891811 7006.284668 31240.281250 36970.972656 68.755615 157.027740 -132.853806 10.378802 1.000000e+37 1.000000e+37 0.000000
2994833 2891812 7171.474121 30960.726562 36898.859375 38.687149 122.444366 -129.409698 11.026373 1.000000e+37 1.000000e+37 0.000000
3002074 2910973 7320.218750 31678.429688 37395.085938 148.994492 159.285004 -3.215163 10.003326 1.000000e+37 1.000000e+37 0.000000
3029698 2985362 7502.426270 31951.199219 36943.714844 304.174011 107.995949 -40.800220 11.629562 1.000000e+37 1.000000e+37 0.000000
3029702 2985366 7522.287109 31588.224609 36905.335938 136.577164 38.387657 11.166122 10.841457 1.000000e+37 1.000000e+37 0.000000
3029703 2985367 7160.255371 32248.078125 37597.628906 159.177811 -47.381310 -77.005524 12.769041 1.000000e+37 1.000000e+37 0.000000
3029733 2985401 7843.710449 31350.115234 37750.113281 16.680151 133.070435 -126.614388 9.014479 1.000000e+37 1.000000e+37 0.000000
3029737 2985407 7604.672852 31026.005859 36443.976562 113.965927 -21.851543 -46.197407 12.710688 1.000000e+37 1.000000e+37 0.000000
3029739 2985409 7751.958984 31135.691406 38247.535156 150.172607 126.519058 -136.337234 13.020313 1.000000e+37 1.000000e+37 0.000000
3029741 2985411 7851.974609 31361.412109 38178.132812 177.291077 133.552551 -156.496979 11.778701 1.000000e+37 1.000000e+37 0.000000
3029745 2985416 7861.729980 31338.666016 36345.535156 178.506821 133.275360 -156.051971 11.403050 1.000000e+37 1.000000e+37 0.000000
3037227 3005484 6807.339844 31584.343750 36286.699219 130.856644 -64.363335 -22.962008 7.862312 1.000000e+37 1.000000e+37 0.000000
3037229 3005486 7443.457031 31461.230469 37062.015625 183.038147 145.726196 -120.229744 14.383171 1.000000e+37 1.000000e+37 0.000000
3065905 3083360 7262.258789 31523.558594 37474.359375 78.290985 172.640564 -181.287872 9.256668 1.000000e+37 1.000000e+37 0.000000
3065907 3083363 7231.066406 31589.242188 37811.769531 62.754784 118.843552 -164.576981 9.398655 1.000000e+37 1.000000e+37 0.000000
3065911 3083368 7109.732910 31670.736328 36361.199219 118.718994 143.219452 -113.793900 10.882648 1.000000e+37 1.000000e+37 0.000000
3065912 3083369 7631.794434 31317.996094 37979.464844 147.672150 130.155029 -154.005722 10.509689 1.000000e+37 1.000000e+37 0.000000
3103029 3186007 8057.229492 31193.970703 38265.566406 38.078388 122.501938 -126.509186 11.286402 1.000000e+37 1.000000e+37 0.000000
3103030 3186010 7344.292480 32025.878906 36664.238281 294.953644 128.717880 -173.251450 10.420969 1.000000e+37 1.000000e+37 0.000000
3103032 3186012 7435.066895 30729.275391 36637.183594 2.073367 64.603149 -97.025383 11.040076 1.000000e+37 1.000000e+37 0.000000
3103042 3186026 8302.966797 32441.568359 37865.031250 171.371857 -75.463432 -94.414810 12.106304 1.000000e+37 1.000000e+37 0.000000
3103043 3186027 7175.954590 31342.576172 37455.035156 114.283783 54.334503 -25.526127 11.345892 1.000000e+37 1.000000e+37 0.000000
3110995 3208370 7362.400391 31582.990234 37461.417969 252.847488 104.070686 -141.747665 10.633709 1.000000e+37 1.000000e+37 0.000000
3141580 3293996 7619.323730 31956.095703 36947.113281 138.053162 -15.381598 61.348511 10.877166 1.000000e+37 1.000000e+37 0.000000
3141581 3293998 7751.044922 32272.814453 37785.191406 138.776932 -149.185837 -154.379669 11.029283 1.000000e+37 1.000000e+37 0.000000
3141582 3293999 7318.799316 31552.449219 37597.066406 235.082245 -39.272804 -198.108353 11.854815 1.000000e+37 1.000000e+37 0.000000
3141629 3294054 7400.098145 32310.078125 37313.230469 30.863678 -79.731834 -134.161743 8.588884 1.000000e+37 1.000000e+37 0.000000
3141630 3294055 7498.361328 30968.208984 37276.203125 86.829582 151.382507 -160.160950 8.651443 1.000000e+37 1.000000e+37 0.000000
3141632 3294057 7528.214355 31028.017578 37539.992188 23.556871 114.474098 -121.453728 9.946223 1.000000e+37 1.000000e+37 0.000000
3141633 3294058 8254.158203 31909.544922 37201.011719 -22.309229 59.915939 -77.096382 12.657394 1.000000e+37 1.000000e+37 0.000000
3141638 3294064 7123.736328 31772.363281 36770.992188 152.221085 239.437988 -98.474968 11.170859 1.000000e+37 1.000000e+37 0.000000
3141640 3294066 7182.444824 31018.080078 36500.734375 85.953934 152.408569 -183.754486 10.289215 1.000000e+37 1.000000e+37 0.000000
3141643 3294069 7816.474609 31943.841797 37750.636719 145.521957 170.567886 -237.884689 11.969960 1.000000e+37 1.000000e+37 0.000000
3181427 3407212 7164.572754 31757.115234 37800.992188 188.831863 -122.564171 -156.336136 13.077170 1.000000e+37 1.000000e+37 0.000000
3181470 3407273 7629.475586 32754.166016 37915.941406 252.488937 53.216602 -115.739815 12.523553 1.000000e+37 1.000000e+37 0.000000
3189894 3431744 7674.864746 31794.595703 37075.652344 167.030594 -8.278005 -56.035191 10.719151 1.000000e+37 1.000000e+37 0.000000
3189899 3431752 7930.177246 31764.882812 37028.117188 144.567078 188.822479 -156.191971 11.646811 1.000000e+37 1.000000e+37 0.000000
3189942 3431927 7021.884277 32149.082031 35961.519531 84.451790 -86.833542 -4.775000 11.223652 1.000000e+37 1.000000e+37 0.000000
3222572 3526223 7343.902344 31936.187500 37638.308594 86.465698 172.316956 -243.151825 9.503087 1.000000e+37 1.000000e+37 0.000000
3222629 3526302 7437.180664 30748.283203 36952.539062 52.004200 127.580620 -148.905304 11.078012 1.000000e+37 1.000000e+37 0.000000
3231533 3552722 6943.049316 32281.824219 36030.246094 203.095123 -100.907555 -35.789745 6.188401 1.000000e+37 1.000000e+37 0.000000
3265563 3652605 7617.635254 31055.753906 37422.105469 34.765450 134.613647 -144.065460 10.422832 1.000000e+37 1.000000e+37 0.000000
3265568 3652611 7724.125000 31142.843750 38263.281250 149.556778 149.764069 -129.853836 7.535476 1.000000e+37 1.000000e+37 0.000000
3265572 3652619 8170.752441 32323.494141 37647.390625 148.085739 -123.542206 -33.301613 11.477223 1.000000e+37 1.000000e+37 0.000000
3265573 3652620 8117.498535 32273.138672 36976.906250 164.184204 -84.970551 15.669954 11.249928 1.000000e+37 1.000000e+37 0.000000
3274820 3680171 6967.226074 31303.322266 37162.753906 172.955032 65.445938 -6.022143 11.002256 1.000000e+37 1.000000e+37 0.000000
3274885 3680439 7484.929688 32537.128906 36762.601562 204.303741 -92.542252 21.183130 10.263198 1.000000e+37 1.000000e+37 0.000000
3274888 3680445 7491.726562 31669.373047 35929.085938 145.606155 -56.185368 -73.495834 14.489198 1.000000e+37 1.000000e+37 0.000000
3310339 3785526 7613.557129 32258.105469 37743.652344 219.271942 -111.310051 -228.213226 9.825871 1.000000e+37 1.000000e+37 0.000000
3310383 3785582 7808.706543 31280.462891 38127.699219 127.501328 149.713501 -151.260773 9.300674 1.000000e+37 1.000000e+37 0.000000
3310384 3785583 7417.742188 31051.076172 37493.906250 36.131382 126.538216 -127.930412 10.029643 1.000000e+37 1.000000e+37 0.000000
3310392 3785592 7417.697266 31871.804688 36405.148438 195.298264 78.444435 -38.276409 10.162070 1.000000e+37 1.000000e+37 0.000000
3319883 3814825 8443.324219 32161.761719 37174.796875 4.413606 57.093513 -32.115730 11.300733 1.000000e+37 1.000000e+37 0.000000
3356871 3926356 7647.246582 32024.552734 37778.191406 145.508011 116.872360 -60.338272 10.036752 1.000000e+37 1.000000e+37 0.000000
3356923 3926423 8193.757812 31419.406250 36967.335938 -10.521161 53.064022 -51.294308 10.220372 1.000000e+37 1.000000e+37 0.000000
3356935 3926442 7348.877441 30892.867188 38172.835938 257.183319 98.231468 -126.377838 11.142158 1.000000e+37 1.000000e+37 0.000000
3366751 3957393 7678.009766 32328.154297 37613.421875 220.929672 -208.302017 -42.295280 6.585621 1.000000e+37 1.000000e+37 0.000000
3366752 3957394 7294.326660 31692.380859 37387.097656 241.713242 107.227699 -42.258892 12.215297 1.000000e+37 1.000000e+37 0.000000
3366753 3957395 6943.001465 31315.068359 36739.929688 72.000305 -4.944073 19.781715 6.808139 1.000000e+37 1.000000e+37 0.000000
3366761 3957409 7958.725098 31659.101562 37148.386719 -38.846443 63.400585 -32.384739 11.624075 1.000000e+37 1.000000e+37 0.000000
3405165 4075780 7961.465820 32615.111328 37980.433594 228.807144 -91.066971 -82.501526 8.305815 1.000000e+37 1.000000e+37 0.000000
3405166 4075781 8060.169922 32474.531250 37638.703125 180.854965 -129.788269 -16.087624 11.631365 1.000000e+37 1.000000e+37 0.000000
3405173 4075788 7642.430664 32340.089844 37712.734375 127.106117 65.599220 -282.129364 10.700825 1.000000e+37 1.000000e+37 0.000000
3405175 4075790 7694.218262 32399.369141 37221.425781 52.167999 -35.404728 -216.567856 9.977867 1.000000e+37 1.000000e+37 0.000000
3405215 4075851 7381.134277 32616.447266 37783.523438 196.418076 38.429195 -214.011444 12.089474 1.000000e+37 1.000000e+37 0.000000
3415510 4108758 7297.198730 31170.353516 36211.140625 227.166656 17.208628 -140.931107 9.564008 1.000000e+37 1.000000e+37 0.000000
3415511 4108759 7100.496582 31679.732422 37251.261719 139.936646 195.439972 -198.860153 9.943409 1.000000e+37 1.000000e+37 0.000000
3415512 4108760 6979.549805 31310.552734 36676.925781 60.470123 -15.797983 23.061966 7.556586 1.000000e+37 1.000000e+37 0.000000
3415516 4108767 6545.402344 31137.167969 36594.164062 97.369308 67.802048 -98.579056 9.663012 1.000000e+37 1.000000e+37 0.000000
3415517 4108768 7376.702637 31421.757812 36906.890625 -37.835896 122.969292 -45.498142 9.789023 1.000000e+37 1.000000e+37 0.000000
3455301 4233911 7709.759277 31741.613281 36995.906250 175.626633 92.169579 -24.484634 9.151473 1.000000e+37 1.000000e+37 0.000000
3455309 4233922 7183.671387 32241.396484 38017.007812 138.123825 -106.048080 -110.003914 9.857564 1.000000e+37 1.000000e+37 0.000000
3455310 4233923 7399.387695 32759.181641 38123.464844 234.391449 51.005383 -77.398300 7.523801 1.000000e+37 1.000000e+37 0.000000
3455347 4233971 7616.221191 31836.626953 38318.839844 75.607048 105.867447 -143.932007 11.947160 1.000000e+37 1.000000e+37 0.000000
3455349 4233977 7720.122070 31420.500000 38325.335938 29.740238 146.003494 -116.291603 10.996667 1.000000e+37 1.000000e+37 0.000000
3455360 4233990 7983.118652 31140.361328 38027.972656 157.030090 143.940857 -139.301041 6.064536 1.000000e+37 1.000000e+37 0.000000
3455363 4233994 8106.611816 31196.966797 36196.750000 132.707779 40.745094 -82.628769 9.381096 1.000000e+37 1.000000e+37 0.000000
3466197 4269192 6745.082031 32008.986328 36401.976562 197.994232 -105.232079 -37.667809 8.877159 1.000000e+37 1.000000e+37 0.000000
3507458 4401701 7650.931152 32275.623047 37210.593750 62.423203 -114.960747 -147.084061 10.500302 1.000000e+37 1.000000e+37 0.000000
3507463 4401708 7669.618652 32291.382812 37865.945312 178.505371 -156.206940 -103.305656 12.996170 1.000000e+37 1.000000e+37 0.000000
3507468 4401714 7269.124512 32606.515625 37981.316406 106.491264 -77.280128 -104.032509 8.362559 1.000000e+37 1.000000e+37 0.000000
3507526 4401790 7432.320801 31936.289062 36423.437500 206.711227 53.884808 -34.130123 12.885883 1.000000e+37 1.000000e+37 0.000000
3507531 4401799 7895.684570 30782.722656 37490.750000 177.747223 129.168472 -154.894073 9.729948 1.000000e+37 1.000000e+37 0.000000
3561606 4580759 8006.108398 31820.257812 37832.015625 205.435913 147.759888 -187.949371 9.045024 1.000000e+37 1.000000e+37 0.000000
3573165 4620309 7537.131836 31652.986328 37671.703125 156.077911 166.685760 -28.947248 10.845674 1.000000e+37 1.000000e+37 0.000000
3618354 4770885 7276.609375 31737.978516 37484.738281 92.940071 187.391174 -205.580963 10.946098 1.000000e+37 1.000000e+37 0.000000
3618355 4770887 7680.104492 31760.451172 36059.347656 138.449738 -91.165817 -43.986301 11.452395 1.000000e+37 1.000000e+37 0.000000
3618426 4770994 7693.668457 30536.068359 37067.222656 50.210007 104.365463 -136.478333 9.967694 1.000000e+37 1.000000e+37 0.000000
3618442 4771020 7701.001953 31106.423828 36189.136719 66.642021 45.255566 -86.365784 9.758289 1.000000e+37 1.000000e+37 0.000000
3630721 4814010 6724.491699 32790.363281 36664.511719 172.953751 -62.046043 -15.463271 9.064250 1.000000e+37 1.000000e+37 0.000000
3677733 4974822 7565.306152 31331.060547 38065.773438 52.467278 124.422020 -122.222496 9.643589 1.000000e+37 1.000000e+37 0.000000
3677745 4974842 8099.703125 32115.835938 37866.820312 123.973183 -101.113327 -111.428711 10.053519 1.000000e+37 1.000000e+37 0.000000
3677746 4974844 7232.690430 31067.068359 36654.144531 121.174088 -10.209871 -39.062233 14.213167 1.000000e+37 1.000000e+37 0.000000
3690282 5019957 6866.341797 31437.554688 37103.250000 152.278931 77.013535 -6.836230 9.118641 1.000000e+37 1.000000e+37 0.000000
3690288 5019969 7039.109863 31294.021484 36543.894531 29.595703 -25.375788 12.610515 8.716690 1.000000e+37 1.000000e+37 0.000000
3690289 5019970 8818.407227 32187.859375 37174.386719 -34.584244 18.586760 -51.205837 10.871302 1.000000e+37 1.000000e+37 0.000000
3716321 5104980 8042.938965 32380.525391 37473.425781 150.904709 46.505611 -147.412613 7.064694 1.000000e+37 1.000000e+37 0.000000
3739549 5192323 7577.566895 31628.234375 36697.261719 118.636581 139.125351 -172.479584 9.474311 1.000000e+37 1.000000e+37 0.000000
3739603 5192402 7113.339844 31507.214844 37406.230469 75.312843 169.938507 -163.885880 8.510968 1.000000e+37 1.000000e+37 0.000000
3739607 5192407 7692.339844 32298.474609 37156.816406 246.228012 -148.776688 -184.169312 10.932294 1.000000e+37 1.000000e+37 0.000000
3739608 5192408 7082.523926 31291.343750 36052.882812 152.792084 115.248260 -203.046844 9.536888 1.000000e+37 1.000000e+37 0.000000
3739609 5192409 7571.120605 30651.837891 36714.492188 115.319588 122.750900 -178.547531 9.356626 1.000000e+37 1.000000e+37 0.000000
3739610 5192411 7383.242676 32049.896484 36419.609375 209.305115 32.619717 -42.267952 10.918724 1.000000e+37 1.000000e+37 0.000000
3739619 5192429 8060.522461 32234.964844 38091.312500 210.661163 107.437447 -187.155014 8.148960 1.000000e+37 1.000000e+37 0.000000
3752816 5241064 7610.312500 31989.052734 37135.695312 76.159874 15.403850 -226.535995 7.180813 1.000000e+37 1.000000e+37 0.000000
3752824 5241085 6962.186035 31687.109375 36994.964844 86.618095 181.584290 -66.213257 8.898130 1.000000e+37 1.000000e+37 0.000000
3804442 5425338 7250.446777 32634.105469 38182.394531 102.120377 -95.185326 -56.824993 7.947634 1.000000e+37 1.000000e+37 0.000000
3804491 5425420 7825.372559 30899.531250 37449.824219 41.681019 121.406075 -148.371201 10.178009 1.000000e+37 1.000000e+37 0.000000
3804503 5425438 7553.430176 32548.263672 38238.566406 213.564941 10.692684 -173.691635 10.434629 1.000000e+37 1.000000e+37 0.000000
3804511 5425456 8087.624512 31840.001953 36253.820312 214.081116 -46.072277 -36.604237 10.238125 1.000000e+37 1.000000e+37 0.000000
3818699 5478549 7643.846680 32182.507812 36428.351562 33.220409 -57.647102 17.725071 8.663173 1.000000e+37 1.000000e+37 0.000000
3872614 5676524 7218.760742 32498.191406 37868.679688 253.655701 59.076237 -97.729202 8.793601 1.000000e+37 1.000000e+37 0.000000
3872617 5676527 7469.475586 32293.599609 37778.828125 42.439018 -33.403934 -179.739624 10.956545 1.000000e+37 1.000000e+37 0.000000
3872676 5676617 7643.953125 31008.423828 37422.226562 37.116692 133.805359 -145.259583 9.850634 1.000000e+37 1.000000e+37 0.000000
3872677 5676622 7038.143066 31817.449219 36678.312500 247.452042 111.000504 -73.437759 9.214169 1.000000e+37 1.000000e+37 0.000000
3872684 5676636 7292.566895 31618.060547 36337.683594 234.368835 76.931084 -98.969620 7.140393 1.000000e+37 1.000000e+37 0.000000
3887229 5733094 7758.647949 31638.498047 37202.500000 239.030380 95.275963 -115.842476 10.418840 1.000000e+37 1.000000e+37 0.000000
3944334 5946092 8063.140137 32578.185547 37878.062500 231.629166 -81.370216 -114.352966 8.705254 1.000000e+37 1.000000e+37 0.000000
3944335 5946093 7532.121094 31676.109375 35864.636719 110.943398 -115.780098 -71.155067 9.098453 1.000000e+37 1.000000e+37 0.000000
3944357 5946131 7276.947266 32077.609375 37561.675781 43.268459 116.198616 -8.033446 7.251070 1.000000e+37 1.000000e+37 0.000000
3944417 5946216 7843.718750 31313.050781 37771.785156 9.069905 131.612000 -124.115036 7.526515 1.000000e+37 1.000000e+37 0.000000
3944418 5946221 7956.057617 31135.378906 38170.109375 11.762317 77.122459 -92.741486 8.064431 1.000000e+37 1.000000e+37 0.000000
3944420 5946223 7168.577148 31819.837891 36866.500000 143.095276 -44.488701 65.151802 9.637735 1.000000e+37 1.000000e+37 0.000000
3944430 5946238 7588.752441 30625.410156 37674.531250 89.938057 120.608864 -147.755539 9.390419 1.000000e+37 1.000000e+37 0.000000
3944437 5946251 7934.445312 30955.492188 37715.839844 165.320221 137.291824 -150.802353 10.878258 1.000000e+37 1.000000e+37 0.000000
3959694 6007441 7397.074707 31608.042969 36708.050781 -28.663380 -0.080250 62.420795 8.639763 1.000000e+37 1.000000e+37 0.000000
3959695 6007442 6903.583496 31577.183594 37168.308594 162.706879 92.216118 3.069587 6.602965 1.000000e+37 1.000000e+37 0.000000
3959786 6007943 6567.587402 32249.246094 36492.625000 175.586975 -75.662277 -38.160717 8.749494 1.000000e+37 1.000000e+37 0.000000
4019637 6237704 7920.799805 32844.476562 38100.519531 237.562546 -69.646889 -64.198715 6.441263 1.000000e+37 1.000000e+37 0.000000
4019642 6237718 7912.636719 32434.654297 37503.746094 141.599442 41.613033 -171.735077 8.451122 1.000000e+37 1.000000e+37 0.000000
4019655 6237738 7146.604004 31901.353516 37807.136719 178.187378 -131.724075 -151.271072 10.951020 1.000000e+37 1.000000e+37 0.000000
4019725 6237852 8091.901855 31730.990234 37103.175781 -25.830976 58.499119 -38.755173 12.758160 1.000000e+37 1.000000e+37 0.000000
4019735 6237866 7197.034668 31795.408203 36369.937500 197.999405 55.606071 -35.789997 11.408631 1.000000e+37 1.000000e+37 0.000000
4019739 6237874 7833.380859 32178.677734 37848.515625 159.491898 127.327866 -245.749802 10.209871 1.000000e+37 1.000000e+37 0.000000
4019745 6237885 8226.818359 32564.912109 37991.605469 192.454544 -76.340019 -79.524521 9.709001 1.000000e+37 1.000000e+37 0.000000
4019747 6237887 7443.847656 32355.318359 37436.472656 255.402603 -51.645382 -192.661743 10.112406 1.000000e+37 1.000000e+37 0.000000
4019748 6237888 7242.152832 30987.681641 36599.765625 154.754944 0.227154 -75.412766 11.899623 1.000000e+37 1.000000e+37 0.000000
4036040 6304415 6991.382324 31894.714844 36020.839844 227.708282 -114.226601 -29.092979 8.612685 1.000000e+37 1.000000e+37 0.000000
4098551 6552558 7763.792969 31517.341797 36872.156250 83.376274 195.692993 -136.836426 10.164774 1.000000e+37 1.000000e+37 0.000000
4098637 6552699 7255.613770 32155.398438 36516.222656 232.933655 125.638046 -202.053299 10.857437 1.000000e+37 1.000000e+37 0.000000
4098650 6552717 7229.129883 31360.066406 36118.789062 80.238907 142.515915 -181.879654 10.281869 1.000000e+37 1.000000e+37 0.000000
4098658 6552734 7780.493652 30741.882812 37843.402344 196.261459 119.437416 -144.866013 11.593528 1.000000e+37 1.000000e+37 0.000000
4115840 6625259 7327.153809 31492.505859 35903.175781 60.324173 86.458961 -112.025444 10.161613 1.000000e+37 1.000000e+37 0.000000
4150467 6758136 7266.782715 31190.615234 36663.410156 90.674896 6.720393 -8.089472 10.745222 1.000000e+37 1.000000e+37 0.000000
4181454 6895625 7480.335449 32836.832031 36950.589844 184.875137 -124.749458 -4.625439 9.914372 1.000000e+37 1.000000e+37 0.000000
4181455 6895626 7877.744629 31939.511719 37887.585938 94.248245 -139.635254 -52.814941 12.525404 1.000000e+37 1.000000e+37 0.000000
4181464 6895639 7567.533691 32454.990234 37927.078125 220.417130 -80.394569 -161.990738 10.340286 1.000000e+37 1.000000e+37 0.000000
4181466 6895643 7897.376953 32397.839844 37467.257812 98.640244 49.504486 -262.884430 8.576714 1.000000e+37 1.000000e+37 0.000000
4181474 6895656 7877.980957 32377.250000 37432.066406 93.143440 56.867073 -266.758759 8.863636 1.000000e+37 1.000000e+37 0.000000
4181555 6895790 7120.023438 31956.628906 36914.757812 226.892548 186.350235 -167.962097 8.912838 1.000000e+37 1.000000e+37 0.000000
4181556 6895795 6773.262207 31223.960938 36499.378906 117.849655 124.293571 -160.898224 7.793552 1.000000e+37 1.000000e+37 0.000000
4181557 6895796 8501.248047 31651.267578 36927.011719 9.840809 49.550480 -65.314720 7.888147 1.000000e+37 1.000000e+37 0.000000
4181559 6895800 7138.519043 32081.957031 37899.074219 111.643784 60.754559 -211.760040 12.066466 1.000000e+37 1.000000e+37 0.000000
4181568 6895815 7420.677246 31179.636719 36148.117188 191.280838 2.473340 -133.066681 8.147049 1.000000e+37 1.000000e+37 0.000000
4181569 6895816 7481.844238 31437.068359 37071.429688 143.111053 68.386757 86.461258 12.114124 1.000000e+37 1.000000e+37 0.000000
4181575 6895831 7811.632812 32969.871094 37654.937500 152.390884 35.262466 -183.213745 8.116513 1.000000e+37 1.000000e+37 0.000000
4181578 6895835 7695.430664 31502.269531 37714.097656 126.739883 116.840263 -25.202780 13.326789 1.000000e+37 1.000000e+37 0.000000
4181582 6895840 8035.735840 32093.695312 36209.230469 176.067810 -72.621826 -25.745979 8.726069 1.000000e+37 1.000000e+37 0.000000
4267219 7268937 6919.994629 31691.820312 36594.042969 227.501678 114.300461 -132.781540 12.134604 1.000000e+37 1.000000e+37 0.000000
4267220 7268939 7694.138672 31333.316406 38388.437500 256.191620 107.509888 -124.824799 11.129012 1.000000e+37 1.000000e+37 0.000000
4267225 7268946 7990.820801 32265.175781 37431.468750 175.121964 -75.840446 -50.588200 9.518577 1.000000e+37 1.000000e+37 0.000000
4267226 7268949 7728.451172 31577.398438 36875.183594 259.322083 0.319015 -26.918409 12.635038 1.000000e+37 1.000000e+37 0.000000
4267234 7268971 8234.870117 32072.357422 37719.667969 197.055710 -126.716171 -65.937592 9.269670 1.000000e+37 1.000000e+37 0.000000
4323152 7512410 6687.995117 31317.701172 37585.828125 326.245514 51.128834 -120.233704 9.076906 1.000000e+37 1.000000e+37 0.000000
4357071 7675717 7535.143066 32310.947266 37635.480469 222.084915 -57.315414 -204.081802 5.868179 1.000000e+37 1.000000e+37 0.000000
4357150 7675872 7265.576172 31952.105469 36710.519531 246.985626 163.841370 -49.622784 11.112947 1.000000e+37 1.000000e+37 0.000000
4357152 7675875 7851.192383 31648.097656 38192.269531 21.278376 89.679802 -113.009468 9.167530 1.000000e+37 1.000000e+37 0.000000
4357153 7675876 7932.520996 31346.421875 38026.835938 163.001999 132.996613 -161.246262 6.544490 1.000000e+37 1.000000e+37 0.000000
4357158 7675890 7666.817871 31189.574219 36876.089844 -24.582117 72.858757 -66.577988 6.207763 1.000000e+37 1.000000e+37 0.000000
4357159 7675892 7078.963379 32066.851562 37577.820312 96.521935 149.009567 -213.172485 8.796022 1.000000e+37 1.000000e+37 0.000000
4357167 7675909 7356.641113 31270.376953 36228.523438 171.605469 -12.597799 -52.658783 12.153071 1.000000e+37 1.000000e+37 0.000000
4357175 7675936 8120.058594 32715.193359 38125.300781 300.592865 29.240656 -140.261810 8.585502 1.000000e+37 1.000000e+37 0.000000
