#subID	 subGroupNr x	 y	 z	 vx	 yv	 yz	 vmax	 B_MAG V_MAG M_star
#subID	 groupID	 kpc/h	 kpc/h	 kpc/h	 km/s	 km/s	 km/s	 km/s	 mags mags 10^10Msun/h
467224 3012 62320.796875 9418.538086 18887.841797 13.066563 157.709290 220.611679 160.233459 -2.075749e+01 -2.115581e+01 1.469479
467225 3012 62374.207031 9391.662109 18929.238281 -45.983742 266.401917 270.109406 45.074924 -1.404134e+01 -1.471897e+01 0.007446
467226 3012 62364.613281 9384.668945 18861.230469 -83.649658 232.796310 64.710800 41.191410 -1.202002e+01 -1.260769e+01 0.000831
467227 3012 62486.722656 9363.162109 18845.203125 31.853575 82.201149 248.117279 30.922226 -1.060878e+01 -1.119972e+01 0.000351
467228 3012 62376.746094 9398.955078 18835.490234 -42.562340 210.704376 235.703339 24.879192 -1.312698e+01 -1.381966e+01 0.003134
467229 3012 62316.792969 9382.250000 18802.679688 97.550285 141.558929 368.583008 23.237724 1.000000e+37 1.000000e+37 0.000000
467230 3012 62358.222656 9498.576172 18974.812500 -82.454308 198.802460 251.227463 16.205427 1.000000e+37 1.000000e+37 0.000000
467231 3012 62296.492188 9414.954102 18980.078125 9.622237 37.892025 338.652039 11.252043 1.000000e+37 1.000000e+37 0.000000
467232 3012 62262.894531 9398.692383 18829.810547 124.403984 166.674240 198.661575 10.914392 1.000000e+37 1.000000e+37 0.000000
467233 3012 62345.878906 9504.294922 18873.953125 -144.467636 89.834068 185.965164 9.136744 1.000000e+37 1.000000e+37 0.000000
467234 3012 62254.675781 9517.277344 18861.677734 142.167542 186.576859 156.710495 11.506832 1.000000e+37 1.000000e+37 0.000000
467235 3012 62395.578125 9454.706055 18765.410156 -72.370880 223.058105 340.631134 9.145840 1.000000e+37 1.000000e+37 0.000000
467236 3012 62351.570312 9295.753906 18893.441406 19.166380 116.082649 292.057526 11.142755 1.000000e+37 1.000000e+37 0.000000
467237 3012 62412.914062 9389.182617 18862.632812 112.976830 279.098267 144.476990 8.877750 1.000000e+37 1.000000e+37 0.000000
467238 3012 62373.566406 9407.276367 18938.507812 -6.101688 303.493103 183.124359 13.020121 1.000000e+37 1.000000e+37 0.000000
467239 3012 62328.214844 9311.424805 18883.369141 60.171486 228.739777 154.577774 10.030157 1.000000e+37 1.000000e+37 0.000000
467240 3012 62405.691406 9425.901367 18856.894531 43.001160 276.152069 272.054901 9.777491 1.000000e+37 1.000000e+37 0.000000
467241 3012 62292.105469 9408.531250 18984.978516 143.356964 65.682571 199.706406 11.071240 1.000000e+37 1.000000e+37 0.000000
467242 3012 62281.222656 9475.997070 19008.982422 -63.995941 84.139091 128.053116 5.421158 1.000000e+37 1.000000e+37 0.000000
488883 4166 61875.074219 8656.042969 18900.160156 53.302887 203.144073 212.879852 145.108627 -2.034262e+01 -2.080861e+01 1.258339
488884 4166 61909.339844 8638.693359 18906.158203 115.506516 271.053680 359.529694 31.955622 -1.147511e+01 -1.205591e+01 0.000563
488885 4166 61845.230469 8725.143555 18864.894531 1.241759 297.028412 303.201630 21.152952 1.000000e+37 1.000000e+37 0.000000
488886 4166 61890.304688 8608.771484 18781.439453 -62.422417 185.600876 245.704926 14.986823 1.000000e+37 1.000000e+37 0.000000
488887 4166 61877.804688 8628.923828 18814.222656 139.899811 194.130402 275.148773 20.811472 1.000000e+37 1.000000e+37 0.000000
488888 4166 61911.921875 8623.634766 18803.939453 -66.571083 139.404388 234.104416 14.907642 1.000000e+37 1.000000e+37 0.000000
488889 4166 61899.625000 8735.724609 18810.769531 47.429195 192.436050 306.224670 16.522829 1.000000e+37 1.000000e+37 0.000000
488890 4166 61908.675781 8680.372070 18805.078125 37.588684 155.515305 350.120392 11.406628 1.000000e+37 1.000000e+37 0.000000
488891 4166 61967.816406 8625.175781 18983.005859 44.235973 196.540970 245.898682 7.974024 1.000000e+37 1.000000e+37 0.000000
488892 4166 61916.867188 8696.529297 18957.333984 142.452179 160.445068 134.227890 11.533430 1.000000e+37 1.000000e+37 0.000000
488893 4166 61845.992188 8596.980469 18893.449219 82.494827 169.814438 372.240601 12.944142 1.000000e+37 1.000000e+37 0.000000
488894 4166 61823.835938 8612.403320 18804.730469 -46.987888 206.630661 274.707916 9.105742 1.000000e+37 1.000000e+37 0.000000
488895 4166 61794.335938 8638.893555 18855.662109 141.038300 257.077423 193.634171 11.344960 1.000000e+37 1.000000e+37 0.000000
488896 4166 61974.648438 8699.376953 18874.464844 120.544914 265.970184 147.438904 7.015649 1.000000e+37 1.000000e+37 0.000000
488897 4166 61867.941406 8586.085938 18812.365234 -6.445430 170.654373 240.971542 12.926053 1.000000e+37 1.000000e+37 0.000000
531097 7697 62614.523438 8311.836914 19700.390625 2.163301 215.525635 214.622025 111.487450 -1.927595e+01 -1.972768e+01 0.437230
531098 7697 62606.968750 8288.755859 19701.595703 0.337993 285.771606 242.705704 16.394154 1.000000e+37 1.000000e+37 0.000000
531099 7697 62646.734375 8432.372070 19758.910156 -16.603334 208.260223 208.510757 15.925374 1.000000e+37 1.000000e+37 0.000000
531100 7697 62634.496094 8353.570312 19715.380859 22.036373 96.143745 232.261765 15.945368 1.000000e+37 1.000000e+37 0.000000
531101 7697 62627.183594 8309.126953 19653.439453 -58.213245 190.365921 185.265427 16.605886 -8.164493e+00 -8.728951e+00 0.000041
531102 7697 62555.152344 8260.873047 19644.802734 -27.429213 299.312805 180.139603 9.923854 1.000000e+37 1.000000e+37 0.000000
539008 8616 62175.488281 9232.067383 19812.542969 75.778008 176.189438 160.067841 109.319313 -1.879118e+01 -1.927092e+01 0.343851
547902 9768 62130.382812 9259.100586 19449.974609 139.472977 128.622849 215.431595 74.253975 -1.718058e+01 -1.762762e+01 0.050989
547903 9768 62196.531250 9247.067383 19503.283203 76.138176 128.271591 157.707932 73.462715 -1.690763e+01 -1.732801e+01 0.041731
547904 9768 62125.722656 9239.236328 19502.197266 111.232094 154.459259 192.312912 49.159290 -1.440006e+01 -1.477112e+01 0.003129
547905 9768 62240.175781 9197.041992 19554.716797 41.308422 231.983902 190.062988 33.924576 -1.012703e+01 -1.069067e+01 0.000207
547906 9768 62095.886719 9266.002930 19512.351562 161.232773 126.756783 176.833740 34.987869 -1.272839e+01 -1.280649e+01 0.000207
547907 9768 62130.648438 9185.133789 19439.701172 162.558975 121.727257 144.142227 16.776663 1.000000e+37 1.000000e+37 0.000000
547908 9768 62270.851562 9262.086914 19583.062500 21.868189 200.667618 183.547012 12.129434 1.000000e+37 1.000000e+37 0.000000
547909 9768 62266.039062 9210.506836 19549.503906 71.740646 119.292793 247.717499 14.768551 1.000000e+37 1.000000e+37 0.000000
547910 9768 62083.058594 9280.101562 19572.539062 129.749557 100.685707 207.759506 12.316035 1.000000e+37 1.000000e+37 0.000000
547911 9768 62241.562500 9213.863281 19514.722656 119.102776 90.635345 231.552704 8.515970 1.000000e+37 1.000000e+37 0.000000
547912 9768 62117.453125 9200.688477 19501.828125 134.837509 201.582993 206.303787 11.736084 1.000000e+37 1.000000e+37 0.000000
547913 9768 62188.246094 9291.404297 19601.390625 132.118637 122.582977 142.407150 8.399210 1.000000e+37 1.000000e+37 0.000000
547914 9768 62254.285156 9199.522461 19482.562500 107.193001 94.140106 215.391449 8.798115 1.000000e+37 1.000000e+37 0.000000
547915 9768 62233.882812 9277.098633 19557.832031 153.353439 147.326981 195.453384 8.434525 1.000000e+37 1.000000e+37 0.000000
547916 9768 62059.976562 9256.416992 19521.554688 83.263596 219.441895 178.114883 6.503000 1.000000e+37 1.000000e+37 0.000000
547917 9768 62134.195312 9227.256836 19567.064453 143.842743 186.190674 236.791336 8.918886 1.000000e+37 1.000000e+37 0.000000
618245 24073 61841.957031 9225.089844 18689.929688 150.100510 158.404572 207.638885 51.530720 -1.414693e+01 -1.469896e+01 0.005352
618246 24073 61877.519531 9268.360352 18701.238281 112.131805 129.625839 163.892761 51.687897 -1.409077e+01 -1.452493e+01 0.003280
618247 24073 61859.753906 9158.000977 18730.906250 132.531952 137.670273 151.887375 36.562416 -9.284229e+00 -9.788479e+00 0.000053
618248 24073 61856.519531 9228.156250 18693.587891 138.973007 148.104477 228.996628 41.662834 -1.485912e+01 -1.513297e+01 0.003334
651139 34506 62043.292969 8406.023438 19345.318359 10.149557 220.467896 200.623627 66.421333 -1.589630e+01 -1.640160e+01 0.023371
651140 34506 62047.480469 8368.906250 19384.162109 107.038139 189.814941 143.915924 18.287226 1.000000e+37 1.000000e+37 0.000000
678182 44904 61713.300781 9414.399414 18302.648438 117.395622 100.455597 177.707489 54.516884 -1.473990e+01 -1.510169e+01 0.004545
746486 78068 62331.203125 9245.063477 18362.560547 63.137905 148.892517 231.739990 46.185249 -1.298424e+01 -1.351476e+01 0.001484
746487 78068 62323.769531 9241.414062 18383.255859 29.645445 144.421219 205.632980 17.348171 1.000000e+37 1.000000e+37 0.000000
784573 99663 61978.675781 8314.246094 19573.730469 59.393063 195.940155 164.077118 42.373589 -1.177297e+01 -1.231444e+01 0.000567
803528 110893 61675.050781 8044.101562 19142.601562 39.126698 218.272568 204.240601 41.032490 -1.118434e+01 -1.170592e+01 0.000353
841474 134199 62047.085938 9281.101562 19029.882812 142.773773 96.063812 179.384460 26.810349 1.000000e+37 1.000000e+37 0.000000
841475 134199 62040.964844 9306.972656 19023.632812 156.629471 102.003120 189.712982 15.914848 1.000000e+37 1.000000e+37 0.000000
841476 134199 62039.347656 9294.770508 19005.714844 7.412111 202.083359 234.016281 15.959358 1.000000e+37 1.000000e+37 0.000000
849278 139131 61901.058594 9241.172852 18357.996094 38.915253 151.876785 232.320740 39.041622 -1.128977e+01 -1.190059e+01 0.000614
916715 183650 63054.464844 9895.304688 19299.562500 2.314389 181.523026 236.221756 29.208464 1.000000e+37 1.000000e+37 0.000000
927717 191410 61968.539062 9325.759766 18884.806641 143.492599 89.576866 190.743256 28.101065 -8.793365e+00 -9.365055e+00 0.000080
937409 198386 62120.773438 9233.208984 20142.912109 46.590836 198.586884 161.890289 26.443102 1.000000e+37 1.000000e+37 0.000000
937410 198386 62110.562500 9231.507812 20145.367188 3.867199 200.408417 147.113113 12.157378 1.000000e+37 1.000000e+37 0.000000
944104 203277 62167.964844 9187.473633 18751.611328 47.342888 227.624710 229.542999 29.427738 -9.434782e+00 -1.000752e+01 0.000147
950820 208211 61963.761719 9228.389648 18996.490234 134.150024 140.401733 182.483963 30.316948 -8.855062e+00 -9.426353e+00 0.000084
1020483 261658 62176.531250 9498.483398 20199.265625 115.425827 143.865387 173.372986 21.232250 1.000000e+37 1.000000e+37 0.000000
1020484 261658 62163.542969 9516.631836 20192.888672 116.741631 150.439758 190.797424 11.084612 1.000000e+37 1.000000e+37 0.000000
1108997 334584 61275.582031 8335.629883 18656.718750 54.132275 202.184235 223.103210 14.870756 1.000000e+37 1.000000e+37 0.000000
1108998 334584 61284.449219 8345.502930 18632.080078 71.200310 186.288330 214.276855 12.725950 1.000000e+37 1.000000e+37 0.000000
1108999 334584 61272.156250 8351.889648 18620.554688 55.018837 191.864243 234.881287 11.894126 1.000000e+37 1.000000e+37 0.000000
1134556 356497 62018.941406 9632.974609 19758.277344 107.437958 101.656822 193.340607 22.600403 1.000000e+37 1.000000e+37 0.000000
1152950 372376 61600.078125 9409.650391 18062.066406 145.922028 119.402069 155.789291 19.962139 1.000000e+37 1.000000e+37 0.000000
1181462 397367 62087.773438 9129.635742 19365.791016 56.601738 200.990768 195.493118 23.230272 1.000000e+37 1.000000e+37 0.000000
1190203 405139 61954.066406 7781.736816 18295.384766 -13.925049 199.254684 239.649139 21.229950 1.000000e+37 1.000000e+37 0.000000
1247495 456627 61475.050781 9363.155273 17753.390625 139.274796 120.221107 127.917923 15.189410 1.000000e+37 1.000000e+37 0.000000
1260641 468674 61589.890625 9372.558594 17813.304688 115.788040 115.368698 145.310638 19.936607 1.000000e+37 1.000000e+37 0.000000
1262101 470016 61512.832031 9218.500000 17868.158203 124.966705 145.877808 145.966568 15.930146 1.000000e+37 1.000000e+37 0.000000
1290907 496564 61894.429688 8040.498047 19197.781250 48.423691 208.155289 179.672516 20.499453 1.000000e+37 1.000000e+37 0.000000
1292617 498140 62295.761719 9385.454102 18727.025391 -35.680187 125.173531 259.182404 14.019644 1.000000e+37 1.000000e+37 0.000000
1292618 498140 62311.484375 9374.375977 18668.523438 -43.551552 134.644760 210.139404 10.988349 1.000000e+37 1.000000e+37 0.000000
1317841 521633 61454.785156 9711.923828 17850.841797 -11.260900 128.795456 192.977066 17.772081 1.000000e+37 1.000000e+37 0.000000
1323463 526909 62054.933594 8610.907227 18806.951172 47.544739 173.294632 254.485870 17.995461 1.000000e+37 1.000000e+37 0.000000
1368673 569420 61892.542969 7951.914551 19222.146484 47.683361 206.435593 172.803513 18.332186 1.000000e+37 1.000000e+37 0.000000
1377799 578123 62446.644531 9454.467773 18480.615234 -26.777658 212.455750 286.011047 19.936584 1.000000e+37 1.000000e+37 0.000000
1389212 589079 62079.937500 9281.691406 18742.359375 121.209846 95.826752 214.240906 17.820805 1.000000e+37 1.000000e+37 0.000000
1393961 593646 62144.187500 9269.152344 18742.726562 122.898071 113.874969 222.815292 17.044971 1.000000e+37 1.000000e+37 0.000000
1393962 593646 62147.796875 9264.902344 18720.146484 66.484848 174.501450 276.237061 10.765512 1.000000e+37 1.000000e+37 0.000000
1466020 663383 62129.535156 9522.869141 18926.257812 80.955193 89.328850 274.646332 17.652447 1.000000e+37 1.000000e+37 0.000000
1475042 672203 62120.304688 9371.428711 18902.224609 82.587418 116.693367 299.370422 16.150427 1.000000e+37 1.000000e+37 0.000000
1497189 693927 62182.207031 9215.573242 19644.318359 138.379364 167.631775 243.894852 16.761488 1.000000e+37 1.000000e+37 0.000000
1510369 707007 62138.664062 9429.690430 19647.267578 165.742233 103.110855 170.618622 11.889495 1.000000e+37 1.000000e+37 0.000000
1510370 707007 62138.785156 9417.326172 19635.064453 139.482330 78.978340 186.975159 10.274028 1.000000e+37 1.000000e+37 0.000000
1510371 707007 62142.570312 9434.262695 19661.839844 147.897293 89.430313 173.564011 11.058916 1.000000e+37 1.000000e+37 0.000000
1510376 707012 62002.593750 9600.478516 18331.283203 41.605064 158.597992 228.824966 18.902945 1.000000e+37 1.000000e+37 0.000000
1545510 742074 62622.957031 9432.261719 18881.398438 -25.247406 84.197701 193.122818 15.688170 1.000000e+37 1.000000e+37 0.000000
1572499 769204 61517.820312 8852.133789 18629.271484 137.564957 155.397858 175.726059 19.364887 1.000000e+37 1.000000e+37 0.000000
1576501 773213 62082.136719 8533.073242 19334.548828 -14.269378 186.928070 201.565720 16.776915 1.000000e+37 1.000000e+37 0.000000
1592566 789462 61956.605469 8218.838867 19098.931641 46.070702 224.620087 173.714615 15.642836 1.000000e+37 1.000000e+37 0.000000
1666060 864772 61780.761719 8114.677246 18943.726562 31.644814 228.785110 207.803726 17.386051 1.000000e+37 1.000000e+37 0.000000
1686668 886102 62024.746094 9347.946289 17836.117188 21.981623 164.213028 189.025360 17.967863 1.000000e+37 1.000000e+37 0.000000
1691925 891590 61819.789062 9405.196289 17630.480469 71.027107 165.930481 132.320114 17.233915 1.000000e+37 1.000000e+37 0.000000
1730738 932131 62155.066406 9545.521484 18806.755859 0.306425 138.630035 275.964874 17.961060 1.000000e+37 1.000000e+37 0.000000
1742512 944514 61717.257812 9604.794922 18259.105469 -7.849811 134.916489 238.153366 14.406492 1.000000e+37 1.000000e+37 0.000000
1748544 950899 62329.738281 9166.361328 19473.546875 64.222565 233.712234 186.264343 12.295774 1.000000e+37 1.000000e+37 0.000000
1760570 963570 61572.464844 8467.041016 18850.679688 102.871376 204.130554 232.044312 15.073244 1.000000e+37 1.000000e+37 0.000000
1766697 970070 61372.675781 8371.556641 18719.976562 72.743179 191.748276 221.913910 16.337637 1.000000e+37 1.000000e+37 0.000000
1812148 1018519 61458.175781 8178.475586 18347.998047 58.429653 186.964020 217.792007 17.041338 1.000000e+37 1.000000e+37 0.000000
1819036 1025912 61969.910156 8519.046875 18986.636719 -23.245394 228.558716 153.107895 16.507973 1.000000e+37 1.000000e+37 0.000000
1819037 1025913 61997.257812 8323.603516 19104.396484 57.117359 219.475906 161.131973 14.950891 1.000000e+37 1.000000e+37 0.000000
1833044 1041017 62199.210938 9577.829102 18880.371094 13.004422 126.016235 150.381866 14.238520 1.000000e+37 1.000000e+37 0.000000
1847463 1056550 62186.078125 8383.575195 19732.218750 66.730736 189.571136 163.690598 14.877837 1.000000e+37 1.000000e+37 0.000000
1862144 1072448 61583.722656 9531.466797 17705.535156 49.131523 207.221939 149.379807 16.435570 1.000000e+37 1.000000e+37 0.000000
1869771 1080767 61860.820312 9278.725586 18549.992188 92.524361 131.276001 214.812531 16.134670 1.000000e+37 1.000000e+37 0.000000
1869782 1080777 61983.386719 8822.877930 18702.353516 1.914876 165.739395 225.547211 15.896411 1.000000e+37 1.000000e+37 0.000000
1900927 1114800 62030.156250 8406.302734 19281.140625 112.113724 188.066666 173.979782 10.466908 1.000000e+37 1.000000e+37 0.000000
1925666 1141988 61835.179688 9362.069336 18796.820312 139.102692 72.707573 183.774094 13.138845 1.000000e+37 1.000000e+37 0.000000
1942930 1160949 61107.867188 8515.373047 19601.187500 109.045570 145.456680 177.167130 14.765675 1.000000e+37 1.000000e+37 0.000000
1942931 1160950 61771.917969 8515.401367 18118.917969 66.075340 188.167114 213.618698 14.589922 1.000000e+37 1.000000e+37 0.000000
1960490 1180451 62715.742188 9527.788086 19838.904297 41.387566 156.026611 192.095047 16.319965 1.000000e+37 1.000000e+37 0.000000
1969583 1190589 62520.390625 9381.630859 18881.822266 -80.202545 90.329369 232.430328 6.883901 1.000000e+37 1.000000e+37 0.000000
1969584 1190589 62536.070312 9351.144531 18864.482422 8.714339 184.362427 176.934204 6.092950 1.000000e+37 1.000000e+37 0.000000
1969585 1190590 61720.882812 9131.477539 18415.724609 120.555641 153.713425 202.710037 14.459145 1.000000e+37 1.000000e+37 0.000000
1978885 1200929 61866.425781 9704.524414 17753.757812 42.944599 91.879135 171.118637 13.114343 1.000000e+37 1.000000e+37 0.000000
1988240 1211452 61938.558594 9189.824219 18123.804688 20.857920 151.650604 215.907715 17.771782 1.000000e+37 1.000000e+37 0.000000
1997599 1221947 61911.839844 8203.870117 19086.935547 63.067215 216.857407 168.170959 12.507339 1.000000e+37 1.000000e+37 0.000000
2007167 1232797 62044.941406 9325.269531 18813.011719 156.327026 163.920395 161.522629 13.949404 1.000000e+37 1.000000e+37 0.000000
2007168 1232798 62118.824219 9148.632812 19879.052734 24.160006 223.632965 167.155197 9.147251 1.000000e+37 1.000000e+37 0.000000
2007169 1232798 62127.996094 9150.085938 19861.537109 66.844055 119.163002 161.928787 8.518340 1.000000e+37 1.000000e+37 0.000000
2017118 1243992 61839.089844 9893.708984 17818.541016 -20.647755 148.056686 218.377716 15.676410 1.000000e+37 1.000000e+37 0.000000
2057978 1290377 61711.722656 9415.678711 18036.148438 116.791962 110.354980 174.602173 14.845000 1.000000e+37 1.000000e+37 0.000000
2057979 1290378 61870.710938 8739.327148 18715.576172 -9.593265 257.339752 220.440887 10.333453 1.000000e+37 1.000000e+37 0.000000
2090488 1327592 62712.042969 9650.883789 18234.019531 -12.942805 199.913620 259.271851 12.503033 1.000000e+37 1.000000e+37 0.000000
2125075 1367540 61920.531250 8543.854492 18631.080078 75.794510 240.187225 265.294678 13.719989 1.000000e+37 1.000000e+37 0.000000
2137065 1381495 61617.355469 9910.065430 18510.279297 123.016434 96.237160 184.364609 12.653679 1.000000e+37 1.000000e+37 0.000000
2137068 1381498 61834.296875 9111.346680 19264.011719 156.485580 164.487091 165.441330 12.030510 1.000000e+37 1.000000e+37 0.000000
2149132 1395551 62996.750000 9675.002930 19607.488281 42.302818 157.067993 197.511887 12.178391 1.000000e+37 1.000000e+37 0.000000
2161528 1410061 61492.335938 9534.275391 17917.097656 125.503624 82.630791 156.102982 13.035548 1.000000e+37 1.000000e+37 0.000000
2174068 1424897 61427.261719 9658.806641 19565.031250 145.306366 128.258698 193.936859 14.030226 1.000000e+37 1.000000e+37 0.000000
2174069 1424898 62105.554688 9233.845703 19562.281250 90.273834 161.877167 223.677094 9.744135 1.000000e+37 1.000000e+37 0.000000
2174070 1424899 60986.371094 8624.652344 18505.511719 109.421501 144.291611 167.081833 13.820871 1.000000e+37 1.000000e+37 0.000000
2186839 1439988 62377.105469 9603.142578 18998.060547 -26.693926 148.515579 303.170685 11.390078 1.000000e+37 1.000000e+37 0.000000
2186840 1439989 62430.441406 9368.352539 18756.328125 53.977314 185.886063 274.613251 15.023832 1.000000e+37 1.000000e+37 0.000000
2199978 1455567 61649.671875 8648.180664 18965.353516 28.030491 140.549530 166.854034 12.914757 1.000000e+37 1.000000e+37 0.000000
2213336 1471436 61693.089844 9345.336914 18358.656250 124.616188 75.491501 199.853882 8.186514 1.000000e+37 1.000000e+37 0.000000
2213343 1471443 61701.289062 8689.763672 18980.787109 8.351480 196.695328 187.676819 12.550048 1.000000e+37 1.000000e+37 0.000000
2213354 1471454 61669.183594 8257.094727 18544.041016 -2.574277 221.234222 257.760376 13.235980 1.000000e+37 1.000000e+37 0.000000
2227162 1487797 62200.566406 9233.815430 20121.878906 8.027188 193.519318 175.388153 14.899501 1.000000e+37 1.000000e+37 0.000000
2284629 1556998 61828.257812 8030.051270 19568.003906 93.989616 173.008331 175.958237 13.665129 1.000000e+37 1.000000e+37 0.000000
2284630 1556999 61918.363281 8644.986328 18724.150391 -22.373728 256.220856 183.568039 11.546262 1.000000e+37 1.000000e+37 0.000000
2299613 1575361 61691.050781 9141.893555 18302.812500 63.310902 196.594360 222.605347 14.797227 1.000000e+37 1.000000e+37 0.000000
2314908 1594038 61933.269531 8535.796875 18679.773438 58.746567 210.747040 290.523804 10.874995 1.000000e+37 1.000000e+37 0.000000
2330906 1613697 62553.101562 9339.911133 18897.910156 43.675926 172.505554 319.156494 13.136723 1.000000e+37 1.000000e+37 0.000000
2347126 1633642 62138.757812 9078.019531 19375.386719 60.002876 213.972076 192.336960 8.619280 1.000000e+37 1.000000e+37 0.000000
2380525 1675165 61627.195312 8290.750000 18578.140625 60.046967 219.976791 223.427963 14.840906 1.000000e+37 1.000000e+37 0.000000
2397773 1696970 61942.527344 8765.298828 18771.347656 18.493019 202.361862 189.872818 12.556127 1.000000e+37 1.000000e+37 0.000000
2397784 1696984 62085.191406 9395.169922 18847.324219 73.255257 121.157654 303.203888 13.077403 1.000000e+37 1.000000e+37 0.000000
2452292 1766556 62033.128906 9683.085938 19915.945312 133.136993 118.595757 194.421204 10.256511 1.000000e+37 1.000000e+37 0.000000
2452313 1766577 61717.121094 8675.366211 19069.720703 73.383781 225.685715 133.969315 13.631183 1.000000e+37 1.000000e+37 0.000000
2471231 1791190 61987.792969 8351.095703 19288.333984 43.330868 226.085007 212.923401 13.511976 1.000000e+37 1.000000e+37 0.000000
2490585 1816944 61752.535156 9426.386719 18401.414062 111.968391 94.203568 152.061157 11.026031 1.000000e+37 1.000000e+37 0.000000
2490587 1816947 61624.476562 9388.670898 18167.912109 112.658707 100.202408 189.552979 12.350395 1.000000e+37 1.000000e+37 0.000000
2510651 1844014 62502.382812 9301.821289 18899.746094 -34.263691 140.394150 254.862839 14.132233 1.000000e+37 1.000000e+37 0.000000
2530921 1872028 62072.296875 9318.859375 19550.720703 146.261139 151.202377 212.916290 8.821492 1.000000e+37 1.000000e+37 0.000000
2530937 1872045 62377.750000 8015.328125 19638.703125 12.755416 249.766663 221.716003 12.668002 1.000000e+37 1.000000e+37 0.000000
2573176 1933576 63211.488281 9490.318359 19482.408203 0.443848 220.402878 250.717041 11.489327 1.000000e+37 1.000000e+37 0.000000
2595418 1968221 61951.640625 9720.451172 20024.933594 105.875938 125.431847 192.196716 10.904148 1.000000e+37 1.000000e+37 0.000000
2595422 1968225 61828.562500 8498.905273 20001.664062 102.381638 174.245132 177.463745 9.175107 1.000000e+37 1.000000e+37 0.000000
2595435 1968238 62040.656250 8917.468750 19544.546875 52.887875 217.749725 169.980286 10.512181 1.000000e+37 1.000000e+37 0.000000
2618041 2005479 62054.570312 7980.416992 19713.181641 60.805565 190.934952 176.467834 11.435721 1.000000e+37 1.000000e+37 0.000000
2665239 2091018 62727.355469 8254.055664 19644.136719 19.902708 239.630157 256.647278 13.557741 1.000000e+37 1.000000e+37 0.000000
2689669 2140084 62129.363281 9123.720703 19779.054688 114.954552 193.773941 129.717590 14.502338 1.000000e+37 1.000000e+37 0.000000
2689671 2140086 62204.925781 9527.293945 20189.548828 130.169357 134.538696 186.749435 8.544512 1.000000e+37 1.000000e+37 0.000000
2689694 2140109 63038.988281 9304.433594 19802.861328 15.525414 212.533493 225.806702 11.673933 1.000000e+37 1.000000e+37 0.000000
2689710 2140176 62169.316406 9260.975586 18612.361328 41.932728 172.806061 272.379883 10.137704 1.000000e+37 1.000000e+37 0.000000
2714691 2193448 61680.839844 9408.666016 18210.052734 167.954224 107.479591 169.255875 4.706990 1.000000e+37 1.000000e+37 0.000000
2714692 2193449 61946.660156 9828.140625 19359.218750 128.417618 104.717682 196.364532 11.838401 1.000000e+37 1.000000e+37 0.000000
2740726 2251319 62124.535156 9464.086914 19668.904297 136.186035 82.293671 182.130051 8.528401 1.000000e+37 1.000000e+37 0.000000
2740730 2251323 61301.210938 9042.640625 17747.029297 107.701607 170.675018 143.755493 9.716728 1.000000e+37 1.000000e+37 0.000000
2740759 2251427 61986.550781 8636.995117 19138.396484 70.343887 215.928864 246.263458 11.083086 1.000000e+37 1.000000e+37 0.000000
2740763 2251437 61491.449219 9453.993164 18063.671875 2.437066 128.483093 203.739319 12.442807 1.000000e+37 1.000000e+37 0.000000
2767358 2312973 62053.929688 8582.700195 18766.605469 23.862373 255.676804 153.194122 9.161612 1.000000e+37 1.000000e+37 0.000000
2794986 2379301 62218.738281 9245.592773 19939.597656 -8.582854 138.896332 144.856461 11.055681 1.000000e+37 1.000000e+37 0.000000
2823101 2448640 61924.042969 9854.414062 19408.062500 128.416733 102.077736 196.195633 12.470010 1.000000e+37 1.000000e+37 0.000000
2852120 2521699 62171.687500 9517.467773 19144.185547 -9.724319 170.435471 178.188919 14.600965 1.000000e+37 1.000000e+37 0.000000
2882313 2597821 61942.734375 8745.065430 18688.609375 0.426875 254.278442 206.093826 8.842793 1.000000e+37 1.000000e+37 0.000000
2913459 2677526 61744.156250 8822.448242 18847.960938 39.834911 171.585175 264.599121 13.394949 1.000000e+37 1.000000e+37 0.000000
2913508 2677684 62216.355469 8781.616211 18592.625000 -22.956511 224.196136 270.090302 11.819364 1.000000e+37 1.000000e+37 0.000000
2945670 2760856 62253.488281 9253.954102 18813.986328 -13.830489 279.835083 292.709747 9.909957 1.000000e+37 1.000000e+37 0.000000
2945720 2760998 62385.484375 9352.145508 19146.929688 15.189229 154.976196 113.476555 13.919425 1.000000e+37 1.000000e+37 0.000000
2945725 2761009 61653.730469 9625.235352 18143.093750 -11.246113 133.347076 228.502777 10.620823 1.000000e+37 1.000000e+37 0.000000
2978750 2848032 61603.257812 9337.392578 17968.820312 25.087389 147.573502 177.602661 10.660284 1.000000e+37 1.000000e+37 0.000000
2978756 2848038 62075.863281 8567.505859 18928.435547 18.315016 213.681259 131.166992 12.839316 1.000000e+37 1.000000e+37 0.000000
3048845 3034940 62141.316406 9154.290039 19323.886719 13.018661 216.804337 184.665894 10.463536 1.000000e+37 1.000000e+37 0.000000
3048851 3034946 61636.023438 8697.733398 18882.701172 51.424248 181.253159 140.701263 12.022150 1.000000e+37 1.000000e+37 0.000000
3048897 3035095 62240.265625 9589.318359 18996.353516 -80.342827 161.631821 158.900970 9.132700 1.000000e+37 1.000000e+37 0.000000
3048898 3035096 62350.460938 9257.925781 18188.029297 62.194149 135.433456 224.773026 13.217503 1.000000e+37 1.000000e+37 0.000000
3085479 3135300 62069.996094 9060.113281 20283.714844 121.478577 185.310638 171.633987 10.647945 1.000000e+37 1.000000e+37 0.000000
3085516 3135464 62266.500000 9467.092773 19095.388672 -68.817398 120.734276 156.759796 11.055657 1.000000e+37 1.000000e+37 0.000000
3085534 3135499 61522.281250 8271.233398 19300.193359 41.865387 222.403748 222.301941 10.523121 1.000000e+37 1.000000e+37 0.000000
3123506 3240796 62154.484375 9373.725586 19635.601562 168.216553 95.850304 174.027191 7.374660 1.000000e+37 1.000000e+37 0.000000
3123508 3240798 62296.964844 9342.018555 20028.552734 95.190971 129.577637 147.085114 10.834695 1.000000e+37 1.000000e+37 0.000000
3123509 3240799 62250.757812 8860.450195 19369.431641 89.638695 203.201675 167.051514 11.611441 1.000000e+37 1.000000e+37 0.000000
3162638 3351231 61370.472656 9088.263672 17912.880859 117.450966 165.691864 151.412903 11.209249 1.000000e+37 1.000000e+37 0.000000
3162640 3351234 61847.351562 9569.303711 19900.429688 154.681625 139.332199 189.428482 9.134125 1.000000e+37 1.000000e+37 0.000000
3202958 3467183 61607.105469 9383.819336 18090.222656 130.656036 121.615379 160.780762 10.017658 1.000000e+37 1.000000e+37 0.000000
3202960 3467185 62087.796875 9121.537109 19478.707031 129.917572 156.711899 208.635986 10.196711 1.000000e+37 1.000000e+37 0.000000
3203012 3467360 62938.046875 9798.030273 19021.111328 -8.012881 163.161179 255.451553 12.095225 1.000000e+37 1.000000e+37 0.000000
3203019 3467380 61881.070312 9729.959961 18586.957031 22.989456 134.122467 253.894592 7.590468 1.000000e+37 1.000000e+37 0.000000
3203035 3467400 61289.117188 8412.725586 18617.322266 69.686012 174.883865 231.205841 8.936693 1.000000e+37 1.000000e+37 0.000000
3245217 3590264 61990.429688 8332.875977 19428.625000 110.318413 190.725723 160.525696 9.188234 1.000000e+37 1.000000e+37 0.000000
3245218 3590266 61687.828125 9214.104492 18131.044922 129.860779 145.595428 170.255386 9.961883 1.000000e+37 1.000000e+37 0.000000
3245241 3590291 62793.394531 9313.925781 19570.210938 0.176981 209.678558 212.455978 8.237594 1.000000e+37 1.000000e+37 0.000000
3245262 3590435 62003.445312 8875.101562 18728.025391 19.701223 159.920547 193.200165 8.503067 1.000000e+37 1.000000e+37 0.000000
3245263 3590438 62806.492188 9634.425781 19443.109375 29.095173 150.654419 188.499588 10.381697 1.000000e+37 1.000000e+37 0.000000
3289065 3719774 61806.085938 8559.333008 18389.251953 64.562317 191.029816 243.618546 8.687383 1.000000e+37 1.000000e+37 0.000000
3289067 3719777 62017.945312 9454.389648 19916.076172 109.166252 107.825500 176.629013 10.217564 1.000000e+37 1.000000e+37 0.000000
3289113 3719955 62521.828125 9540.398438 18946.990234 49.269604 230.239471 260.340485 5.112998 1.000000e+37 1.000000e+37 0.000000
3289115 3719957 62531.535156 9649.398438 19218.662109 -42.365322 140.108185 228.750717 9.573743 1.000000e+37 1.000000e+37 0.000000
3289148 3720013 62175.078125 8620.077148 18650.558594 -30.936558 227.369614 264.098969 9.995317 1.000000e+37 1.000000e+37 0.000000
3334706 3856700 62277.148438 9264.653320 19295.326172 24.735693 159.869293 164.712646 10.603315 1.000000e+37 1.000000e+37 0.000000
3334708 3856702 62110.109375 9595.524414 20165.203125 140.990112 145.269180 186.052521 10.807747 1.000000e+37 1.000000e+37 0.000000
3382101 4001765 61663.550781 10240.416992 18406.398438 111.955971 105.042419 189.847244 9.519876 1.000000e+37 1.000000e+37 0.000000
3382102 4001766 61675.246094 9382.298828 18131.357422 119.150673 118.601166 184.189316 8.445452 1.000000e+37 1.000000e+37 0.000000
3382103 4001767 62009.199219 9262.549805 18920.414062 132.761139 115.128304 193.911621 12.222444 1.000000e+37 1.000000e+37 0.000000
3382114 4001779 61515.316406 9120.471680 18103.785156 119.865898 165.562042 168.477173 9.450602 1.000000e+37 1.000000e+37 0.000000
3382159 4001970 62374.710938 9188.637695 20207.404297 63.446102 219.763123 179.580734 9.694688 1.000000e+37 1.000000e+37 0.000000
3431338 4155205 62280.710938 9370.351562 19553.568359 115.378067 104.261978 183.212173 13.765662 1.000000e+37 1.000000e+37 0.000000
3431342 4155210 62102.621094 9341.703125 19350.279297 71.077072 125.015434 191.534546 11.805379 1.000000e+37 1.000000e+37 0.000000
3431374 4155247 63134.894531 9112.141602 19766.027344 14.858289 210.974884 225.751587 11.675189 1.000000e+37 1.000000e+37 0.000000
3482745 4318655 62242.269531 9558.855469 18934.890625 73.551605 159.783936 113.623306 10.760129 1.000000e+37 1.000000e+37 0.000000
3482774 4318828 61492.371094 9719.399414 17922.585938 -12.393153 135.502304 192.686539 11.315538 1.000000e+37 1.000000e+37 0.000000
3535866 4492223 62555.406250 9657.222656 18853.669922 32.682018 169.891037 233.504272 9.431547 1.000000e+37 1.000000e+37 0.000000
3535867 4492224 61643.726562 9117.737305 18164.716797 50.389904 199.018890 215.397308 9.674468 1.000000e+37 1.000000e+37 0.000000
3535880 4492258 62765.914062 9550.434570 19065.486328 -45.749527 214.210007 251.763855 10.254589 1.000000e+37 1.000000e+37 0.000000
3535906 4492288 61992.859375 8698.457031 19201.427734 -40.165161 224.216232 224.910324 11.081343 1.000000e+37 1.000000e+37 0.000000
3535907 4492289 63149.917969 9276.349609 19458.736328 -3.929555 224.996368 252.205429 8.669105 1.000000e+37 1.000000e+37 0.000000
3591217 4676377 61812.917969 9808.441406 19084.931641 131.572159 97.107155 191.180161 9.213646 1.000000e+37 1.000000e+37 0.000000
3591218 4676378 62185.480469 9212.657227 19361.623047 140.100693 158.002945 172.624649 7.771135 1.000000e+37 1.000000e+37 0.000000
3591224 4676385 61435.304688 8839.236328 19422.000000 129.056992 154.045135 169.488831 9.120978 1.000000e+37 1.000000e+37 0.000000
3591264 4676437 61477.121094 7917.468262 18735.337891 39.000492 202.925034 208.773819 10.838793 1.000000e+37 1.000000e+37 0.000000
3591292 4676619 62379.308594 9306.586914 18989.367188 -64.969299 190.589172 135.428925 13.655547 1.000000e+37 1.000000e+37 0.000000
3591293 4676620 62149.714844 9545.146484 18484.773438 50.140862 165.966995 255.226578 10.329132 1.000000e+37 1.000000e+37 0.000000
3591294 4676621 62137.242188 9556.845703 18468.537109 50.619339 158.027527 250.432541 10.981820 1.000000e+37 1.000000e+37 0.000000
3591295 4676622 61976.496094 9485.913086 18305.396484 48.451694 190.652847 232.880005 12.015736 1.000000e+37 1.000000e+37 0.000000
3591304 4676651 63041.519531 9797.932617 19340.425781 -9.247972 211.963745 243.209564 9.532034 1.000000e+37 1.000000e+37 0.000000
3591318 4676666 61302.734375 9352.275391 17796.466797 7.683199 137.325821 155.058578 10.294628 1.000000e+37 1.000000e+37 0.000000
3649480 4873928 61718.253906 9725.195312 18998.781250 146.281464 107.897949 182.114059 9.657539 1.000000e+37 1.000000e+37 0.000000
3649482 4873931 61647.089844 9355.693359 17674.615234 90.920113 97.624641 136.940720 10.137001 1.000000e+37 1.000000e+37 0.000000
3649487 4873937 61711.164062 8619.813477 18212.480469 60.305706 186.821411 223.828705 9.092936 1.000000e+37 1.000000e+37 0.000000
3649488 4873938 61402.421875 9103.271484 17915.896484 111.629448 168.868149 154.601181 8.590169 1.000000e+37 1.000000e+37 0.000000
3649489 4873939 61429.882812 8905.774414 18590.980469 137.234268 151.396118 176.931931 9.264132 1.000000e+37 1.000000e+37 0.000000
3649491 4873942 61800.648438 9186.142578 18354.503906 130.626587 133.306564 192.633560 7.659528 1.000000e+37 1.000000e+37 0.000000
3649495 4873947 60856.621094 8490.140625 18951.056641 98.607475 142.177567 171.864243 8.016524 1.000000e+37 1.000000e+37 0.000000
3649589 4874237 62066.851562 8389.789062 18548.724609 -19.487385 223.594269 260.910278 9.589936 1.000000e+37 1.000000e+37 0.000000
3649591 4874239 61219.187500 8048.662109 18927.498047 43.674126 193.983978 214.262299 10.298566 1.000000e+37 1.000000e+37 0.000000
3710169 5084439 61782.964844 7961.795898 19086.355469 98.492531 189.700424 191.281281 7.898518 1.000000e+37 1.000000e+37 0.000000
3710246 5084665 62252.769531 8995.033203 19442.179688 52.282825 201.199814 195.394547 7.765907 1.000000e+37 1.000000e+37 0.000000
3710248 5084667 62844.832031 9827.114258 18944.687500 27.605560 115.899551 219.584503 7.566212 1.000000e+37 1.000000e+37 0.000000
3710249 5084668 61761.992188 9314.099609 17572.222656 -15.475801 163.644821 155.424698 10.119005 1.000000e+37 1.000000e+37 0.000000
3710261 5084712 61747.300781 9681.756836 18349.306641 8.481228 137.137756 235.025955 6.677836 1.000000e+37 1.000000e+37 0.000000
3773715 5309859 61807.347656 9419.736328 18436.669922 113.399025 118.826233 174.647705 9.766767 1.000000e+37 1.000000e+37 0.000000
3773758 5309914 61492.550781 7886.018066 18681.613281 39.826351 197.127136 212.586075 10.814605 1.000000e+37 1.000000e+37 0.000000
3773760 5309916 62104.468750 7920.453613 19650.460938 20.583509 219.552765 207.902908 7.142183 1.000000e+37 1.000000e+37 0.000000
3840404 5552481 61637.238281 10261.745117 18552.238281 114.699051 106.546219 189.375320 12.170280 1.000000e+37 1.000000e+37 0.000000
3840410 5552488 61731.953125 9401.750000 17977.564453 39.407101 201.605713 191.816467 9.678605 1.000000e+37 1.000000e+37 0.000000
3840414 5552493 61462.503906 8606.172852 18016.107422 59.916634 192.469330 200.830963 10.121633 1.000000e+37 1.000000e+37 0.000000
3840417 5552498 62030.660156 9554.157227 19825.919922 152.613327 125.129959 180.960495 9.472842 1.000000e+37 1.000000e+37 0.000000
3840462 5552555 62506.746094 9188.847656 19524.830078 -18.070311 216.679520 214.694916 6.883286 1.000000e+37 1.000000e+37 0.000000
3840508 5552811 62766.914062 9698.389648 19302.978516 -20.060524 165.155258 233.625961 12.035594 1.000000e+37 1.000000e+37 0.000000
3910074 5812250 62061.332031 9234.444336 19047.480469 150.053879 116.977150 166.859955 8.514338 1.000000e+37 1.000000e+37 0.000000
3910126 5812319 62287.179688 9244.490234 19000.626953 -6.172658 262.957672 159.301346 8.944566 1.000000e+37 1.000000e+37 0.000000
3910127 5812320 62232.398438 8179.312988 19502.470703 27.348185 212.412354 196.542953 13.430761 1.000000e+37 1.000000e+37 0.000000
3910176 5812553 61866.554688 9457.151367 18417.580078 48.894611 125.997643 219.177704 9.445642 1.000000e+37 1.000000e+37 0.000000
3983711 6093075 61780.847656 9760.745117 18993.236328 134.348419 94.499100 190.511703 9.025374 1.000000e+37 1.000000e+37 0.000000
3983721 6093095 62024.812500 9371.285156 19643.269531 133.747757 93.336601 163.978195 6.096892 1.000000e+37 1.000000e+37 0.000000
3983722 6093098 61867.937500 9133.163086 18536.566406 134.492081 139.173203 219.677185 12.082471 1.000000e+37 1.000000e+37 0.000000
3983723 6093099 61483.121094 8852.797852 18656.478516 145.197433 155.755646 176.962357 8.699838 1.000000e+37 1.000000e+37 0.000000
3983765 6093160 62028.562500 8166.756836 19320.740234 54.528954 215.756943 168.153015 8.712175 1.000000e+37 1.000000e+37 0.000000
3983766 6093161 62058.835938 8472.488281 19697.751953 57.467117 187.272934 163.098206 7.686527 1.000000e+37 1.000000e+37 0.000000
3983801 6093362 62186.636719 9152.663086 18739.703125 38.631126 235.093124 242.449585 9.641835 1.000000e+37 1.000000e+37 0.000000
4061260 6396289 61911.000000 8579.360352 18646.646484 75.153511 225.965912 281.182281 9.962837 1.000000e+37 1.000000e+37 0.000000
4061308 6396527 61975.875000 9547.600586 20023.726562 102.846359 119.306366 184.000443 9.131207 1.000000e+37 1.000000e+37 0.000000
4061310 6396531 62116.367188 9223.339844 18127.357422 38.271812 159.244019 217.374985 10.338567 1.000000e+37 1.000000e+37 0.000000
4142113 6725299 61835.031250 9334.716797 19582.173828 167.880386 137.429520 177.521057 7.900567 1.000000e+37 1.000000e+37 0.000000
4142170 6725376 62272.246094 9052.609375 19243.960938 4.020996 215.925507 173.686005 7.000833 1.000000e+37 1.000000e+37 0.000000
4142223 6725620 62830.164062 9748.213867 19041.480469 36.219463 113.145500 198.070984 8.620500 1.000000e+37 1.000000e+37 0.000000
4142224 6725623 62385.062500 9098.455078 18935.291016 50.741001 220.111557 174.305542 8.040736 1.000000e+37 1.000000e+37 0.000000
4142266 6725719 62143.410156 8570.294922 18619.033203 -26.503452 228.287338 266.426422 9.449622 1.000000e+37 1.000000e+37 0.000000
4142268 6725721 61429.554688 8133.486816 19011.849609 54.075336 209.469955 209.261688 10.592255 1.000000e+37 1.000000e+37 0.000000
4226464 7083665 62183.449219 9095.121094 19283.304688 36.117146 193.661819 187.145828 8.391858 1.000000e+37 1.000000e+37 0.000000
4226466 7083668 62213.878906 9405.430664 19263.619141 -17.207083 198.474915 229.259476 10.070032 1.000000e+37 1.000000e+37 0.000000
4314178 7473715 61276.941406 9309.003906 17859.201172 144.998444 117.364349 138.686951 10.176283 1.000000e+37 1.000000e+37 0.000000
4314184 7473722 61940.742188 10144.758789 19513.316406 112.738853 114.573792 210.716858 7.246613 1.000000e+37 1.000000e+37 0.000000
4314190 7473733 62042.429688 9319.646484 19855.675781 77.947960 186.576981 104.431862 10.035583 1.000000e+37 1.000000e+37 0.000000
4314309 7474171 63199.734375 9495.505859 19313.791016 13.733030 173.867081 212.329178 10.995618 1.000000e+37 1.000000e+37 0.000000
