#subID	 subGroupNr x	 y	 z	 vx	 yv	 yz	 vmax	 B_MAG V_MAG M_star
#subID	 groupID	 kpc/h	 kpc/h	 kpc/h	 km/s	 km/s	 km/s	 km/s	 mags mags 10^10Msun/h
453930 2464 44223.199219 74749.867188 3150.363037 -150.487717 31.270775 -140.809647 160.406830 -2.137239e+01 -2.173506e+01 2.059742
453931 2464 44080.781250 74765.468750 3088.281982 -80.455154 103.059151 -98.557129 65.397415 -1.647551e+01 -1.695293e+01 0.029933
453932 2464 44060.804688 74586.375000 3208.241455 -140.048325 124.678185 -115.853477 50.544968 -1.468064e+01 -1.520615e+01 0.007385
453933 2464 44214.843750 74760.375000 3181.144531 -167.426392 -71.448921 -328.075714 23.733759 -1.282887e+01 -1.353112e+01 0.002329
453934 2464 44178.675781 74736.359375 3230.665039 -157.361359 -51.294113 -258.916473 23.094561 1.000000e+37 1.000000e+37 0.000000
453935 2464 44097.203125 74611.859375 3180.023193 -186.719513 149.315781 -178.174957 18.373278 1.000000e+37 1.000000e+37 0.000000
453936 2464 44235.320312 74840.906250 3111.099121 -41.744869 88.518158 -101.096191 15.665053 1.000000e+37 1.000000e+37 0.000000
453937 2464 44168.398438 74720.984375 3215.235596 -286.555054 43.588123 -126.423607 19.242754 1.000000e+37 1.000000e+37 0.000000
453938 2464 44313.582031 74684.609375 3234.397949 -161.313324 130.891693 -152.023026 13.935257 1.000000e+37 1.000000e+37 0.000000
453939 2464 44180.605469 74712.671875 3105.599121 -252.065750 122.827652 -186.347473 14.461183 1.000000e+37 1.000000e+37 0.000000
453940 2464 44280.441406 74693.125000 3229.335449 -214.664322 -10.621240 -27.135572 10.166200 1.000000e+37 1.000000e+37 0.000000
453941 2464 44154.988281 74739.359375 3280.947998 -203.587341 21.285072 -205.381454 11.791654 1.000000e+37 1.000000e+37 0.000000
453942 2464 44215.214844 74798.375000 3062.270020 -209.783127 -21.015800 -149.588562 11.972987 1.000000e+37 1.000000e+37 0.000000
453943 2464 44237.378906 74708.273438 3131.375244 -116.034943 175.229584 -306.952118 11.186923 1.000000e+37 1.000000e+37 0.000000
453944 2464 44168.386719 74635.992188 3079.892578 -136.739548 -85.825546 -45.603436 10.583548 1.000000e+37 1.000000e+37 0.000000
453945 2464 44060.097656 74674.656250 3173.154053 -96.371422 25.136820 -204.500824 12.154685 1.000000e+37 1.000000e+37 0.000000
459760 2687 44471.500000 74563.812500 3746.400635 -139.909256 64.404373 -140.379517 174.662003 -2.113045e+01 -2.156210e+01 2.713434
459761 2687 44466.527344 74472.117188 3692.800049 -33.266094 233.634232 -103.868973 17.119493 1.000000e+37 1.000000e+37 0.000000
459762 2687 44426.273438 74565.992188 3720.327393 -321.960785 84.673134 -186.519806 19.737617 -9.968257e+00 -1.052086e+01 0.000148
459763 2687 44438.601562 74555.710938 3684.080566 -77.698311 104.403267 27.606401 18.024652 1.000000e+37 1.000000e+37 0.000000
459764 2687 44416.207031 74672.710938 3767.822266 -144.927994 -25.049931 -53.584507 19.114254 1.000000e+37 1.000000e+37 0.000000
459765 2687 44487.425781 74453.375000 3660.968262 -185.807922 138.836182 -75.867485 14.337477 1.000000e+37 1.000000e+37 0.000000
459766 2687 44467.156250 74595.843750 3690.553955 -89.233055 161.720398 -87.525909 20.194099 -8.858435e+00 -9.425607e+00 0.000080
459767 2687 44530.480469 74511.078125 3748.125244 -268.254730 60.205139 -176.620102 14.979511 1.000000e+37 1.000000e+37 0.000000
459768 2687 44618.691406 74590.281250 3761.303223 0.313918 -69.286789 -271.112244 10.891194 1.000000e+37 1.000000e+37 0.000000
459769 2687 44474.382812 74629.914062 3649.686768 -209.607559 106.224724 -48.068348 12.625322 1.000000e+37 1.000000e+37 0.000000
459770 2687 44474.433594 74688.257812 3749.289307 -179.863586 13.183146 -49.861858 9.141822 1.000000e+37 1.000000e+37 0.000000
488807 4162 43956.054688 74807.789062 2284.515625 -101.413910 187.342773 -162.787842 133.736771 -2.020774e+01 -2.062560e+01 0.966924
488808 4162 43938.062500 74793.148438 2199.278076 -35.236839 222.030258 -152.813660 62.456623 -1.666018e+01 -1.709382e+01 0.036651
488809 4162 43914.839844 74911.414062 2204.214355 -96.916679 176.614380 -77.250076 28.453737 -8.665223e+00 -9.213823e+00 0.000052
488810 4162 43912.304688 74822.148438 2202.774170 -32.505116 171.700073 -239.385818 26.258596 -1.141876e+01 -1.204537e+01 0.000755
488811 4162 43928.804688 74868.851562 2328.821777 -24.320034 161.871841 -160.620773 25.588072 1.000000e+37 1.000000e+37 0.000000
488812 4162 44076.933594 74794.335938 2227.656494 -167.018921 189.177383 -60.972652 14.383820 1.000000e+37 1.000000e+37 0.000000
488813 4162 43905.800781 74807.023438 2225.116211 -51.675751 82.675087 -114.388504 22.710493 1.000000e+37 1.000000e+37 0.000000
488814 4162 44037.289062 74856.968750 2304.443115 -209.060913 247.228363 -219.519348 15.352662 1.000000e+37 1.000000e+37 0.000000
488815 4162 43875.199219 74831.507812 2321.876953 -35.783829 166.502457 -66.381088 16.979694 1.000000e+37 1.000000e+37 0.000000
488816 4162 43888.500000 74755.179688 2149.716309 -46.402611 285.646606 -172.817307 16.048504 1.000000e+37 1.000000e+37 0.000000
488817 4162 43882.664062 74763.031250 2176.523193 -16.506437 196.098816 -163.278397 18.262932 1.000000e+37 1.000000e+37 0.000000
488818 4162 43858.832031 74745.921875 2250.721436 -99.960205 177.929367 -168.976486 14.991764 -1.075219e+01 -1.139767e+01 0.000371
488819 4162 43989.937500 74830.539062 2217.235107 -47.665833 111.136963 -77.276718 15.520551 1.000000e+37 1.000000e+37 0.000000
488820 4162 43881.011719 74672.187500 2230.050049 -70.187630 240.750458 -237.546722 13.125936 1.000000e+37 1.000000e+37 0.000000
488821 4162 43880.871094 74869.554688 2285.423584 -191.712830 2.557817 -141.630295 11.629800 1.000000e+37 1.000000e+37 0.000000
488822 4162 43982.804688 74742.179688 2188.194336 -27.242393 239.927795 -208.483307 13.812254 1.000000e+37 1.000000e+37 0.000000
488823 4162 43881.625000 74843.593750 2273.409180 -221.974304 129.252823 -112.771812 11.566334 1.000000e+37 1.000000e+37 0.000000
488824 4162 43857.183594 74841.218750 2205.887695 -114.914093 199.152084 -163.758911 8.388710 1.000000e+37 1.000000e+37 0.000000
488825 4162 43995.312500 74806.171875 2296.526123 33.539066 234.790009 -239.076904 10.859873 1.000000e+37 1.000000e+37 0.000000
504819 5273 43612.277344 74396.601562 2555.090576 -35.171471 215.220123 -145.681671 122.511642 -1.991492e+01 -2.028410e+01 0.541045
504820 5273 43642.765625 74408.039062 2583.014893 -108.801720 77.867989 -125.277763 54.616600 -1.517618e+01 -1.568627e+01 0.010688
504821 5273 43712.644531 74403.031250 2585.187744 -97.556526 302.237549 -105.441963 32.033310 -8.688754e+00 -9.261118e+00 0.000074
504822 5273 43555.992188 74258.093750 2595.227539 -11.480321 221.638153 -229.721451 28.444510 1.000000e+37 1.000000e+37 0.000000
504823 5273 43548.238281 74384.328125 2488.919434 -41.837269 229.256241 -30.932575 14.689463 1.000000e+37 1.000000e+37 0.000000
504824 5273 43592.566406 74337.117188 2559.856934 2.792116 292.029694 -245.482834 17.059570 1.000000e+37 1.000000e+37 0.000000
504825 5273 43522.421875 74329.578125 2508.677490 -48.924458 191.093430 -88.597076 15.831258 1.000000e+37 1.000000e+37 0.000000
504826 5273 43600.128906 74396.445312 2506.375732 -17.406841 187.764359 -25.502913 15.306032 1.000000e+37 1.000000e+37 0.000000
504827 5273 43593.125000 74339.203125 2455.875244 -29.404762 177.301895 -158.145432 13.061049 1.000000e+37 1.000000e+37 0.000000
504828 5273 43608.070312 74498.757812 2610.656494 -114.703926 220.698090 -214.019257 12.241092 1.000000e+37 1.000000e+37 0.000000
504829 5273 43689.742188 74333.507812 2549.330811 -65.272667 330.309265 -108.422836 11.389990 1.000000e+37 1.000000e+37 0.000000
504830 5273 43589.476562 74354.781250 2583.192139 47.650982 264.607697 -162.607849 12.269657 1.000000e+37 1.000000e+37 0.000000
504831 5273 43509.992188 74342.351562 2486.196289 -26.503960 148.132309 -159.959885 10.580153 1.000000e+37 1.000000e+37 0.000000
504832 5273 43549.054688 74400.328125 2461.028320 -106.732918 195.959488 -122.387062 10.452042 1.000000e+37 1.000000e+37 0.000000
504833 5273 43594.742188 74391.257812 2554.591064 -74.118660 118.925713 -308.720062 16.260540 1.000000e+37 1.000000e+37 0.000000
559713 11451 44846.582031 74310.585938 3466.071777 -151.256821 27.510548 -164.544296 97.532372 -1.899198e+01 -1.932351e+01 0.192046
559714 11451 44869.601562 74307.273438 3463.671631 -197.866180 63.517807 -117.431015 16.543135 1.000000e+37 1.000000e+37 0.000000
559715 11451 44793.269531 74362.171875 3457.651123 -148.005569 -24.409052 -112.851067 11.854550 1.000000e+37 1.000000e+37 0.000000
559716 11451 44859.871094 74289.695312 3454.435059 -262.849915 44.596287 -78.709877 14.954883 1.000000e+37 1.000000e+37 0.000000
623770 25647 44978.867188 74174.898438 3452.046631 -149.791351 17.404713 -232.156784 73.865982 -1.683615e+01 -1.731850e+01 0.042378
623771 25647 45017.531250 74226.515625 3426.517090 -176.193909 51.606941 -241.458694 14.599817 1.000000e+37 1.000000e+37 0.000000
623772 25647 44980.207031 74135.601562 3421.574219 -69.378380 -37.017971 -206.119507 11.171590 1.000000e+37 1.000000e+37 0.000000
626860 26558 43605.210938 73570.757812 3417.101318 45.164051 74.039238 -148.890686 73.170044 -1.678307e+01 -1.721512e+01 0.040773
626861 26558 43644.242188 73624.476562 3438.849609 -34.581924 180.357788 -49.396931 22.291794 1.000000e+37 1.000000e+37 0.000000
626862 26558 43590.871094 73595.914062 3451.337646 -73.916901 169.492432 -88.422691 12.529068 1.000000e+37 1.000000e+37 0.000000
627297 26680 44250.554688 74580.335938 2445.796143 -186.518784 15.515492 -135.021393 69.410957 -1.628322e+01 -1.684951e+01 0.037349
627298 26680 44310.789062 74601.406250 2451.524170 -197.504776 17.403782 -79.764023 39.388031 -1.337183e+01 -1.374438e+01 0.001391
627299 26680 44230.589844 74558.046875 2474.461426 -191.994568 71.704643 -114.610291 12.745951 1.000000e+37 1.000000e+37 0.000000
665233 39661 44079.863281 73567.601562 3464.254639 -89.771286 159.935745 -138.443878 62.864464 -1.618069e+01 -1.649576e+01 0.013758
665234 39661 44042.316406 73616.968750 3466.767578 -97.381393 112.164360 -89.624107 12.339575 1.000000e+37 1.000000e+37 0.000000
665235 39661 44123.839844 73536.468750 3434.746338 -92.615372 200.660995 -170.225510 8.037726 1.000000e+37 1.000000e+37 0.000000
666705 40242 43785.613281 73607.000000 3533.814209 -97.247505 124.472107 -108.965302 44.849979 -1.426028e+01 -1.456636e+01 0.001868
666706 40242 43747.062500 73655.062500 3557.380371 -109.960510 94.121490 -90.467857 18.952097 1.000000e+37 1.000000e+37 0.000000
666707 40242 43717.828125 73574.789062 3510.629883 -113.127098 152.504837 -163.627106 18.942034 1.000000e+37 1.000000e+37 0.000000
666708 40242 43776.156250 73657.523438 3542.151367 -114.494682 115.521736 -108.952766 19.710911 1.000000e+37 1.000000e+37 0.000000
666709 40242 43762.875000 73584.851562 3546.018555 -59.021122 267.228729 -69.485291 14.759933 1.000000e+37 1.000000e+37 0.000000
666710 40242 43801.855469 73699.164062 3496.145996 -75.914284 79.093170 -118.299973 14.277333 1.000000e+37 1.000000e+37 0.000000
666711 40242 43793.359375 73706.312500 3465.783447 26.707846 71.942131 -133.206421 11.435491 1.000000e+37 1.000000e+37 0.000000
666712 40242 43759.437500 73638.867188 3517.641602 -93.288948 71.261520 -98.680931 11.205557 1.000000e+37 1.000000e+37 0.000000
666713 40242 43771.265625 73622.140625 3518.473389 -89.539383 77.723267 -79.839813 11.231547 1.000000e+37 1.000000e+37 0.000000
666714 40242 43740.777344 73589.062500 3531.430176 13.220676 26.013271 -209.598724 7.053379 1.000000e+37 1.000000e+37 0.000000
666715 40242 43781.652344 73570.250000 3509.739990 -71.404259 119.029907 -67.268303 7.699849 1.000000e+37 1.000000e+37 0.000000
681927 46463 43908.250000 73481.906250 3417.511719 -31.969959 129.303253 -101.309738 43.785255 -1.351618e+01 -1.358529e+01 0.000590
681928 46463 43945.054688 73484.804688 3377.621338 -17.164164 87.158226 -113.837418 37.015118 -1.122857e+01 -1.177588e+01 0.000380
681929 46463 43912.558594 73453.859375 3455.946289 -40.079479 124.903450 -187.450073 16.755089 1.000000e+37 1.000000e+37 0.000000
681930 46463 43892.675781 73508.703125 3387.120605 -47.248142 84.790558 -111.602516 15.592191 1.000000e+37 1.000000e+37 0.000000
681931 46463 43887.265625 73520.179688 3388.485107 -73.198357 87.716057 -124.023239 14.374624 1.000000e+37 1.000000e+37 0.000000
681932 46463 43893.316406 73452.843750 3411.623535 19.311010 127.067024 -165.441696 13.170794 1.000000e+37 1.000000e+37 0.000000
681933 46463 43884.605469 73483.140625 3433.714600 -45.473515 76.223656 -126.938614 15.003730 1.000000e+37 1.000000e+37 0.000000
681934 46463 43910.863281 73505.226562 3407.839600 38.625736 88.210381 -142.017715 9.602643 1.000000e+37 1.000000e+37 0.000000
683952 47326 44573.207031 74758.265625 2625.144531 -157.551773 42.058372 -178.664810 60.517162 -1.567168e+01 -1.631529e+01 0.028312
684213 47435 44672.140625 54.439529 3130.435547 -171.164810 -46.993309 -171.516357 59.254208 -1.511653e+01 -1.558654e+01 0.009857
684214 47435 44659.234375 55.288094 3141.851318 -127.155754 -49.773239 -137.609009 13.931693 1.000000e+37 1.000000e+37 0.000000
684215 47435 44694.289062 22.722506 3141.986328 -134.656143 -39.042530 -217.534103 10.967486 1.000000e+37 1.000000e+37 0.000000
686483 48391 43615.082031 74984.171875 3125.125244 -154.115540 49.303776 -109.178635 62.017059 -1.544692e+01 -1.604447e+01 0.019949
700459 54691 45495.554688 74238.695312 4014.521729 -261.030151 81.915398 -14.501760 47.885109 -1.448454e+01 -1.480459e+01 0.003303
700460 54691 45456.601562 74278.867188 4072.093018 -235.014633 74.688690 -0.471523 17.772360 1.000000e+37 1.000000e+37 0.000000
700461 54691 45492.480469 74252.335938 4030.890137 -284.569702 43.702930 17.597603 14.203390 1.000000e+37 1.000000e+37 0.000000
700462 54691 45466.906250 74243.671875 3995.127197 -251.628616 111.711494 36.735001 9.004095 1.000000e+37 1.000000e+37 0.000000
704366 56487 44327.960938 74468.968750 2428.769531 -179.280746 44.401531 -130.636444 55.333717 -1.482701e+01 -1.540334e+01 0.010876
710696 59543 44999.289062 74157.015625 3594.501465 -109.023621 72.858994 -117.529694 55.809437 -1.548721e+01 -1.590317e+01 0.010024
718565 63412 44141.773438 74535.257812 3313.815674 -174.953430 108.072868 -80.774605 51.477867 -1.409943e+01 -1.473504e+01 0.005973
727010 67666 44140.808594 74324.984375 2599.707031 -13.164552 104.966789 -216.760727 39.090355 -1.167739e+01 -1.208073e+01 0.000355
727011 67666 44132.960938 74332.976562 2610.830078 7.288064 101.758446 -240.383179 32.598621 -9.879125e+00 -1.046371e+01 0.000193
727012 67666 44077.757812 74304.179688 2626.468994 -4.018311 151.038971 -218.894241 10.684931 1.000000e+37 1.000000e+37 0.000000
727330 67823 44441.703125 74717.125000 4203.515137 -205.017914 -42.746578 -132.043427 48.495224 -1.391218e+01 -1.429857e+01 0.002947
727331 67823 44427.050781 74689.476562 4208.153320 -225.510818 -59.958626 -165.701462 16.306524 1.000000e+37 1.000000e+37 0.000000
728787 68593 43871.644531 73773.234375 3558.733887 -89.756958 149.027924 -128.021790 46.649014 -1.336449e+01 -1.384835e+01 0.002015
728788 68593 43851.542969 73779.406250 3529.549072 -97.559540 157.097824 -58.978806 12.253583 1.000000e+37 1.000000e+37 0.000000
728789 68593 43897.566406 73757.531250 3541.443115 -83.630524 110.111900 -128.885132 13.525484 1.000000e+37 1.000000e+37 0.000000
730939 69706 45006.621094 74169.687500 3712.530273 -106.901497 46.471684 -125.018753 45.457062 -1.394623e+01 -1.451529e+01 0.003889
730940 69706 44958.437500 74170.687500 3759.666504 -113.359032 55.264835 -103.622284 15.184604 1.000000e+37 1.000000e+37 0.000000
730941 69706 44949.285156 74151.484375 3705.586670 -151.469803 7.572637 -84.024422 10.739022 1.000000e+37 1.000000e+37 0.000000
736334 72611 44974.515625 74401.390625 3682.718018 -159.905258 56.951786 -218.982376 49.610855 -1.389546e+01 -1.451441e+01 0.005565
736335 72612 44606.808594 74722.226562 2965.528809 -314.474579 105.519485 -54.863110 43.680977 -1.215544e+01 -1.272083e+01 0.000967
736336 72612 44602.667969 74755.671875 2921.582031 -316.451721 107.794395 -28.696011 17.396055 1.000000e+37 1.000000e+37 0.000000
736337 72612 44599.539062 74697.945312 2958.562012 -302.604218 126.151772 -84.091827 10.532154 1.000000e+37 1.000000e+37 0.000000
737448 73205 45018.503906 74202.750000 4476.404297 15.003361 -9.143472 -182.634171 45.980793 -1.225210e+01 -1.268020e+01 0.000484
738228 73632 43620.148438 73834.960938 3566.524414 -42.388428 116.340584 -132.855988 42.929111 -1.358238e+01 -1.378398e+01 0.000970
738229 73632 43692.156250 73839.585938 3553.009521 -58.653854 140.463745 -148.770401 20.857403 1.000000e+37 1.000000e+37 0.000000
738230 73632 43631.902344 73825.531250 3588.403809 -54.736015 131.175201 -116.284424 15.889636 1.000000e+37 1.000000e+37 0.000000
750606 80343 43908.996094 74650.781250 2868.101318 -167.309952 78.907341 -130.829651 50.992043 -1.450053e+01 -1.492623e+01 0.006336
751165 80640 44274.519531 74523.601562 2666.169434 -195.465805 44.372742 -124.480804 50.292236 -1.358226e+01 -1.412977e+01 0.003525
753578 82005 43876.070312 74172.218750 2829.321533 13.718292 75.018105 -224.625504 43.866730 -1.267414e+01 -1.311629e+01 0.000856
753579 82005 43867.414062 74166.164062 2864.208252 19.176794 83.534889 -263.504425 14.491189 1.000000e+37 1.000000e+37 0.000000
753580 82005 43886.007812 74172.679688 2818.084961 38.950829 26.377081 -241.649857 10.439354 1.000000e+37 1.000000e+37 0.000000
757920 84380 43793.804688 74652.398438 2259.234375 -76.829124 222.963913 -237.290726 42.351673 -1.386967e+01 -1.420659e+01 0.002817
757921 84380 43780.597656 74667.937500 2270.420410 -98.553421 196.293533 -233.542160 13.414169 1.000000e+37 1.000000e+37 0.000000
757922 84380 43800.968750 74639.429688 2238.775879 -9.421325 157.100540 -202.535583 10.307616 1.000000e+37 1.000000e+37 0.000000
780528 97303 44857.167969 74427.703125 4711.948242 -51.793968 88.638000 -80.113640 41.279568 -1.259766e+01 -1.315054e+01 0.001474
789876 102740 43510.492188 73673.390625 3271.996582 -45.543293 183.173340 -67.835197 41.005985 -1.249796e+01 -1.286188e+01 0.000527
795678 106196 44502.039062 74189.367188 3462.456055 -136.773834 80.214661 -184.261749 41.080276 -1.200855e+01 -1.263425e+01 0.001166
795679 106196 44514.023438 74180.046875 3476.542480 -123.053261 39.038940 -238.412369 22.724445 1.000000e+37 1.000000e+37 0.000000
798836 108092 45162.625000 74938.320312 4485.663086 -66.247955 -20.987791 -164.756775 44.255634 -1.175775e+01 -1.230419e+01 0.000610
809485 114422 44658.878906 74811.820312 3700.887207 -53.547249 51.989677 -112.303047 42.138142 -1.286711e+01 -1.331939e+01 0.001359
829199 126592 45004.410156 74324.406250 2416.205322 -276.214233 141.476807 -60.131992 36.487995 -1.048951e+01 -1.108597e+01 0.000376
838428 132300 45222.234375 74431.398438 3653.266602 -280.029114 86.894585 -24.992880 31.464264 -1.090949e+01 -1.143250e+01 0.000236
838429 132300 45200.128906 74428.851562 3641.852539 -287.312164 70.184967 -32.944130 7.892690 1.000000e+37 1.000000e+37 0.000000
838886 132580 43583.031250 74039.328125 3362.286865 -37.235321 134.239899 -127.423233 35.008472 -1.087526e+01 -1.140989e+01 0.000283
846952 137648 44798.332031 74501.710938 2823.924805 -134.242462 28.322456 -195.729248 36.809917 -1.139353e+01 -1.161821e+01 0.000117
850885 140150 44190.976562 73336.945312 3733.542725 -41.987461 128.843353 -160.731506 31.689177 -9.105203e+00 -9.673175e+00 0.000101
850886 140150 44167.011719 73313.382812 3772.148926 -41.127186 142.507935 -155.896423 8.760982 1.000000e+37 1.000000e+37 0.000000
852016 140869 43864.910156 202.192291 2410.680176 -145.435440 -41.244961 -209.390366 35.608139 -1.070702e+01 -1.127285e+01 0.000300
853184 141636 45006.679688 74154.875000 4369.809082 28.558697 34.509380 -144.230026 23.481527 1.000000e+37 1.000000e+37 0.000000
853185 141636 45056.593750 74185.054688 4390.314453 -4.043805 17.976664 -153.178574 21.707775 1.000000e+37 1.000000e+37 0.000000
853186 141636 45007.730469 74163.687500 4390.101074 46.517750 30.647659 -167.786560 17.189764 1.000000e+37 1.000000e+37 0.000000
854604 142515 43369.902344 73900.695312 3632.765137 -58.178715 98.078445 -148.790237 30.645884 1.000000e+37 1.000000e+37 0.000000
854605 142515 43363.902344 73896.218750 3655.312988 -56.502182 120.948357 -109.030121 16.455101 1.000000e+37 1.000000e+37 0.000000
862813 147754 44498.980469 74514.703125 2820.881104 1.854665 110.036644 -201.200485 33.537708 -1.049533e+01 -1.107653e+01 0.000287
867731 150893 44640.144531 74061.085938 4422.251465 -49.136063 128.314224 -82.049911 36.110397 -1.166921e+01 -1.223977e+01 0.000575
870209 152504 44542.917969 73656.812500 3718.640625 -83.097641 135.769455 -111.823486 31.231638 1.000000e+37 1.000000e+37 0.000000
877496 157268 44023.371094 74654.718750 2765.346924 -113.758545 19.794113 -174.810471 34.427105 -1.154717e+01 -1.212897e+01 0.000682
929743 192835 43536.257812 73953.804688 3734.801025 -39.969681 110.018196 -129.859604 30.813946 1.000000e+37 1.000000e+37 0.000000
949078 206929 44445.234375 73750.414062 3780.818359 -75.032585 140.858612 -107.620628 27.249634 1.000000e+37 1.000000e+37 0.000000
966347 219747 44299.437500 74564.226562 2976.778320 -249.867325 -31.735405 -132.422195 21.340858 1.000000e+37 1.000000e+37 0.000000
966348 219747 44283.261719 74570.679688 3012.255371 -247.795441 -7.290561 -127.652008 16.597895 1.000000e+37 1.000000e+37 0.000000
984554 233609 44615.523438 74362.367188 3670.114746 -174.160095 55.979351 -104.069908 36.696320 -1.170648e+01 -1.233428e+01 0.000942
1016641 258609 44427.179688 73837.445312 4481.444336 -53.270588 109.053680 -84.298424 25.527874 -8.918799e+00 -9.486012e+00 0.000084
1018477 260065 44694.515625 74009.648438 4535.260742 40.643158 37.029778 -167.012756 17.284809 1.000000e+37 1.000000e+37 0.000000
1018478 260065 44685.628906 74002.523438 4520.377930 -50.658379 127.370232 -84.555939 19.535521 1.000000e+37 1.000000e+37 0.000000
1018479 260065 44675.355469 73975.578125 4519.656250 55.781216 29.805347 -155.165985 9.229108 1.000000e+37 1.000000e+37 0.000000
1025111 265349 44336.812500 12.479837 3955.721680 -137.778229 143.802460 -42.684643 24.634773 1.000000e+37 1.000000e+37 0.000000
1027575 267328 43591.765625 221.964478 2788.938721 13.252490 -3.096875 -248.470520 24.921776 1.000000e+37 1.000000e+37 0.000000
1030097 269323 44642.109375 73931.234375 4574.691895 48.183586 31.829794 -177.013336 19.397114 1.000000e+37 1.000000e+37 0.000000
1030098 269323 44628.761719 73936.039062 4567.548828 34.314148 28.965992 -172.379944 12.486712 1.000000e+37 1.000000e+37 0.000000
1046867 282866 43562.738281 73798.781250 3290.596191 -69.776497 185.734253 -70.066261 24.447376 1.000000e+37 1.000000e+37 0.000000
1049068 284687 44208.160156 74927.609375 2264.437012 -154.268188 202.233337 -116.333572 24.130949 1.000000e+37 1.000000e+37 0.000000
1049069 284687 44184.613281 74929.960938 2318.971191 -335.306976 97.217773 -81.299568 11.480008 1.000000e+37 1.000000e+37 0.000000
1058922 292688 43624.308594 73624.835938 3562.404053 -91.029228 161.609955 -118.414192 23.883726 1.000000e+37 1.000000e+37 0.000000
1069774 301667 43934.671875 74457.625000 3053.729736 -83.227135 182.167618 -171.341370 24.226212 1.000000e+37 1.000000e+37 0.000000
1074714 305755 44392.359375 74199.007812 4366.368652 -101.580063 42.733860 -133.912064 26.005808 1.000000e+37 1.000000e+37 0.000000
1077274 307883 43971.179688 73602.523438 3577.350342 -106.015900 134.753952 -92.134727 18.346987 1.000000e+37 1.000000e+37 0.000000
1077275 307883 43998.015625 73580.679688 3565.853760 -111.645599 135.662323 -101.908531 8.076520 1.000000e+37 1.000000e+37 0.000000
1079272 309556 44009.191406 73745.898438 4157.194336 -38.362488 131.615158 -135.133377 25.124254 1.000000e+37 1.000000e+37 0.000000
1083235 312836 43590.710938 73783.265625 2750.018311 -26.627493 223.257492 -108.433708 23.446064 1.000000e+37 1.000000e+37 0.000000
1083236 312837 44352.023438 74401.593750 3744.971924 -178.864243 145.950623 -53.903385 23.510881 1.000000e+37 1.000000e+37 0.000000
1102074 328747 44681.046875 74605.234375 4603.950684 -133.321655 23.245346 -144.850555 25.479301 1.000000e+37 1.000000e+37 0.000000
1116855 341278 44141.828125 74111.062500 2908.908203 -85.732864 199.355362 -136.813660 20.049791 1.000000e+37 1.000000e+37 0.000000
1125925 349084 43667.410156 73574.218750 3142.833008 -8.029080 208.058670 -70.076965 23.714193 -8.358722e+00 -8.931734e+00 0.000055
1128417 351229 44472.101562 74557.875000 2937.653564 -109.894295 189.172638 -145.840759 20.247196 1.000000e+37 1.000000e+37 0.000000
1128418 351229 44474.328125 74560.468750 2933.631592 -100.784019 175.963333 -148.939209 14.844675 1.000000e+37 1.000000e+37 0.000000
1132723 354921 43769.042969 74233.890625 2668.627441 -75.510605 236.541855 -108.091949 22.814663 1.000000e+37 1.000000e+37 0.000000
1132724 354922 44430.246094 74279.828125 4057.873535 -51.070511 146.891418 -131.531219 22.419065 1.000000e+37 1.000000e+37 0.000000
1142543 363390 45236.035156 74651.343750 4407.305664 -32.650463 -21.681566 -185.407043 20.964592 1.000000e+37 1.000000e+37 0.000000
1148992 368956 43465.113281 73598.156250 3572.185547 -60.988483 230.517258 -26.176199 23.876591 1.000000e+37 1.000000e+37 0.000000
1150005 369826 43708.050781 73765.765625 3488.491455 -63.630264 132.276688 -124.200035 16.462841 1.000000e+37 1.000000e+37 0.000000
1157532 376376 44838.757812 66.003372 3345.740234 -162.528717 -34.918697 -180.647797 21.606911 1.000000e+37 1.000000e+37 0.000000
1175879 392467 43432.453125 74722.789062 2474.077637 -184.980331 61.490448 -171.461044 20.365805 1.000000e+37 1.000000e+37 0.000000
1216339 428465 44739.050781 74017.632812 2635.521729 -197.753937 261.445679 -58.637192 18.751215 1.000000e+37 1.000000e+37 0.000000
1222581 434079 45204.507812 74576.953125 3750.300781 -113.504532 106.304787 -160.310852 22.242126 1.000000e+37 1.000000e+37 0.000000
1241591 451231 44722.535156 74553.773438 3537.607666 -211.726807 27.809223 -184.176071 22.023895 1.000000e+37 1.000000e+37 0.000000
1266490 474030 43948.375000 74794.945312 2511.269287 -148.796417 -59.650314 -192.861359 18.871784 1.000000e+37 1.000000e+37 0.000000
1266491 474031 43878.652344 73988.859375 2567.419922 -12.922414 182.237778 -192.493530 15.113314 1.000000e+37 1.000000e+37 0.000000
1266492 474031 43869.292969 73967.195312 2564.324219 -11.707493 171.963272 -188.778854 11.826209 1.000000e+37 1.000000e+37 0.000000
1267971 475408 43841.425781 73365.710938 3661.607422 -29.811548 73.164978 -176.059677 19.545708 1.000000e+37 1.000000e+37 0.000000
1269553 476858 44975.453125 73970.898438 3912.034424 -60.836090 137.436829 -112.762604 22.014227 1.000000e+37 1.000000e+37 0.000000
1272651 479720 45040.613281 74335.867188 3356.146729 -216.016617 232.597275 -21.100851 18.511845 1.000000e+37 1.000000e+37 0.000000
1275871 482688 45154.285156 74394.984375 3505.701416 -44.150219 -0.973146 -108.710304 18.736191 1.000000e+37 1.000000e+37 0.000000
1282284 488589 44819.292969 74640.523438 3596.702393 -86.322983 21.450630 -176.027283 20.713655 1.000000e+37 1.000000e+37 0.000000
1288993 494793 44902.914062 74297.093750 3574.395508 -174.612152 65.906784 -253.206833 16.292273 1.000000e+37 1.000000e+37 0.000000
1288994 494793 44921.484375 74304.820312 3590.772949 -124.145554 84.546127 -145.413193 14.070269 1.000000e+37 1.000000e+37 0.000000
1288995 494794 45085.917969 74215.875000 4169.837891 0.082094 28.669626 -175.806473 15.456612 1.000000e+37 1.000000e+37 0.000000
1288996 494794 45083.015625 74231.171875 4154.684570 2.219728 36.893272 -168.336853 14.170359 1.000000e+37 1.000000e+37 0.000000
1290683 496361 44538.078125 74620.617188 2368.885742 -36.416615 -2.213181 -212.876862 21.293564 1.000000e+37 1.000000e+37 0.000000
1292355 497905 44691.128906 73937.765625 4482.598633 -40.284527 120.697151 -90.570862 20.087374 1.000000e+37 1.000000e+37 0.000000
1295824 501093 44684.656250 74513.664062 2955.157959 -32.500172 -46.318077 -143.443268 22.791790 1.000000e+37 1.000000e+37 0.000000
1301102 506008 44148.109375 74582.039062 3212.518555 -204.034103 116.084793 -57.732700 16.129822 1.000000e+37 1.000000e+37 0.000000
1301103 506008 44167.550781 74609.507812 3189.206299 -213.693085 126.448135 -58.617958 8.440447 1.000000e+37 1.000000e+37 0.000000
1304567 509244 45375.042969 74376.289062 3345.092773 -219.600800 184.380020 -33.478279 14.013833 1.000000e+37 1.000000e+37 0.000000
1304568 509244 45359.742188 74357.195312 3321.520752 -225.386139 179.561447 -23.320389 14.732821 1.000000e+37 1.000000e+37 0.000000
1311893 516098 44487.933594 74669.531250 3630.330322 -129.833755 16.353060 -198.951355 23.928572 1.000000e+37 1.000000e+37 0.000000
1313756 517851 44626.855469 74542.125000 3207.978271 -306.848419 95.073402 -49.867073 18.330688 1.000000e+37 1.000000e+37 0.000000
1321282 524865 44693.710938 74583.695312 3020.645996 -230.618011 240.388275 -51.526619 18.741156 1.000000e+37 1.000000e+37 0.000000
1330956 533902 45302.203125 74387.437500 4196.773438 -100.770393 50.934223 -134.487991 19.276428 1.000000e+37 1.000000e+37 0.000000
1338976 541409 43923.714844 73846.460938 2820.398193 -20.552830 153.262100 -162.708862 17.127207 1.000000e+37 1.000000e+37 0.000000
1340998 543307 43855.566406 73694.859375 4255.241699 -41.350426 123.403877 -142.631531 20.673340 1.000000e+37 1.000000e+37 0.000000
1340999 543308 44171.027344 74865.398438 3791.527588 -92.355362 14.922812 -101.409920 21.271238 1.000000e+37 1.000000e+37 0.000000
1353296 554910 44034.570312 73666.578125 3576.592285 -110.617226 130.829575 -93.582596 10.329863 1.000000e+37 1.000000e+37 0.000000
1353297 554910 44050.714844 73660.156250 3593.418945 -112.754684 137.688248 -101.891930 11.038639 1.000000e+37 1.000000e+37 0.000000
1353302 554915 45315.031250 74203.117188 3242.089600 -225.184952 175.192108 -28.262604 20.087679 1.000000e+37 1.000000e+37 0.000000
1361862 562971 44412.261719 74854.125000 3079.140137 -272.677643 214.989960 -51.328648 18.686317 1.000000e+37 1.000000e+37 0.000000
1370587 571246 45293.007812 74296.929688 3932.671387 -41.192261 -7.982459 -209.828842 17.467449 1.000000e+37 1.000000e+37 0.000000
1372918 573490 43714.832031 74286.781250 2498.558105 -107.523033 279.748840 -149.107071 15.726326 1.000000e+37 1.000000e+37 0.000000
1372919 573490 43731.062500 74270.265625 2506.811035 -83.259911 225.497681 -69.034111 13.160036 1.000000e+37 1.000000e+37 0.000000
1379722 579948 44492.273438 74539.320312 2735.042969 -161.572723 40.081345 -98.473351 21.424183 1.000000e+37 1.000000e+37 0.000000
1396041 595651 44709.242188 74256.171875 3761.125732 -82.417206 178.126617 -122.794441 17.495296 1.000000e+37 1.000000e+37 0.000000
1401229 600594 44730.953125 388.863373 2960.506836 -144.993668 -28.602213 -161.530609 19.187265 1.000000e+37 1.000000e+37 0.000000
1403352 602605 44605.484375 74399.757812 3518.132324 -72.286888 48.153526 -225.237701 21.094097 1.000000e+37 1.000000e+37 0.000000
1408262 607359 43988.480469 74582.000000 3155.638184 -219.898727 113.317329 -114.918045 20.386448 1.000000e+37 1.000000e+37 0.000000
1410814 609842 44183.996094 74025.164062 3912.215820 -75.464645 137.404846 -118.574081 17.906109 1.000000e+37 1.000000e+37 0.000000
1410815 609843 44796.625000 74541.976562 3710.285156 -67.395279 8.644447 -141.928223 23.040258 1.000000e+37 1.000000e+37 0.000000
1413374 612316 44279.285156 74428.601562 4552.637207 -216.621643 43.578648 -86.637848 20.290434 1.000000e+37 1.000000e+37 0.000000
1418563 617301 43368.218750 74714.398438 2587.729492 -20.134693 213.551620 -126.075531 19.587374 1.000000e+37 1.000000e+37 0.000000
1431830 630127 44686.976562 74625.437500 3738.261475 -28.573114 34.039017 -150.169952 18.946749 1.000000e+37 1.000000e+37 0.000000
1437132 635245 43914.730469 265.618622 2386.323975 -136.520401 113.972977 -202.303009 11.889955 1.000000e+37 1.000000e+37 0.000000
1437133 635245 43923.742188 242.530640 2366.072021 -114.821068 114.277321 -209.834335 9.423842 1.000000e+37 1.000000e+37 0.000000
1442653 640601 43980.093750 73682.796875 3590.055908 -88.573830 157.803452 -101.058357 16.604458 1.000000e+37 1.000000e+37 0.000000
1448291 646067 43897.640625 73785.734375 3945.660156 -46.824944 132.180161 -143.450409 17.264458 1.000000e+37 1.000000e+37 0.000000
1448292 646067 43913.093750 73800.187500 3952.610107 -49.339874 148.786713 -158.516846 9.857871 1.000000e+37 1.000000e+37 0.000000
1448293 646068 44859.812500 74113.046875 4447.654297 46.171463 30.622343 -161.987534 13.776379 1.000000e+37 1.000000e+37 0.000000
1448294 646068 44892.957031 74105.671875 4453.874023 42.272175 42.119301 -156.416992 13.559338 1.000000e+37 1.000000e+37 0.000000
1451123 648831 44730.105469 100.917221 3017.000732 -174.462051 -41.795498 -141.015381 15.431028 1.000000e+37 1.000000e+37 0.000000
1465607 662976 44373.183594 74568.953125 2631.697021 -145.736145 74.226875 -198.228989 18.384607 1.000000e+37 1.000000e+37 0.000000
1468553 665877 43592.832031 73966.789062 2765.477295 27.925726 133.366547 -191.162323 16.556105 1.000000e+37 1.000000e+37 0.000000
1477671 674768 43730.710938 73476.046875 3855.114258 -104.410202 248.614944 -108.752731 17.110615 1.000000e+37 1.000000e+37 0.000000
1480865 677885 44013.109375 73582.609375 3612.177979 -94.102432 138.471085 -106.500916 17.801661 1.000000e+37 1.000000e+37 0.000000
1496744 693498 45197.101562 74432.437500 4076.332520 -274.342041 56.272488 -29.071405 15.374782 1.000000e+37 1.000000e+37 0.000000
1506620 703272 44026.902344 35.138882 3086.170410 -150.196747 11.697577 -128.087601 23.508789 -9.462096e+00 -1.001900e+01 0.000124
1516683 713291 43301.769531 73968.531250 3666.818115 -67.761917 109.611931 -169.425644 17.257494 1.000000e+37 1.000000e+37 0.000000
1523513 720098 44332.269531 73617.875000 3428.136230 -89.634445 129.873306 -120.676231 15.660046 1.000000e+37 1.000000e+37 0.000000
1530565 727128 43934.894531 73793.039062 3535.145996 -103.482445 169.713608 -70.968224 16.471489 1.000000e+37 1.000000e+37 0.000000
1541405 737925 44451.671875 74395.976562 4207.597168 -184.262772 -49.751919 -159.016251 16.241621 1.000000e+37 1.000000e+37 0.000000
1544991 741554 45092.105469 74375.968750 3659.814941 -296.148346 101.927345 -9.008286 15.090165 1.000000e+37 1.000000e+37 0.000000
1548661 745251 44546.980469 74000.203125 4308.708496 -48.044621 125.755806 -88.842155 19.622431 1.000000e+37 1.000000e+37 0.000000
1552379 748973 44520.648438 74769.539062 2842.956299 -196.627167 -62.276463 -141.136932 15.238251 1.000000e+37 1.000000e+37 0.000000
1560130 756725 44718.902344 74965.515625 3801.555176 -97.631332 39.633533 -162.045120 16.439600 1.000000e+37 1.000000e+37 0.000000
1572581 769285 45112.921875 485.924377 3932.773682 -114.720718 0.035967 -155.856094 17.833088 1.000000e+37 1.000000e+37 0.000000
1575967 772677 45012.363281 74528.414062 3031.315430 -240.444244 198.629822 -40.861748 15.411684 1.000000e+37 1.000000e+37 0.000000
1592022 788916 44211.156250 74116.609375 3324.199219 -107.109245 163.786560 -126.331421 15.851292 1.000000e+37 1.000000e+37 0.000000
1604951 802058 45236.460938 74527.156250 3991.423096 -122.698074 95.377518 -140.582214 13.687977 1.000000e+37 1.000000e+37 0.000000
1604952 802058 45229.242188 74541.015625 3971.051270 -117.062836 87.942825 -141.398438 11.446074 1.000000e+37 1.000000e+37 0.000000
1609236 806433 43880.437500 74604.515625 2187.008057 -172.723663 57.891804 -85.707260 20.992048 1.000000e+37 1.000000e+37 0.000000
1613624 810943 43808.207031 74210.882812 2435.534424 35.399471 228.090164 -181.459213 15.993554 1.000000e+37 1.000000e+37 0.000000
1613627 810946 43741.203125 74805.859375 2484.632080 -34.756447 151.260895 -233.984543 17.315567 1.000000e+37 1.000000e+37 0.000000
1627271 824901 44483.699219 74022.023438 4014.835205 -163.373856 -0.847290 -178.124603 17.479416 1.000000e+37 1.000000e+37 0.000000
1636650 834489 44346.742188 74905.101562 2313.290039 -116.052773 221.410110 -138.989944 19.909533 1.000000e+37 1.000000e+37 0.000000
1641261 839231 44155.593750 74666.625000 3419.412598 -148.023636 142.302658 -149.875992 20.495888 1.000000e+37 1.000000e+37 0.000000
1641265 839237 43620.445312 73848.828125 3405.734375 -28.644163 164.389709 -68.561523 19.620886 1.000000e+37 1.000000e+37 0.000000
1641268 839240 44355.394531 74252.070312 4349.816895 -175.032394 -36.638336 -142.828461 11.658485 1.000000e+37 1.000000e+37 0.000000
1641269 839240 44359.562500 74263.085938 4340.925781 -179.847351 -48.427368 -139.508972 11.562101 1.000000e+37 1.000000e+37 0.000000
1646063 844146 43681.394531 74426.000000 2799.494385 -20.800203 238.493301 -180.522003 14.656907 1.000000e+37 1.000000e+37 0.000000
1660503 859010 44458.421875 74695.945312 4287.338379 -124.375130 32.807804 -170.081146 14.370596 1.000000e+37 1.000000e+37 0.000000
1665333 864027 44309.847656 74343.195312 3678.163818 -142.150330 114.082298 -202.466370 15.376419 1.000000e+37 1.000000e+37 0.000000
1712760 913393 44342.906250 74739.125000 3409.813232 -136.540802 -5.646189 -102.338333 21.223568 -1.007662e+01 -1.067168e+01 0.000228
1718327 919187 45317.128906 74102.953125 3671.145264 -195.307846 225.023621 -18.913555 13.712398 1.000000e+37 1.000000e+37 0.000000
1724108 925202 43262.945312 74233.289062 2867.855469 -31.644547 215.750076 -135.518188 17.992115 1.000000e+37 1.000000e+37 0.000000
1724111 925205 44826.539062 74741.914062 2872.362549 -37.712769 62.965477 -146.699249 12.972515 1.000000e+37 1.000000e+37 0.000000
1729854 931225 44734.480469 74808.828125 3703.665039 -106.635956 10.057673 -135.090256 14.945251 1.000000e+37 1.000000e+37 0.000000
1729855 931226 45133.609375 74180.984375 4026.039795 -56.958660 135.980530 -117.650627 16.268692 1.000000e+37 1.000000e+37 0.000000
1741676 943644 44762.640625 74841.804688 3910.432617 -67.854836 102.733482 -192.622513 13.729094 1.000000e+37 1.000000e+37 0.000000
1741677 943644 44747.332031 74858.468750 3919.412598 -64.713524 107.863960 -187.723282 7.979196 1.000000e+37 1.000000e+37 0.000000
1747721 950039 44736.375000 74756.070312 2719.086914 -263.864288 201.806915 -54.794243 12.947306 1.000000e+37 1.000000e+37 0.000000
1747722 950040 44383.878906 74062.890625 4036.808105 -177.649094 29.293219 -154.825424 16.162525 1.000000e+37 1.000000e+37 0.000000
1759701 962669 45522.843750 74154.843750 3683.633057 -247.789139 113.738121 -14.370725 17.057146 1.000000e+37 1.000000e+37 0.000000
1765798 969132 43884.722656 278.035034 2434.114258 -136.206985 114.497322 -212.293457 17.221811 1.000000e+37 1.000000e+37 0.000000
1771993 975698 44963.914062 74638.187500 4563.116699 -60.275124 94.936836 -101.438614 14.609387 1.000000e+37 1.000000e+37 0.000000
1771994 975699 44555.734375 74496.578125 4599.103027 39.389427 -9.464590 -180.610703 12.006915 1.000000e+37 1.000000e+37 0.000000
1778515 982612 44088.847656 74572.648438 3324.718262 -87.882507 6.196172 -120.771385 18.525307 1.000000e+37 1.000000e+37 0.000000
1779515 983652 44805.269531 345.360779 2775.305664 -84.718102 -30.002069 -189.168015 15.634679 1.000000e+37 1.000000e+37 0.000000
1784853 989363 44858.710938 74814.656250 3970.856201 -147.783661 63.598507 -85.889671 16.970299 1.000000e+37 1.000000e+37 0.000000
1784854 989364 43920.039062 73676.101562 3612.418457 -98.280167 157.153946 -99.706680 9.676036 1.000000e+37 1.000000e+37 0.000000
1791315 996249 44391.140625 74931.656250 4058.377441 -177.678345 185.997437 -128.322250 13.149878 1.000000e+37 1.000000e+37 0.000000
1791326 996260 45613.050781 74199.914062 3681.554443 -285.237091 76.785767 4.415673 13.958447 1.000000e+37 1.000000e+37 0.000000
1804492 1010330 43618.781250 73848.593750 2711.418945 -24.256836 218.577774 -108.702850 14.292210 1.000000e+37 1.000000e+37 0.000000
1818036 1024860 45153.382812 74551.609375 4015.378662 -85.393799 107.720413 -151.003586 15.309097 1.000000e+37 1.000000e+37 0.000000
1818037 1024861 44558.335938 74714.890625 2922.969482 -293.760773 118.702301 -29.577574 13.848093 1.000000e+37 1.000000e+37 0.000000
1825007 1032359 43899.738281 73650.984375 3407.899658 0.372643 78.736763 -165.174561 10.089021 1.000000e+37 1.000000e+37 0.000000
1832059 1039960 44077.761719 74929.234375 3107.713867 -173.231659 -35.921066 -196.792908 15.156133 1.000000e+37 1.000000e+37 0.000000
1839171 1047670 44815.714844 74921.429688 3445.371582 -161.559921 -41.172447 -178.236160 14.169179 1.000000e+37 1.000000e+37 0.000000
1840316 1048868 45194.828125 482.488922 4124.068359 -43.654255 -4.260242 -153.916870 15.038557 1.000000e+37 1.000000e+37 0.000000
1846435 1055456 43571.050781 73721.148438 3575.624023 -55.827759 94.889793 -97.854965 16.547977 1.000000e+37 1.000000e+37 0.000000
1853753 1063336 44555.339844 74021.023438 4390.037109 -32.029770 107.059776 -105.316818 16.600540 1.000000e+37 1.000000e+37 0.000000
1868638 1079559 43632.750000 74252.562500 2705.888428 35.148804 58.451435 -251.232681 11.126719 1.000000e+37 1.000000e+37 0.000000
1868648 1079575 44504.605469 194.130737 4056.621582 -210.277832 -22.578852 -117.106026 13.546866 1.000000e+37 1.000000e+37 0.000000
1869955 1080951 45076.089844 703.238647 3059.972412 -123.114059 1.294764 -164.119263 14.593246 1.000000e+37 1.000000e+37 0.000000
1876427 1087992 43985.566406 74351.820312 2186.827637 -63.424759 210.123703 -141.360596 14.933386 1.000000e+37 1.000000e+37 0.000000
1899818 1113581 44604.269531 74284.445312 4132.584961 -145.909775 67.237076 -143.509796 17.706278 1.000000e+37 1.000000e+37 0.000000
1899819 1113582 44363.656250 74916.390625 3445.859375 -186.263779 -69.764526 -178.172516 13.464846 1.000000e+37 1.000000e+37 0.000000
1908020 1122542 44020.609375 74623.054688 2665.972656 -114.298241 222.495636 -151.462433 15.932334 1.000000e+37 1.000000e+37 0.000000
1924468 1140673 44632.246094 74834.867188 3657.001953 -117.182129 118.635529 -230.622818 14.347089 1.000000e+37 1.000000e+37 0.000000
1924479 1140687 44826.183594 347.246002 3003.163574 -152.272644 -24.077728 -162.364380 14.311754 1.000000e+37 1.000000e+37 0.000000
1932990 1150047 44004.960938 63.158455 2257.566895 -268.805328 214.356583 -85.798096 15.201084 1.000000e+37 1.000000e+37 0.000000
1932991 1150048 45385.339844 74341.179688 3413.536865 -221.674026 190.465912 -31.672239 13.986713 1.000000e+37 1.000000e+37 0.000000
1941720 1159618 44490.421875 74587.617188 2858.399170 -123.036690 179.810913 -139.088104 13.313179 1.000000e+37 1.000000e+37 0.000000
1941738 1159640 44246.570312 74623.640625 4380.256348 -236.239349 54.365952 -103.063004 14.572361 1.000000e+37 1.000000e+37 0.000000
1950384 1169198 44819.210938 74751.078125 3657.514404 -120.605820 15.310115 -167.631332 15.376149 1.000000e+37 1.000000e+37 0.000000
1950386 1169200 44288.011719 73556.750000 3534.395752 -95.386848 132.324463 -125.157806 14.767387 1.000000e+37 1.000000e+37 0.000000
1950393 1169213 44427.582031 29.752153 3919.374268 -186.650513 -48.951836 -136.201691 10.214770 1.000000e+37 1.000000e+37 0.000000
1959196 1179016 43558.609375 74981.992188 3168.053223 -171.487991 65.688622 -135.699341 15.509713 1.000000e+37 1.000000e+37 0.000000
1968321 1189183 43619.652344 74026.812500 3340.060303 -44.580910 136.867752 -106.761200 17.903728 1.000000e+37 1.000000e+37 0.000000
1968325 1189188 44237.699219 73339.046875 3846.574707 -92.858597 138.684128 -108.028854 14.516264 1.000000e+37 1.000000e+37 0.000000
1969672 1190684 44226.113281 590.591187 3271.482666 -146.217484 -21.346003 -172.239929 13.068995 1.000000e+37 1.000000e+37 0.000000
1977581 1199494 43978.996094 73303.289062 3441.976318 -60.427322 131.295059 -157.092789 13.288432 1.000000e+37 1.000000e+37 0.000000
1996269 1220463 43523.496094 73821.914062 3443.122314 -37.601772 104.750793 -146.286606 14.751068 1.000000e+37 1.000000e+37 0.000000
1996274 1220468 44003.687500 74404.257812 2993.343262 -81.225609 184.362091 -178.456955 16.636768 1.000000e+37 1.000000e+37 0.000000
2005802 1231255 43890.972656 73589.429688 3595.286865 -118.422058 119.255455 -90.806206 10.342566 1.000000e+37 1.000000e+37 0.000000
2005807 1231260 44724.406250 74669.656250 2841.432617 -22.607983 80.583595 -154.423843 11.408893 1.000000e+37 1.000000e+37 0.000000
2005808 1231261 44503.375000 74369.992188 4784.883301 42.241089 -2.420778 -174.187164 14.007947 1.000000e+37 1.000000e+37 0.000000
2005817 1231275 45563.468750 74223.375000 3995.261963 -262.585205 112.185509 -17.172363 11.522847 1.000000e+37 1.000000e+37 0.000000
2005818 1231276 43658.136719 74931.070312 3364.184082 -159.453247 85.900597 -89.938736 16.494022 1.000000e+37 1.000000e+37 0.000000
2005819 1231277 44756.316406 74503.156250 4455.766602 -51.099091 113.609108 -102.363281 18.891140 1.000000e+37 1.000000e+37 0.000000
2015709 1242431 44248.113281 74992.507812 2259.627930 -291.815948 196.942017 -79.337654 14.844463 1.000000e+37 1.000000e+37 0.000000
2015711 1242433 44723.253906 74614.460938 3006.557373 -166.107529 44.668346 -97.660767 16.210037 1.000000e+37 1.000000e+37 0.000000
2015721 1242452 45116.968750 74145.445312 2939.084717 -204.651016 237.638931 -40.456913 14.546598 1.000000e+37 1.000000e+37 0.000000
2025598 1253608 45230.234375 74450.632812 3853.838135 -51.301975 -47.183327 -201.209946 13.761073 1.000000e+37 1.000000e+37 0.000000
2025600 1253610 44352.210938 74844.976562 2168.024414 -135.723984 124.567245 -166.227448 15.965796 1.000000e+37 1.000000e+37 0.000000
2025603 1253612 43757.343750 74371.390625 2346.096191 -20.663658 246.934555 -96.438454 14.148071 1.000000e+37 1.000000e+37 0.000000
2025605 1253615 44278.226562 74923.843750 2935.702881 -316.467743 74.677116 -58.359772 13.048167 1.000000e+37 1.000000e+37 0.000000
2025606 1253616 44121.097656 190.231155 2330.751465 -85.313599 142.918716 -153.274414 16.495544 1.000000e+37 1.000000e+37 0.000000
2027256 1255421 44526.519531 742.258301 2674.186279 -153.402908 -0.820622 -181.815109 14.714739 1.000000e+37 1.000000e+37 0.000000
2035590 1264979 44997.281250 74242.843750 3679.317383 -67.959641 53.157276 -129.742737 15.671790 1.000000e+37 1.000000e+37 0.000000
2035597 1264990 44153.203125 250.012619 3358.281006 -100.933777 130.940063 -66.219658 14.760491 1.000000e+37 1.000000e+37 0.000000
2046014 1276810 44587.554688 74839.562500 3271.536621 -309.792664 28.555098 -72.915169 12.386941 1.000000e+37 1.000000e+37 0.000000
2056485 1288717 43865.167969 74835.804688 3009.378174 -142.999603 81.257614 -126.615067 18.242659 1.000000e+37 1.000000e+37 0.000000
2067238 1300919 44071.281250 74145.531250 2992.717529 -86.578033 192.103775 -145.111755 16.792191 1.000000e+37 1.000000e+37 0.000000
2088987 1325891 43683.226562 74633.210938 2847.938232 -188.195511 85.261070 -164.052338 18.800402 1.000000e+37 1.000000e+37 0.000000
2088988 1325892 43989.464844 73587.132812 3521.693115 -106.153603 124.132950 -84.294823 10.931363 1.000000e+37 1.000000e+37 0.000000
2111797 1352172 44355.949219 74765.039062 2544.478760 -353.272583 96.798622 -49.916981 14.224278 1.000000e+37 1.000000e+37 0.000000
2123404 1365655 44477.250000 74290.742188 3334.097900 -136.981964 60.281158 -204.836899 14.968994 1.000000e+37 1.000000e+37 0.000000
2123405 1365656 44461.496094 73859.570312 4595.210449 -118.996246 -1.808650 -112.645302 13.738519 1.000000e+37 1.000000e+37 0.000000
2123420 1365677 45031.570312 74631.164062 3375.169189 -290.818268 101.702003 -27.335512 10.913015 1.000000e+37 1.000000e+37 0.000000
2135320 1379510 43681.191406 74459.281250 2702.324463 -4.431707 246.007126 -201.264465 13.052658 1.000000e+37 1.000000e+37 0.000000
2135323 1379513 43940.648438 242.769943 2646.933838 -221.277176 188.997086 -100.736656 12.764606 1.000000e+37 1.000000e+37 0.000000
2172215 1422737 43887.628906 74976.859375 2204.976562 -72.287125 181.184341 -204.951950 17.252260 1.000000e+37 1.000000e+37 0.000000
2172216 1422739 43327.000000 73987.101562 3944.239502 -81.263405 127.630058 -147.700058 12.938183 1.000000e+37 1.000000e+37 0.000000
2172218 1422741 45132.031250 74501.515625 4089.518555 -98.393990 -45.486958 -188.216324 12.258737 1.000000e+37 1.000000e+37 0.000000
2174333 1425187 44828.062500 833.819519 3382.522949 -125.292130 6.899695 -165.574295 12.394115 1.000000e+37 1.000000e+37 0.000000
2185025 1437886 43510.980469 73733.546875 3255.245117 42.295959 72.788086 -146.003738 12.740041 1.000000e+37 1.000000e+37 0.000000
2185040 1437901 45179.996094 74419.742188 3251.441162 -308.978271 89.899300 -13.909192 12.269648 1.000000e+37 1.000000e+37 0.000000
2185042 1437903 44304.871094 199.475449 3032.212402 -131.442551 35.269085 -98.550117 14.644032 1.000000e+37 1.000000e+37 0.000000
2185043 1437904 44080.890625 64.762917 2157.560791 -290.585144 191.932281 -91.559677 13.298212 1.000000e+37 1.000000e+37 0.000000
2198083 1453361 44507.335938 74618.023438 2994.150879 -300.688660 106.106544 -59.037659 11.788184 1.000000e+37 1.000000e+37 0.000000
2211359 1469151 43895.445312 74788.039062 2505.608398 -158.072769 -50.571507 -188.557709 13.683871 1.000000e+37 1.000000e+37 0.000000
2211360 1469152 43371.320312 74033.554688 4065.102783 -81.585075 133.756165 -139.718185 11.757759 1.000000e+37 1.000000e+37 0.000000
2211363 1469155 44235.781250 74837.273438 2208.342529 -366.075684 83.349854 -67.815178 12.451198 1.000000e+37 1.000000e+37 0.000000
2225154 1485469 43596.101562 73835.757812 4225.187988 -62.386749 123.656586 -130.597443 14.591826 1.000000e+37 1.000000e+37 0.000000
2225157 1485472 44496.703125 74739.062500 2722.151611 -245.706924 246.029083 -59.116749 7.730889 1.000000e+37 1.000000e+37 0.000000
2225158 1485473 43900.058594 73566.234375 3391.374756 18.902264 78.001495 -99.457939 9.252815 1.000000e+37 1.000000e+37 0.000000
2239293 1502222 43860.976562 73487.421875 3741.874756 -63.825821 231.734879 -34.653549 14.303246 1.000000e+37 1.000000e+37 0.000000
2239305 1502236 45311.230469 74323.976562 3979.216797 -61.389786 -28.911366 -206.139511 11.259977 1.000000e+37 1.000000e+37 0.000000
2239306 1502237 44335.101562 74111.867188 4407.085449 -171.816879 -29.400589 -137.622482 9.786327 1.000000e+37 1.000000e+37 0.000000
2241709 1505013 44907.371094 419.811157 2954.112549 -150.334747 -15.868187 -163.592041 14.851026 1.000000e+37 1.000000e+37 0.000000
2267856 1536637 44178.492188 74289.265625 2699.868408 -190.853836 43.580086 -117.972153 14.151226 1.000000e+37 1.000000e+37 0.000000
2270056 1539213 44090.320312 511.220764 2391.437988 -189.288269 -11.372002 -194.509644 13.837044 1.000000e+37 1.000000e+37 0.000000
2282595 1554570 44978.367188 74054.632812 3519.977783 -155.887680 9.142500 -112.706535 13.024082 1.000000e+37 1.000000e+37 0.000000
2297519 1572805 43891.824219 73594.695312 3389.030518 -3.362346 79.322266 -155.932007 8.145747 1.000000e+37 1.000000e+37 0.000000
2312753 1591436 43882.324219 73685.039062 3430.447510 13.350563 89.269775 -182.357254 9.112282 1.000000e+37 1.000000e+37 0.000000
2312767 1591451 43652.421875 73929.500000 4241.908691 -58.024178 139.625870 -134.035446 15.432283 1.000000e+37 1.000000e+37 0.000000
2312769 1591454 43965.222656 73599.734375 3414.768066 -103.051445 135.489532 -144.787460 12.100176 1.000000e+37 1.000000e+37 0.000000
2312770 1591456 44335.628906 74982.804688 3284.765625 -76.063454 55.832569 -53.231731 13.183446 1.000000e+37 1.000000e+37 0.000000
2328640 1610965 44612.101562 74529.117188 4592.024414 32.628288 -15.849322 -184.363754 12.957252 1.000000e+37 1.000000e+37 0.000000
2328644 1610969 44157.085938 74588.867188 3038.176025 -77.161766 218.551315 -152.572433 8.883452 1.000000e+37 1.000000e+37 0.000000
2328662 1611002 44536.929688 74586.867188 4561.027832 -120.971909 23.227774 -133.068802 14.535194 1.000000e+37 1.000000e+37 0.000000
2344924 1630988 44226.964844 74897.429688 3212.265381 -347.860352 37.508636 -82.591011 8.866302 1.000000e+37 1.000000e+37 0.000000
2344925 1630989 44422.007812 74280.429688 3991.863037 -47.352905 149.759766 -124.791443 12.769232 1.000000e+37 1.000000e+37 0.000000
2361014 1650959 43742.230469 74349.617188 2538.618408 -31.041651 287.079285 -71.912216 9.586601 1.000000e+37 1.000000e+37 0.000000
2361016 1650961 45308.210938 74514.843750 4233.771973 -255.654175 40.551533 -29.928585 9.454987 1.000000e+37 1.000000e+37 0.000000
2363658 1654100 44117.382812 886.581116 3022.734619 -142.962677 -2.747091 -183.988876 11.130043 1.000000e+37 1.000000e+37 0.000000
2395274 1693872 44590.804688 74538.687500 2999.081055 -115.074211 179.933014 -143.540283 12.103732 1.000000e+37 1.000000e+37 0.000000
2395275 1693872 44609.273438 74532.015625 2987.934082 -110.132568 182.522400 -140.091904 7.646657 1.000000e+37 1.000000e+37 0.000000
2398202 1697446 44756.441406 386.498627 2839.200195 -152.076782 -22.007170 -156.454758 11.898455 1.000000e+37 1.000000e+37 0.000000
2413000 1716351 45005.203125 74255.781250 3837.290039 -82.662003 26.777781 -91.662926 13.429725 1.000000e+37 1.000000e+37 0.000000
2413001 1716352 44828.132812 74379.210938 3684.721924 19.895212 83.390854 -239.215134 13.263688 1.000000e+37 1.000000e+37 0.000000
2413022 1716391 43613.648438 116.025581 3061.235352 -182.259018 84.471588 -178.183548 12.924473 1.000000e+37 1.000000e+37 0.000000
2430999 1739318 44287.410156 74604.468750 3119.577637 -239.914291 99.101692 -74.312805 11.395186 1.000000e+37 1.000000e+37 0.000000
2431000 1739319 45037.406250 74066.835938 3471.073242 -157.855347 -2.229622 -129.946533 11.776721 1.000000e+37 1.000000e+37 0.000000
2431002 1739324 44309.089844 74497.226562 3631.511963 -139.877823 120.842766 -51.704494 12.265257 1.000000e+37 1.000000e+37 0.000000
2431018 1739359 45330.484375 74182.257812 2686.112061 -265.585632 127.131355 -43.557632 15.022349 1.000000e+37 1.000000e+37 0.000000
2431028 1739371 44347.496094 74693.710938 4532.265137 -129.766388 40.252968 -134.749771 15.413332 1.000000e+37 1.000000e+37 0.000000
2431029 1739372 44385.058594 74217.210938 3439.037109 -118.432632 61.220734 -118.097023 12.596081 1.000000e+37 1.000000e+37 0.000000
2449637 1763232 44748.277344 74717.101562 2743.255371 -37.685802 97.832031 -189.025177 9.600773 1.000000e+37 1.000000e+37 0.000000
2449638 1763233 44257.046875 74368.398438 2670.696045 -2.844745 88.680756 -232.246109 14.714341 1.000000e+37 1.000000e+37 0.000000
2468521 1787732 45307.992188 74233.984375 3768.302734 -77.343887 -23.466394 -217.820023 12.799129 1.000000e+37 1.000000e+37 0.000000
2468522 1787733 43904.589844 73541.796875 3489.866211 -68.035439 101.992142 -88.121506 13.488158 1.000000e+37 1.000000e+37 0.000000
2468525 1787736 43731.996094 74921.382812 2316.309814 -130.067398 121.287888 -225.163864 14.575556 1.000000e+37 1.000000e+37 0.000000
2468546 1787775 43742.773438 74968.875000 3457.147949 -162.389542 66.784294 -169.370743 12.314125 1.000000e+37 1.000000e+37 0.000000
2487799 1813334 45276.722656 74404.335938 3932.718018 -112.691071 50.381664 -172.270172 12.407406 1.000000e+37 1.000000e+37 0.000000
2487800 1813335 44507.285156 74672.781250 2891.088135 -199.524963 -59.959980 -143.484436 11.678327 1.000000e+37 1.000000e+37 0.000000
2487801 1813336 45201.347656 74237.867188 3600.751221 -88.015213 -61.032616 -207.796249 10.527558 1.000000e+37 1.000000e+37 0.000000
2487803 1813338 43828.847656 73733.445312 3503.183105 -86.246841 159.728882 -127.284584 12.435617 1.000000e+37 1.000000e+37 0.000000
2487805 1813340 44616.527344 74220.710938 3716.467041 -79.113861 179.251038 -116.592422 14.281270 1.000000e+37 1.000000e+37 0.000000
2487806 1813341 43951.488281 74706.070312 3086.867432 -107.821106 33.201130 -123.692268 16.374573 1.000000e+37 1.000000e+37 0.000000
2487822 1813375 44039.328125 201.459183 2971.558594 -211.868057 184.784592 -61.883430 10.319584 1.000000e+37 1.000000e+37 0.000000
2487832 1813386 43569.109375 74627.125000 3060.602783 -150.684998 8.124678 -180.700104 13.336123 1.000000e+37 1.000000e+37 0.000000
2487833 1813387 45098.468750 74392.281250 4193.434570 -75.410973 11.549299 -129.579224 14.148868 1.000000e+37 1.000000e+37 0.000000
2507763 1840193 43514.449219 73828.453125 4139.664551 -71.926514 117.424576 -134.830002 15.352133 1.000000e+37 1.000000e+37 0.000000
2507764 1840194 43955.195312 56.739429 2547.092041 -253.426987 182.293701 -96.769363 12.804761 1.000000e+37 1.000000e+37 0.000000
2507765 1840196 43780.519531 74540.789062 2945.298096 -190.026962 84.947876 -157.536377 13.599924 1.000000e+37 1.000000e+37 0.000000
2507766 1840197 44552.414062 74682.664062 2825.678711 -240.649475 246.039627 -54.209164 8.711891 1.000000e+37 1.000000e+37 0.000000
2507768 1840199 44053.386719 74989.281250 3011.018066 -159.181519 10.047077 -117.002480 14.288598 1.000000e+37 1.000000e+37 0.000000
2507796 1840248 44795.132812 73968.398438 2581.817627 -201.250656 265.215607 -55.170620 13.699247 1.000000e+37 1.000000e+37 0.000000
2507799 1840251 44424.351562 74635.875000 2481.151367 -333.714417 140.769852 -50.707375 11.653934 1.000000e+37 1.000000e+37 0.000000
2507801 1840254 44377.503906 74418.140625 4263.313477 -187.422897 -37.491253 -147.333984 9.952169 1.000000e+37 1.000000e+37 0.000000
2528043 1868081 44029.027344 74805.226562 3245.562744 -12.871897 147.353561 -200.243607 8.785706 1.000000e+37 1.000000e+37 0.000000
2548780 1897628 45085.820312 74476.585938 4148.816895 -75.864189 -47.976852 -189.109879 15.722414 1.000000e+37 1.000000e+37 0.000000
2548781 1897629 43828.382812 73635.960938 3455.251709 25.080511 82.671150 -179.226395 10.090253 1.000000e+37 1.000000e+37 0.000000
2570101 1929111 44242.382812 73980.351562 3208.407715 -101.504799 158.420288 -132.074127 13.070020 1.000000e+37 1.000000e+37 0.000000
2570126 1929160 45270.535156 74446.085938 3622.692383 -283.555969 101.574989 -16.850569 11.368905 1.000000e+37 1.000000e+37 0.000000
2570129 1929163 44277.843750 74253.625000 4273.392578 -106.028152 35.157276 -149.967133 13.906780 1.000000e+37 1.000000e+37 0.000000
2592122 1963175 44134.105469 74951.476562 2431.610840 -333.197540 89.659592 -82.368942 5.246456 1.000000e+37 1.000000e+37 0.000000
2592127 1963181 44736.539062 74894.007812 2561.090576 -110.829422 -51.649059 -181.812378 12.366295 1.000000e+37 1.000000e+37 0.000000
2592156 1963253 44667.996094 74834.453125 3359.710693 -303.996460 26.441357 -70.867058 9.769876 1.000000e+37 1.000000e+37 0.000000
2614704 2000052 43591.152344 74090.203125 3221.686279 23.841181 21.869738 -217.685120 9.214621 1.000000e+37 1.000000e+37 0.000000
2614741 2000117 45199.839844 74112.726562 3050.195312 -202.278229 236.198593 -37.148525 14.261335 1.000000e+37 1.000000e+37 0.000000
2614742 2000118 43902.562500 161.720062 3082.960693 -189.339325 164.714874 -58.027657 8.383144 1.000000e+37 1.000000e+37 0.000000
2614745 2000122 44385.328125 73955.367188 4519.588379 -141.483856 -15.559209 -116.832344 10.775825 1.000000e+37 1.000000e+37 0.000000
2638008 2040475 44812.925781 74556.078125 3234.461182 -296.984741 108.885696 -40.267273 11.191649 1.000000e+37 1.000000e+37 0.000000
2638011 2040478 43857.847656 73632.390625 3429.751709 20.141655 86.031418 -172.175064 6.239823 1.000000e+37 1.000000e+37 0.000000
2638012 2040479 44068.257812 74810.796875 2464.954346 -342.089630 81.441971 -84.820168 7.291603 1.000000e+37 1.000000e+37 0.000000
2638036 2040548 45380.183594 74182.945312 3004.696045 -261.147766 126.512817 -27.028955 8.697158 1.000000e+37 1.000000e+37 0.000000
2638043 2040555 44281.859375 74339.601562 3475.208740 -168.158890 36.395531 -111.420120 14.711723 1.000000e+37 1.000000e+37 0.000000
2638044 2040556 44207.503906 74646.773438 3339.038574 -136.066193 67.727592 -198.892929 16.378914 1.000000e+37 1.000000e+37 0.000000
2686092 2133032 44258.015625 74568.296875 3379.203125 -184.467651 84.057060 -85.842949 13.549974 1.000000e+37 1.000000e+37 0.000000
2686093 2133033 44166.019531 74456.062500 3269.180908 -234.795258 110.762917 -118.955475 12.524837 1.000000e+37 1.000000e+37 0.000000
2711211 2186080 44313.781250 73934.984375 4300.000977 33.132042 27.934486 -177.996506 10.932332 1.000000e+37 1.000000e+37 0.000000
2711214 2186083 44789.273438 74529.304688 4542.676270 -92.169807 138.687576 -63.269993 12.775520 1.000000e+37 1.000000e+37 0.000000
2715236 2194244 45179.941406 74942.343750 3943.672607 -58.564629 -37.912506 -173.913269 12.384206 1.000000e+37 1.000000e+37 0.000000
2715238 2194248 44829.773438 678.656921 3299.886963 -126.896889 -3.601724 -173.546936 8.221380 1.000000e+37 1.000000e+37 0.000000
2737075 2243416 45059.125000 74227.257812 4432.063965 15.057172 15.624242 -153.683228 7.941756 1.000000e+37 1.000000e+37 0.000000
2737076 2243417 44352.042969 74677.070312 2861.708496 -316.946777 101.879295 -52.933327 8.260350 1.000000e+37 1.000000e+37 0.000000
2763560 2304612 45016.281250 74572.710938 2852.048828 -98.879509 25.138100 -206.370239 14.161622 1.000000e+37 1.000000e+37 0.000000
2763561 2304613 45169.039062 74759.734375 3189.118896 -61.849411 46.263332 -99.538376 12.955077 1.000000e+37 1.000000e+37 0.000000
2791018 2370119 44133.628906 74911.609375 2317.828125 -280.570587 243.137451 -74.174011 9.543672 1.000000e+37 1.000000e+37 0.000000
2791036 2370172 43361.835938 74521.585938 2733.463867 -8.481142 230.713913 -132.131714 8.839761 1.000000e+37 1.000000e+37 0.000000
2791052 2370203 43900.925781 14.520026 2846.581299 -225.989136 194.244385 -76.340172 11.746737 1.000000e+37 1.000000e+37 0.000000
2791064 2370216 43738.167969 74884.531250 3479.838623 -177.160950 27.505470 -174.312057 11.332110 1.000000e+37 1.000000e+37 0.000000
2795255 2379675 44331.464844 74928.539062 3577.005615 -154.095322 -71.742882 -179.657455 9.207621 1.000000e+37 1.000000e+37 0.000000
2819096 2439121 43627.894531 73585.734375 3858.477783 -9.155656 171.589478 -56.460777 14.005261 1.000000e+37 1.000000e+37 0.000000
2819103 2439129 45078.117188 74171.414062 4451.676270 16.424107 25.020535 -149.456192 8.761172 1.000000e+37 1.000000e+37 0.000000
2819104 2439130 45322.367188 74317.429688 3695.421875 -94.895355 29.585827 -212.054871 10.081904 1.000000e+37 1.000000e+37 0.000000
2819109 2439140 44838.125000 74382.382812 3779.003906 -83.986641 176.893906 -138.604355 10.360187 1.000000e+37 1.000000e+37 0.000000
2819110 2439141 43883.285156 74508.937500 3038.285156 -211.434250 104.552101 -138.396957 13.728672 1.000000e+37 1.000000e+37 0.000000
2819150 2439237 44654.675781 74630.640625 4671.407715 -166.253510 155.625000 -33.774075 10.364502 1.000000e+37 1.000000e+37 0.000000
2823768 2449675 43682.593750 153.466965 3005.138916 17.644533 -8.090414 -242.969391 11.891826 1.000000e+37 1.000000e+37 0.000000
2847992 2511839 44984.308594 74090.320312 4419.248535 38.107704 31.041107 -160.807327 10.089615 1.000000e+37 1.000000e+37 0.000000
2847993 2511840 44944.601562 74522.210938 4142.895508 2.177158 -27.406353 -206.380630 11.019097 1.000000e+37 1.000000e+37 0.000000
2848027 2511938 44597.527344 74648.242188 4621.446289 -170.007156 159.081024 -34.701248 9.355447 1.000000e+37 1.000000e+37 0.000000
2848037 2511954 43596.199219 74839.656250 2875.096436 -156.666595 79.557320 -129.078506 13.230145 1.000000e+37 1.000000e+37 0.000000
2878029 2587556 43772.714844 73474.125000 3486.336426 11.110396 97.343483 -133.472229 11.668606 1.000000e+37 1.000000e+37 0.000000
2878033 2587563 44187.328125 32.889347 2307.092773 -63.419720 117.684235 -178.496246 12.885787 1.000000e+37 1.000000e+37 0.000000
2908998 2666875 45381.410156 74398.960938 3976.388916 -77.040359 109.374725 -135.135696 11.169429 1.000000e+37 1.000000e+37 0.000000
2909001 2666878 43980.023438 74307.093750 2617.929688 -45.096767 231.088654 -100.590981 10.724758 1.000000e+37 1.000000e+37 0.000000
2909005 2666883 44969.195312 74521.945312 4681.189453 -169.047943 -49.069920 -114.232414 10.236329 1.000000e+37 1.000000e+37 0.000000
2941059 2749660 43733.957031 73733.406250 3450.277832 -112.506477 125.783928 -66.343796 13.694825 1.000000e+37 1.000000e+37 0.000000
2941086 2749693 44149.957031 74235.773438 2344.850342 -107.138214 201.905731 -184.227203 14.567983 1.000000e+37 1.000000e+37 0.000000
2941090 2749699 44767.554688 74633.648438 3685.776611 -308.659210 30.775820 -51.187794 8.200156 1.000000e+37 1.000000e+37 0.000000
2941113 2749792 44545.953125 74799.585938 4651.139648 -73.848236 147.660950 -80.307541 10.624997 1.000000e+37 1.000000e+37 0.000000
2973941 2836176 45229.132812 74322.898438 4028.419434 -18.995211 -22.134493 -202.624573 10.225260 1.000000e+37 1.000000e+37 0.000000
2973946 2836184 44415.808594 74348.476562 3713.808838 -139.819122 13.117543 -52.965210 9.791263 1.000000e+37 1.000000e+37 0.000000
2973957 2836250 43964.269531 187.191483 2720.022949 -225.689896 195.248215 -92.999603 10.260588 1.000000e+37 1.000000e+37 0.000000
2973975 2836285 44018.539062 143.679626 2972.639404 -224.033813 186.907715 -55.265106 11.328297 1.000000e+37 1.000000e+37 0.000000
3008204 2926942 44400.964844 74781.773438 2531.830566 -352.345032 99.009636 -46.611313 8.279453 1.000000e+37 1.000000e+37 0.000000
3008205 2926943 45179.078125 74420.796875 4013.165527 -273.364197 59.702286 -24.426369 7.549098 1.000000e+37 1.000000e+37 0.000000
3008206 2926945 43706.480469 73845.617188 3904.942383 18.250494 7.111509 -202.079971 10.571737 1.000000e+37 1.000000e+37 0.000000
3008208 2926948 43861.437500 74557.859375 2697.096436 -58.549408 231.456360 -143.275925 11.352032 1.000000e+37 1.000000e+37 0.000000
3008212 2926953 44192.171875 74987.609375 2284.413818 -289.617920 201.134674 -78.544228 5.597814 1.000000e+37 1.000000e+37 0.000000
3008213 2926954 44232.175781 74555.054688 3232.266602 -179.470734 -30.799608 -242.878311 9.635569 1.000000e+37 1.000000e+37 0.000000
3008247 2927076 44159.718750 310.943634 3328.363037 -120.020348 151.804672 -86.614967 12.125504 1.000000e+37 1.000000e+37 0.000000
3008254 2927087 45496.152344 74038.531250 2951.349365 -243.394775 128.911545 -29.069525 6.381163 1.000000e+37 1.000000e+37 0.000000
3008255 2927088 44202.363281 24.480762 2779.438477 -312.355286 15.446416 -82.281723 9.306154 1.000000e+37 1.000000e+37 0.000000
3008256 2927089 44633.898438 74788.007812 4115.092285 -57.748009 99.143051 -165.332535 11.127980 1.000000e+37 1.000000e+37 0.000000
3043794 3022285 44199.714844 73952.703125 2756.865479 -92.093483 165.465607 -160.085861 11.263880 1.000000e+37 1.000000e+37 0.000000
3043797 3022288 44212.335938 73679.679688 3844.027588 -95.285301 140.561874 -111.175339 12.922057 1.000000e+37 1.000000e+37 0.000000
3043801 3022295 44427.582031 74201.914062 3355.073486 -92.747742 168.663376 -120.477547 10.322656 1.000000e+37 1.000000e+37 0.000000
3080180 3121814 43654.019531 73444.406250 3481.775146 18.137451 77.362144 -164.788391 8.386728 1.000000e+37 1.000000e+37 0.000000
3080187 3121822 45309.382812 74278.554688 4053.262207 -28.852579 -4.447769 -200.976120 12.861597 1.000000e+37 1.000000e+37 0.000000
3080188 3121823 44863.531250 74534.195312 3652.790771 -181.876450 21.569378 -149.040451 8.828938 1.000000e+37 1.000000e+37 0.000000
3080189 3121824 44821.394531 74906.359375 2850.782471 -90.609856 -58.323799 -183.289780 9.390220 1.000000e+37 1.000000e+37 0.000000
3080193 3121831 44248.195312 74941.429688 3140.740967 -175.198639 -108.595215 -163.523453 6.711192 1.000000e+37 1.000000e+37 0.000000
3080194 3121832 44414.648438 74840.968750 3701.270020 -233.359421 168.518448 -8.953485 11.996552 1.000000e+37 1.000000e+37 0.000000
3080195 3121833 44582.640625 73825.343750 4541.020020 -44.279507 103.286156 -97.230400 8.727740 1.000000e+37 1.000000e+37 0.000000
3080287 3122070 44518.253906 38.180771 2278.282715 -346.158844 72.987267 -72.124367 11.608034 1.000000e+37 1.000000e+37 0.000000
3086259 3136694 44645.714844 6.045909 3163.665283 -152.222336 -25.277143 -171.834183 10.994589 1.000000e+37 1.000000e+37 0.000000
3117997 3226672 44796.664062 74737.359375 3571.927246 -86.201744 40.879238 -204.480499 10.631464 1.000000e+37 1.000000e+37 0.000000
3118001 3226677 44140.667969 74370.429688 2526.775879 -22.214817 118.739540 -194.266373 9.855280 1.000000e+37 1.000000e+37 0.000000
3118040 3226819 45431.574219 73920.656250 3229.954834 -191.535965 232.792816 -26.302504 10.322766 1.000000e+37 1.000000e+37 0.000000
3156960 3336500 43274.875000 74124.187500 3702.672119 -63.164970 139.840912 -144.131287 7.253353 1.000000e+37 1.000000e+37 0.000000
3156961 3336502 44478.835938 161.827164 3722.638916 -60.305870 129.186371 -142.770325 9.619512 1.000000e+37 1.000000e+37 0.000000
3156968 3336512 45009.199219 74891.750000 2854.881348 -83.771362 74.792618 -155.655731 10.705633 1.000000e+37 1.000000e+37 0.000000
3156969 3336513 44292.570312 74456.093750 2664.123535 -223.533951 -24.438520 -139.496582 10.192575 1.000000e+37 1.000000e+37 0.000000
3156970 3336514 43304.437500 74293.007812 2816.142822 27.790157 48.250206 -232.340454 11.078323 1.000000e+37 1.000000e+37 0.000000
3156972 3336516 43800.277344 73617.523438 3463.493408 -67.545761 95.372574 -104.823471 8.654948 1.000000e+37 1.000000e+37 0.000000
3156974 3336520 44572.867188 74759.937500 2878.739014 -126.287025 170.861252 -136.923431 11.419060 1.000000e+37 1.000000e+37 0.000000
3156975 3336521 43924.359375 63.970737 2651.387451 -135.060333 79.514389 -161.484909 12.611579 1.000000e+37 1.000000e+37 0.000000
3157018 3336655 44413.367188 74921.695312 3954.066895 -183.615784 -54.717239 -143.495071 8.431022 1.000000e+37 1.000000e+37 0.000000
3157027 3336667 45333.191406 74174.929688 2985.739258 -253.564102 142.472549 -25.543583 7.249283 1.000000e+37 1.000000e+37 0.000000
3197097 3451657 43407.906250 74232.625000 2798.372314 -29.896578 152.974884 -190.909515 11.683969 1.000000e+37 1.000000e+37 0.000000
3197103 3451667 44496.347656 74765.914062 3732.965332 -89.902931 73.643974 -194.495346 10.379462 1.000000e+37 1.000000e+37 0.000000
3197104 3451668 44473.421875 74195.421875 3540.309814 -132.261673 24.849623 -239.303589 10.656020 1.000000e+37 1.000000e+37 0.000000
3197106 3451671 43865.304688 113.634949 3388.868896 23.873901 -8.652782 -233.508423 8.723435 1.000000e+37 1.000000e+37 0.000000
3197109 3451675 44363.847656 73374.140625 3763.578369 -61.318535 146.735123 -125.535255 9.828422 1.000000e+37 1.000000e+37 0.000000
3197112 3451685 44572.347656 74741.351562 3436.827148 -311.108124 38.451668 -56.375076 7.225404 1.000000e+37 1.000000e+37 0.000000
3197113 3451686 44684.304688 74831.882812 3863.017334 -81.427231 59.531158 -82.869003 6.806088 1.000000e+37 1.000000e+37 0.000000
3197161 3451875 44616.191406 74990.664062 4231.886719 -97.520279 82.920074 -154.955032 9.726554 1.000000e+37 1.000000e+37 0.000000
3239221 3573804 43312.679688 74098.468750 3871.939697 -56.746052 132.800171 -107.301483 10.224134 1.000000e+37 1.000000e+37 0.000000
3239222 3573805 44391.929688 176.624802 3669.513428 -61.307362 132.003281 -139.844116 9.084263 1.000000e+37 1.000000e+37 0.000000
3239228 3573814 44968.058594 74121.914062 3542.151855 -89.673004 45.762173 -120.565742 13.616975 1.000000e+37 1.000000e+37 0.000000
3239229 3573815 45157.636719 74441.203125 3484.090332 -46.175610 12.150305 -105.519707 8.332250 1.000000e+37 1.000000e+37 0.000000
3239230 3573816 44934.175781 74521.046875 3495.292480 -13.137877 84.660866 -243.391434 8.407586 1.000000e+37 1.000000e+37 0.000000
3239233 3573820 43763.023438 74132.312500 2457.097412 -96.470032 231.424179 -159.751770 10.285893 1.000000e+37 1.000000e+37 0.000000
3239234 3573821 43508.933594 74400.882812 2474.546387 -112.907501 141.124481 -139.423645 11.450526 1.000000e+37 1.000000e+37 0.000000
3239276 3573981 44461.570312 74641.164062 3314.507812 -110.381660 75.875595 -183.198532 11.680447 1.000000e+37 1.000000e+37 0.000000
3239286 3573999 45335.765625 74209.757812 3786.118164 -278.471191 107.848022 -1.347865 10.146967 1.000000e+37 1.000000e+37 0.000000
3239287 3574000 43563.738281 74881.023438 3074.708008 -199.792114 40.572403 -199.522110 14.172098 1.000000e+37 1.000000e+37 0.000000
3239288 3574002 44191.476562 150.888565 2567.200928 -313.893982 23.787930 -98.621010 10.211739 1.000000e+37 1.000000e+37 0.000000
3282801 3702569 43857.816406 74748.500000 2461.180176 -26.442423 247.462769 -177.827667 11.723987 1.000000e+37 1.000000e+37 0.000000
3282811 3702585 43897.910156 74370.234375 2944.818359 -239.017868 51.322449 -135.260345 8.993937 1.000000e+37 1.000000e+37 0.000000
3282812 3702586 44934.746094 74723.398438 3637.074219 -96.766533 100.115219 -79.481430 9.926583 1.000000e+37 1.000000e+37 0.000000
3282816 3702592 43807.578125 74494.117188 2924.177002 -191.292053 89.039619 -127.331978 12.366330 1.000000e+37 1.000000e+37 0.000000
3282860 3702754 45119.171875 74554.203125 3820.672607 -282.131683 53.536751 -40.558205 10.518061 1.000000e+37 1.000000e+37 0.000000
3290089 3721613 45146.453125 569.913025 4042.845215 -106.501785 6.241965 -154.762787 9.921959 1.000000e+37 1.000000e+37 0.000000
3328024 3838383 43516.410156 74012.484375 2584.530029 37.278351 142.959076 -194.634293 8.529615 1.000000e+37 1.000000e+37 0.000000
3328064 3838438 44961.644531 74449.867188 3459.584229 -22.404806 49.135593 -258.884186 11.545662 1.000000e+37 1.000000e+37 0.000000
3328065 3838439 43936.257812 73593.476562 3484.832031 -62.674870 144.090958 -107.441116 7.048805 1.000000e+37 1.000000e+37 0.000000
3328067 3838447 44185.636719 275.534454 3189.077881 -74.172539 114.304832 -167.298645 8.353023 1.000000e+37 1.000000e+37 0.000000
3328102 3838624 44565.882812 74724.914062 4482.856445 -172.956619 165.591324 -59.768951 8.172223 1.000000e+37 1.000000e+37 0.000000
3328115 3838647 43724.570312 76.544258 2288.300781 -308.865997 71.957108 -119.699554 10.437475 1.000000e+37 1.000000e+37 0.000000
3335201 3857678 44238.707031 74664.343750 2764.676758 -152.650024 113.150818 -170.664444 10.335938 1.000000e+37 1.000000e+37 0.000000
3375317 3982459 43946.109375 73540.437500 3122.781738 -38.408882 81.622330 -138.289764 10.795794 1.000000e+37 1.000000e+37 0.000000
3375319 3982461 43928.820312 73552.375000 3654.826172 -22.053291 78.147186 -193.190033 7.640872 1.000000e+37 1.000000e+37 0.000000
3375367 3982671 45564.601562 74103.023438 3299.953369 -243.600998 127.335823 -22.530123 10.284814 1.000000e+37 1.000000e+37 0.000000
3375369 3982674 45292.753906 74395.523438 3676.198242 -275.254974 105.583344 -19.038799 9.867878 1.000000e+37 1.000000e+37 0.000000
3424379 4135084 45064.535156 74173.070312 3326.166016 -164.745010 -0.924312 -217.950592 12.614287 1.000000e+37 1.000000e+37 0.000000
3424380 4135085 44625.515625 74600.617188 2821.529297 -14.332143 -44.535980 -163.278168 8.074021 1.000000e+37 1.000000e+37 0.000000
3424386 4135091 43995.726562 73584.554688 3391.347412 -32.930290 84.879807 -150.337570 7.103487 1.000000e+37 1.000000e+37 0.000000
3424387 4135092 44347.605469 74783.867188 2398.950928 -118.409416 218.196472 -108.554489 10.862864 1.000000e+37 1.000000e+37 0.000000
3424388 4135093 44228.195312 74826.453125 2331.867920 -362.058044 100.350471 -61.638290 7.819451 1.000000e+37 1.000000e+37 0.000000
3424437 4135301 45048.742188 74528.820312 2994.048340 -243.885345 189.204681 -37.927486 10.435693 1.000000e+37 1.000000e+37 0.000000
3424453 4135330 44405.019531 74235.054688 3298.150635 -101.827370 34.479340 -156.041046 9.914961 1.000000e+37 1.000000e+37 0.000000
3431861 4156260 44452.460938 74847.218750 3504.669434 -156.769882 -84.205254 -166.331070 12.152230 1.000000e+37 1.000000e+37 0.000000
3475373 4297068 43868.078125 74067.773438 3015.321533 7.321653 55.985565 -228.156967 11.351011 1.000000e+37 1.000000e+37 0.000000
3475375 4297071 43885.082031 73768.546875 3402.547119 -111.051804 140.371704 -77.721329 9.091165 1.000000e+37 1.000000e+37 0.000000
3475376 4297072 43857.097656 73674.226562 4034.661133 -73.657249 138.682541 -128.314346 11.066929 1.000000e+37 1.000000e+37 0.000000
3475381 4297084 43909.062500 74934.296875 2485.804199 -317.297729 21.988312 -114.543793 10.285042 1.000000e+37 1.000000e+37 0.000000
3475383 4297086 44396.042969 74359.984375 3862.110352 -44.724911 183.052322 -135.796997 9.491035 1.000000e+37 1.000000e+37 0.000000
3475425 4297285 44858.230469 74432.125000 3106.798096 -228.930237 232.540604 -32.110001 10.579659 1.000000e+37 1.000000e+37 0.000000
3475436 4297309 43993.894531 74918.234375 2599.136230 -315.310669 25.476875 -99.570808 6.766989 1.000000e+37 1.000000e+37 0.000000
3475438 4297314 44203.621094 212.202255 3277.105469 -81.248329 109.600517 -184.590775 8.591039 1.000000e+37 1.000000e+37 0.000000
3528152 4469028 44836.945312 74427.375000 3602.838379 -142.191849 69.446503 -180.914459 6.893288 1.000000e+37 1.000000e+37 0.000000
3528154 4469030 44884.156250 73892.992188 3881.052490 -56.725681 136.369110 -110.982491 11.084837 1.000000e+37 1.000000e+37 0.000000
3528156 4469033 44970.406250 74472.289062 3424.253418 -289.324158 93.700386 -29.052111 10.123777 1.000000e+37 1.000000e+37 0.000000
3528162 4469048 44229.515625 74636.703125 3303.474365 -231.666824 23.773701 -161.695938 11.919535 1.000000e+37 1.000000e+37 0.000000
3536432 4493289 44080.773438 74319.164062 3096.914307 -153.788712 -7.278528 -78.210213 11.964387 1.000000e+37 1.000000e+37 0.000000
3583161 4652083 43357.925781 74074.312500 3974.086914 -65.099289 150.312576 -137.434311 7.760287 1.000000e+37 1.000000e+37 0.000000
3583167 4652093 44830.742188 74138.718750 4395.247559 35.272755 41.357254 -172.764832 10.381402 1.000000e+37 1.000000e+37 0.000000
3583168 4652095 45215.980469 74600.273438 3534.050537 -89.894905 59.882011 -152.715134 12.519153 1.000000e+37 1.000000e+37 0.000000
3583170 4652101 44120.824219 74547.570312 2194.733398 28.575047 137.336746 -244.573471 7.488276 1.000000e+37 1.000000e+37 0.000000
3583171 4652102 44094.855469 73610.429688 3645.215820 -98.201111 146.041763 -80.842529 10.391222 1.000000e+37 1.000000e+37 0.000000
3583172 4652103 43753.964844 74168.562500 2895.061279 -100.051704 200.838867 -159.760254 7.648552 1.000000e+37 1.000000e+37 0.000000
3583222 4652369 45126.121094 74478.937500 3135.668945 -235.615326 192.545273 -36.867355 7.501456 1.000000e+37 1.000000e+37 0.000000
3583237 4652407 44271.425781 74837.492188 2844.799316 -134.139206 9.471619 -94.620590 6.989987 1.000000e+37 1.000000e+37 0.000000
3583240 4652412 44419.824219 74593.507812 3568.589355 -155.628708 163.634705 -159.059067 13.314058 1.000000e+37 1.000000e+37 0.000000
3591854 4677693 44730.050781 853.259216 3346.427734 -121.786255 4.405990 -168.595795 8.946122 1.000000e+37 1.000000e+37 0.000000
3641137 4847766 43860.132812 73701.039062 3406.682129 8.817651 79.759018 -157.447037 9.628479 1.000000e+37 1.000000e+37 0.000000
3641186 4847859 44770.664062 74340.046875 4702.654785 -115.192902 40.675800 -71.319626 11.446417 1.000000e+37 1.000000e+37 0.000000
3641187 4847860 45189.089844 74527.789062 3967.705566 -130.551285 85.361404 -132.872330 9.093192 1.000000e+37 1.000000e+37 0.000000
3641189 4847862 45199.179688 74642.625000 3353.624512 -81.701164 68.505814 -177.973923 9.219624 1.000000e+37 1.000000e+37 0.000000
3641191 4847866 44846.078125 74463.921875 3387.324707 31.348633 24.629000 -161.431946 10.958575 1.000000e+37 1.000000e+37 0.000000
3641194 4847870 43865.042969 74591.828125 2672.045654 -96.705032 212.390137 -171.982941 5.141694 1.000000e+37 1.000000e+37 0.000000
3641195 4847871 43772.460938 74040.281250 2403.569336 -68.983131 190.189590 -119.324341 10.333728 1.000000e+37 1.000000e+37 0.000000
3641196 4847873 43872.195312 74631.906250 2273.826416 -179.508820 80.396957 -257.108704 8.109727 1.000000e+37 1.000000e+37 0.000000
3641197 4847875 43943.941406 74681.460938 2513.661133 -24.515373 191.931885 -199.527039 10.246971 1.000000e+37 1.000000e+37 0.000000
3641200 4847883 44445.542969 74407.304688 3064.143066 -97.100128 182.100906 -145.145416 10.347418 1.000000e+37 1.000000e+37 0.000000
3641201 4847884 45061.414062 74510.546875 3971.639160 -277.989960 36.369061 -44.043839 8.046350 1.000000e+37 1.000000e+37 0.000000
3641202 4847885 44713.953125 74747.093750 3726.388428 -140.820206 162.388870 -89.686821 7.843401 1.000000e+37 1.000000e+37 0.000000
3641203 4847886 44032.515625 124.259308 3299.806885 -169.336700 168.809891 -31.969152 6.381158 1.000000e+37 1.000000e+37 0.000000
3641227 4848072 43109.093750 74039.281250 3292.854004 -143.718750 250.343201 -60.960678 10.826228 1.000000e+37 1.000000e+37 0.000000
3641247 4848158 44422.246094 73534.593750 3398.383545 -175.170105 274.820831 -32.379963 10.574421 1.000000e+37 1.000000e+37 0.000000
3641251 4848167 44439.765625 74846.859375 2513.816406 -276.985229 208.619675 -63.415600 8.642271 1.000000e+37 1.000000e+37 0.000000
3641260 4848188 45417.023438 74269.062500 3404.671875 -262.341034 114.676865 -19.535908 8.783538 1.000000e+37 1.000000e+37 0.000000
3641262 4848190 44779.449219 74658.492188 3196.544189 -310.071198 98.958305 -45.175354 9.295404 1.000000e+37 1.000000e+37 0.000000
3641265 4848195 43535.289062 265.649628 2563.057129 -202.283981 171.216690 -152.514481 8.697864 1.000000e+37 1.000000e+37 0.000000
3650190 4875358 43929.046875 455.137939 2446.020752 -159.422302 -16.517117 -194.940506 9.708123 1.000000e+37 1.000000e+37 0.000000
3701257 5056279 43583.570312 73691.851562 3299.636230 38.656498 68.553574 -133.137848 6.468596 1.000000e+37 1.000000e+37 0.000000
3701302 5056358 45080.449219 74217.835938 3822.267822 -84.159378 4.148982 -97.682755 12.228379 1.000000e+37 1.000000e+37 0.000000
3701305 5056363 44993.492188 74155.460938 4316.670410 39.210888 32.869476 -148.019348 9.148105 1.000000e+37 1.000000e+37 0.000000
3701306 5056364 44311.921875 74464.476562 2678.020508 -25.611849 127.564262 -209.261963 7.954390 1.000000e+37 1.000000e+37 0.000000
3701308 5056366 44389.914062 74567.164062 2256.480713 -47.557430 82.394470 -208.546402 7.919472 1.000000e+37 1.000000e+37 0.000000
3701309 5056367 44810.554688 74564.093750 4423.832031 18.524054 -25.175882 -189.414825 8.730640 1.000000e+37 1.000000e+37 0.000000
3701341 5056593 43604.718750 74532.609375 2495.556885 -0.452876 154.003143 -78.840958 10.947978 1.000000e+37 1.000000e+37 0.000000
3701359 5056683 45169.542969 73651.250000 3170.385986 -177.009521 251.307159 -32.836735 8.327433 1.000000e+37 1.000000e+37 0.000000
3711639 5087320 44704.367188 195.737564 2985.516846 -153.053268 -41.998783 -149.249496 8.044756 1.000000e+37 1.000000e+37 0.000000
3764395 5279968 43478.371094 73669.578125 3167.054932 49.735001 91.574730 -149.607712 10.973433 1.000000e+37 1.000000e+37 0.000000
3764437 5280044 43438.750000 73859.750000 3620.552490 -47.167274 118.992325 -142.016357 7.275186 1.000000e+37 1.000000e+37 0.000000
3764453 5280084 44036.898438 73824.726562 2729.650635 -64.097923 148.550705 -164.163162 10.106953 1.000000e+37 1.000000e+37 0.000000
3764454 5280085 44083.265625 74913.289062 2174.155273 -30.448933 -48.988445 -252.561829 7.923932 1.000000e+37 1.000000e+37 0.000000
3764455 5280088 44030.253906 74943.539062 2196.782959 -370.949921 82.822678 -68.711739 8.782915 1.000000e+37 1.000000e+37 0.000000
3764517 5280417 43696.820312 169.164963 2684.384033 -205.953873 173.174667 -124.820000 9.223274 1.000000e+37 1.000000e+37 0.000000
3830893 5520529 44043.214844 74809.312500 2092.194580 -194.383942 45.396866 -125.570534 8.475000 1.000000e+37 1.000000e+37 0.000000
3830894 5520530 43995.539062 73724.750000 4374.028809 -25.147379 123.425819 -136.423981 9.382006 1.000000e+37 1.000000e+37 0.000000
3830897 5520538 44533.425781 66.550545 3890.697510 -56.946980 131.511032 -155.858475 6.443829 1.000000e+37 1.000000e+37 0.000000
3830905 5520556 43804.011719 73615.953125 4146.773438 8.445138 18.530664 -190.062180 6.138719 1.000000e+37 1.000000e+37 0.000000
3830907 5520560 44091.308594 74873.765625 2488.110596 -159.073410 204.034439 -118.911438 10.565566 1.000000e+37 1.000000e+37 0.000000
3830908 5520565 44061.949219 74675.382812 2341.251221 -155.600037 141.593506 -185.828979 10.247442 1.000000e+37 1.000000e+37 0.000000
3830914 5520579 44089.859375 74061.789062 2580.567627 -41.671471 137.384674 -195.861038 10.401956 1.000000e+37 1.000000e+37 0.000000
3830964 5520943 44743.453125 74854.945312 4205.478027 -96.098808 82.953247 -155.614578 10.187757 1.000000e+37 1.000000e+37 0.000000
3830984 5520976 44727.191406 588.716492 2508.403564 -307.325256 59.725433 -84.863068 11.106506 1.000000e+37 1.000000e+37 0.000000
3830985 5520977 44512.433594 74685.882812 2723.012207 -334.082245 116.725281 -43.199493 7.567593 1.000000e+37 1.000000e+37 0.000000
3830989 5520983 44461.835938 74002.789062 4150.946777 -142.251297 -20.092274 -166.727417 8.676622 1.000000e+37 1.000000e+37 0.000000
3841148 5554178 43993.312500 807.507751 2730.741455 -142.232483 -0.866095 -197.582184 9.081705 1.000000e+37 1.000000e+37 0.000000
3841920 5555725 44990.648438 670.532654 3155.706787 -66.631935 -7.845957 -183.146851 7.387243 1.000000e+37 1.000000e+37 0.000000
3899834 5777869 44007.089844 74836.320312 3110.348633 -7.438536 137.756699 -192.199615 7.381775 1.000000e+37 1.000000e+37 0.000000
3899842 5777881 45032.289062 74080.695312 3415.593018 -155.511444 13.834424 -156.350876 6.250919 1.000000e+37 1.000000e+37 0.000000
3899843 5777882 44720.757812 74737.867188 2750.413330 -35.410114 88.063660 -187.440933 7.631435 1.000000e+37 1.000000e+37 0.000000
3899844 5777884 44910.535156 74077.968750 4513.618652 53.465984 6.357783 -163.006271 8.488172 1.000000e+37 1.000000e+37 0.000000
3899848 5777889 44057.570312 73986.601562 2455.872803 -66.753387 170.650787 -178.079773 8.467921 1.000000e+37 1.000000e+37 0.000000
3899853 5777906 44490.324219 74454.984375 3866.473877 -209.824814 -21.535730 -216.927780 8.340446 1.000000e+37 1.000000e+37 0.000000
3899895 5778275 44307.121094 74859.382812 2466.392090 -268.268066 239.280273 -71.612671 5.721176 1.000000e+37 1.000000e+37 0.000000
3899897 5778280 43852.085938 68.365898 2350.969727 -272.239410 170.892654 -99.780754 8.761640 1.000000e+37 1.000000e+37 0.000000
3899912 5778330 43981.964844 74744.070312 3930.762207 -136.766602 9.597098 -135.609695 10.609404 1.000000e+37 1.000000e+37 0.000000
3899913 5778334 44505.000000 74459.273438 4447.857910 -130.606094 21.880634 -161.116928 8.472878 1.000000e+37 1.000000e+37 0.000000
3899915 5778337 44452.027344 74381.414062 3099.005615 -99.844856 16.911682 -117.332024 9.536141 1.000000e+37 1.000000e+37 0.000000
3910876 5813999 44240.972656 1036.978882 3207.333496 -190.988770 17.249367 -144.890991 9.458838 1.000000e+37 1.000000e+37 0.000000
3973027 6055662 43632.515625 73976.507812 3315.658203 -68.315727 128.855606 -123.813850 9.242750 1.000000e+37 1.000000e+37 0.000000
3973029 6055669 43811.683594 485.591888 2463.151855 -100.490990 124.723701 -208.242294 9.286136 1.000000e+37 1.000000e+37 0.000000
3973033 6055681 45014.125000 74632.085938 4188.631348 -71.938347 -39.175129 -192.651093 10.006189 1.000000e+37 1.000000e+37 0.000000
3973035 6055686 45252.812500 74456.429688 3979.941895 -68.377785 -45.782787 -194.659729 8.617871 1.000000e+37 1.000000e+37 0.000000
3973037 6055688 44998.082031 74399.703125 3467.431885 -307.166077 96.976700 -6.251604 7.930450 1.000000e+37 1.000000e+37 0.000000
3973039 6055695 44297.371094 73885.976562 3203.085938 -95.086800 155.628723 -129.405853 6.775223 1.000000e+37 1.000000e+37 0.000000
3973040 6055697 43712.441406 73943.093750 3034.521240 -75.185066 205.229858 -112.862534 10.610707 1.000000e+37 1.000000e+37 0.000000
3973042 6055709 44031.039062 74463.250000 2095.435303 -178.077286 21.659014 -145.961090 9.788083 1.000000e+37 1.000000e+37 0.000000
3973043 6055710 44434.753906 89.022011 3398.055176 -118.609886 135.976028 -158.584915 8.827748 1.000000e+37 1.000000e+37 0.000000
3973097 6056147 44961.878906 74339.468750 2273.561279 -286.928802 155.160233 -55.191971 7.956738 1.000000e+37 1.000000e+37 0.000000
3973102 6056155 44362.125000 583.294983 2466.096191 -300.975372 43.939106 -109.405991 8.405539 1.000000e+37 1.000000e+37 0.000000
3984524 6094995 43951.882812 340.793823 2440.527588 -149.853271 -35.675850 -205.034119 8.359756 1.000000e+37 1.000000e+37 0.000000
3985424 6096816 44499.390625 74788.875000 3497.633789 22.365362 -46.064957 -227.234299 9.841928 1.000000e+37 1.000000e+37 0.000000
3985441 6096869 44916.886719 604.666016 3050.141113 -135.561157 -7.523061 -166.470963 7.472624 1.000000e+37 1.000000e+37 0.000000
4050044 6356240 43761.386719 74610.007812 2445.331299 -57.485371 242.409744 -96.347977 9.063208 1.000000e+37 1.000000e+37 0.000000
4050045 6356242 44357.433594 73785.046875 3517.242676 -94.861420 143.052292 -112.739151 7.404000 1.000000e+37 1.000000e+37 0.000000
4050047 6356250 44382.308594 74622.039062 2293.999268 -73.958443 211.584930 -105.295868 9.004413 1.000000e+37 1.000000e+37 0.000000
4050050 6356254 44757.296875 73989.015625 4617.554688 -219.627579 55.083015 -68.652596 11.421483 1.000000e+37 1.000000e+37 0.000000
4050051 6356257 44025.617188 74722.148438 2370.038818 -40.614285 179.152145 -143.705078 7.643386 1.000000e+37 1.000000e+37 0.000000
4050109 6356645 44071.687500 79.430054 2513.580078 -260.912231 209.492661 -121.541527 8.485858 1.000000e+37 1.000000e+37 0.000000
4050135 6356704 44769.800781 74735.085938 3030.439697 -310.463593 93.762566 -45.584114 9.486679 1.000000e+37 1.000000e+37 0.000000
4050141 6356719 44643.199219 74746.265625 3708.157471 -38.895882 25.131556 -190.636337 9.476642 1.000000e+37 1.000000e+37 0.000000
4050145 6356725 44819.589844 668.957214 3282.627686 -136.783005 -1.057581 -167.984970 8.638849 1.000000e+37 1.000000e+37 0.000000
4062061 6398282 44571.003906 711.564392 4082.439697 -156.608383 5.550703 -129.877380 9.555505 1.000000e+37 1.000000e+37 0.000000
4130352 6681658 43650.699219 73485.218750 3550.934570 -19.296865 160.951904 -36.907448 9.374159 1.000000e+37 1.000000e+37 0.000000
4130353 6681659 43478.792969 73776.531250 3544.906006 -36.044556 96.711075 -146.713104 9.804406 1.000000e+37 1.000000e+37 0.000000
4130354 6681660 43675.187500 74316.437500 3422.029297 -68.723572 135.296280 -161.040756 11.917089 1.000000e+37 1.000000e+37 0.000000
4130355 6681670 44293.960938 263.062805 3356.192871 -70.568291 130.167526 -176.538742 6.918151 1.000000e+37 1.000000e+37 0.000000
4130356 6681680 45031.976562 74808.335938 4309.693848 -68.938507 -27.162373 -181.496048 10.233788 1.000000e+37 1.000000e+37 0.000000
4130358 6681683 44495.453125 74728.945312 2802.213867 -195.643265 -59.209496 -137.285370 8.398981 1.000000e+37 1.000000e+37 0.000000
4130359 6681689 44652.968750 74674.875000 2856.406250 -181.655075 53.146339 -163.536621 8.746793 1.000000e+37 1.000000e+37 0.000000
4130360 6681690 45122.820312 74516.148438 3378.469238 -29.029985 27.679094 -128.575943 7.896233 1.000000e+37 1.000000e+37 0.000000
4130361 6681691 44630.308594 74923.046875 2513.262695 -114.636681 -53.313435 -184.280655 9.440692 1.000000e+37 1.000000e+37 0.000000
4130362 6681692 43766.445312 74029.562500 3039.152100 16.394106 66.374954 -213.760834 5.053040 1.000000e+37 1.000000e+37 0.000000
4130365 6681700 44878.835938 74025.335938 4459.544922 48.422699 36.446098 -159.772232 10.269520 1.000000e+37 1.000000e+37 0.000000
4130371 6681713 44371.527344 74829.390625 2441.219727 -342.929535 101.967850 -57.391979 7.028562 1.000000e+37 1.000000e+37 0.000000
4130373 6681732 44156.730469 74537.593750 2136.222412 -173.445084 46.579990 -144.835815 12.749557 1.000000e+37 1.000000e+37 0.000000
4130446 6682235 44068.023438 74636.070312 4071.654541 -205.776718 65.569153 -159.390930 11.799075 1.000000e+37 1.000000e+37 0.000000
4143995 6729644 45243.296875 66.261154 4060.286865 -53.633789 -27.486067 -164.597260 9.386356 1.000000e+37 1.000000e+37 0.000000
4144002 6729686 43840.511719 74359.289062 2961.123535 -239.151810 45.295361 -138.539230 9.049601 1.000000e+37 1.000000e+37 0.000000
4214086 7035986 43747.660156 74111.218750 2480.447754 33.325577 197.167053 -202.103378 7.275087 1.000000e+37 1.000000e+37 0.000000
4214148 7036107 44296.753906 73732.687500 4441.981934 3.898398 144.347031 -105.367363 10.417435 1.000000e+37 1.000000e+37 0.000000
4214149 7036109 43757.773438 73607.929688 3924.637207 -67.719765 128.931183 -153.436798 9.526844 1.000000e+37 1.000000e+37 0.000000
4214151 7036118 43070.378906 74457.039062 2927.140869 -84.689529 179.961365 -168.039642 8.080103 1.000000e+37 1.000000e+37 0.000000
4214152 7036119 44155.832031 74927.250000 2740.178711 -307.598724 77.444695 -68.216774 7.449274 1.000000e+37 1.000000e+37 0.000000
4214156 7036131 45010.015625 74887.039062 3713.179199 -111.238129 109.370949 -111.628128 7.546754 1.000000e+37 1.000000e+37 0.000000
4214162 7036147 43883.425781 74081.570312 2261.569336 1.100574 190.330124 -139.519318 10.299555 1.000000e+37 1.000000e+37 0.000000
4214163 7036148 43894.320312 74105.953125 2253.582520 -37.022404 190.675339 -130.613922 7.985528 1.000000e+37 1.000000e+37 0.000000
4214164 7036150 44257.042969 74755.867188 2338.293213 -136.153137 161.479767 -94.732605 9.286852 1.000000e+37 1.000000e+37 0.000000
4214170 7036171 44759.792969 74576.523438 4762.129395 -151.772675 9.946017 -95.371811 7.443725 1.000000e+37 1.000000e+37 0.000000
4214173 7036175 44527.742188 74863.656250 3925.440186 -138.242218 34.373566 -82.914909 13.376820 1.000000e+37 1.000000e+37 0.000000
4214174 7036176 44182.507812 74110.289062 3719.861328 -72.194267 146.951019 -126.443283 9.875860 1.000000e+37 1.000000e+37 0.000000
4214177 7036179 44419.460938 74379.820312 4062.661377 -154.753098 251.211807 -54.726410 7.756631 1.000000e+37 1.000000e+37 0.000000
4214249 7036738 45126.218750 74232.085938 3292.327148 -234.014069 171.484772 -30.939585 8.857627 1.000000e+37 1.000000e+37 0.000000
4227355 7085785 44426.562500 74147.554688 3524.185547 -139.853897 57.158657 -220.320724 10.532312 1.000000e+37 1.000000e+37 0.000000
4228407 7088227 44823.675781 675.938965 3349.767090 -122.658020 -2.707469 -169.890518 6.813723 1.000000e+37 1.000000e+37 0.000000
4301574 7422323 43570.992188 73881.531250 3634.300537 24.396481 1.533786 -206.699997 7.768422 1.000000e+37 1.000000e+37 0.000000
4301575 7422324 43693.523438 74609.835938 2982.473633 -55.967243 156.892349 -196.881775 7.809272 1.000000e+37 1.000000e+37 0.000000
4301579 7422333 43407.914062 74051.554688 3961.551270 -81.563065 135.531204 -143.969986 9.758782 1.000000e+37 1.000000e+37 0.000000
4301584 7422352 44862.757812 74052.203125 3979.376709 -181.211121 75.778061 -114.925690 8.418496 1.000000e+37 1.000000e+37 0.000000
4301586 7422371 44126.929688 73637.585938 3375.192871 -56.914886 129.079742 -84.814743 8.163133 1.000000e+37 1.000000e+37 0.000000
4301587 7422375 44225.511719 73367.875000 3998.732422 -79.667648 152.275665 -97.939003 10.474729 1.000000e+37 1.000000e+37 0.000000
4301589 7422388 44176.906250 74879.320312 3612.133057 -230.828415 -48.684307 -132.750000 6.204001 1.000000e+37 1.000000e+37 0.000000
4301613 7422765 43940.246094 182.197632 2217.253662 -191.873215 -29.652565 -181.353210 8.882666 1.000000e+37 1.000000e+37 0.000000
4301642 7422939 45163.335938 74487.156250 3097.033447 -238.237686 186.355408 -36.168484 8.390535 1.000000e+37 1.000000e+37 0.000000
4301672 7423010 44987.292969 571.208191 2757.589355 -300.861694 65.032936 -70.021423 8.544415 1.000000e+37 1.000000e+37 0.000000
4301675 7423020 44132.453125 74789.906250 2944.022705 -97.801567 38.910137 -134.057312 9.308344 1.000000e+37 1.000000e+37 0.000000
4315198 7476369 44515.027344 200.012085 4021.320557 -206.296371 -23.133940 -108.506264 7.671745 1.000000e+37 1.000000e+37 0.000000
4315199 7476371 44304.664062 74522.835938 2922.249512 -108.992035 45.151562 -218.951706 9.401141 1.000000e+37 1.000000e+37 0.000000
4316390 7479034 44709.082031 74457.437500 3051.874512 -44.884052 -39.454788 -128.531906 9.738233 1.000000e+37 1.000000e+37 0.000000
