#subID	 subGroupNr x	 y	 z	 vx	 yv	 yz	 vmax	 B_MAG V_MAG M_star
#subID	 groupID	 kpc/h	 kpc/h	 kpc/h	 km/s	 km/s	 km/s	 km/s	 mags mags 10^10Msun/h
360070 596 41905.570312 48008.582031 36987.992188 -179.845673 133.306442 44.774506 251.968262 -2.182266e+01 -2.232024e+01 7.381198
360071 596 42143.425781 47967.437500 36762.894531 -314.783569 92.699493 144.874191 96.340431 -1.852411e+01 -1.901591e+01 0.243357
360072 596 41684.578125 48129.367188 36856.136719 -102.900406 -63.521053 -61.570293 71.113251 -1.725612e+01 -1.764130e+01 0.042456
360073 596 41724.109375 48102.695312 37011.167969 -18.880144 156.896423 -2.394833 64.606758 -1.683792e+01 -1.749759e+01 0.086981
360074 596 41762.476562 47957.332031 36812.625000 -157.899246 190.146164 92.714554 66.543022 -1.743801e+01 -1.789665e+01 0.090256
360075 596 41912.500000 47951.867188 36988.503906 -413.514191 104.086739 -213.957809 71.367546 -1.724636e+01 -1.773512e+01 0.086014
360076 596 41919.132812 48108.937500 37115.578125 -328.974365 99.211899 164.393875 57.957115 -1.531180e+01 -1.589902e+01 0.017168
360077 596 41969.222656 48216.359375 36972.445312 -368.138947 -2.709497 108.091187 49.293297 -1.462161e+01 -1.513429e+01 0.006839
360078 596 42004.558594 48077.519531 36850.328125 -73.381889 77.448662 -131.618469 39.099667 -1.466051e+01 -1.510010e+01 0.004628
360079 596 41576.046875 48265.187500 36852.628906 -88.559738 -26.067385 3.764493 28.736322 1.000000e+37 1.000000e+37 0.000000
360080 596 42044.839844 48337.578125 36955.566406 -238.132919 162.592484 -119.435616 34.671574 -1.128115e+01 -1.191066e+01 0.000679
360081 596 42047.027344 47890.898438 36969.640625 -125.604393 115.639389 -43.253826 36.469875 -1.370931e+01 -1.436101e+01 0.005123
360082 596 41840.546875 47741.628906 37017.113281 -62.898342 293.679657 198.004730 29.276716 -8.498672e+00 -9.070979e+00 0.000062
360083 596 41941.429688 47836.527344 36839.410156 -92.322334 245.225647 68.600204 33.291733 -1.228199e+01 -1.291795e+01 0.001549
360084 596 42119.410156 47999.546875 37039.054688 -272.891632 219.452621 269.744171 29.032804 -8.765623e+00 -9.333938e+00 0.000074
360085 596 41973.011719 48078.597656 37194.773438 -376.965027 253.819687 118.048172 27.282055 -9.046365e+00 -9.614989e+00 0.000097
360086 596 41865.187500 48177.035156 36877.378906 -160.457504 83.546227 216.572739 33.147087 -1.132355e+01 -1.192490e+01 0.000684
360087 596 41810.730469 48045.199219 36996.300781 -327.214966 225.523956 -61.420856 29.708181 -1.363896e+01 -1.436103e+01 0.006472
360088 596 41975.031250 47893.671875 37000.414062 -378.389893 112.275032 -92.299622 27.120014 -9.804151e+00 -1.035063e+01 0.000137
360089 596 41874.500000 47804.949219 36990.449219 -412.202057 167.502060 -54.334900 22.430578 1.000000e+37 1.000000e+37 0.000000
360090 596 41970.582031 48157.441406 37153.691406 -144.680832 197.143951 190.083633 28.604519 -1.153234e+01 -1.214930e+01 0.000730
360091 596 41779.019531 47982.117188 36920.250000 55.660351 12.124148 100.671188 28.849358 -1.121854e+01 -1.183698e+01 0.000648
360092 596 41858.273438 48021.144531 37043.996094 -88.327217 440.295105 127.071930 28.720705 -1.074555e+01 -1.134373e+01 0.000409
360093 596 41905.308594 47741.753906 36949.632812 -310.669373 164.886139 -96.426720 25.136993 1.000000e+37 1.000000e+37 0.000000
360094 596 41788.984375 48031.402344 37061.531250 -153.978973 -90.916077 -43.069309 27.582392 -1.116476e+01 -1.175999e+01 0.000526
360095 596 41950.167969 48101.007812 36992.144531 -191.819183 -51.791515 -35.385170 24.417345 -1.335727e+01 -1.404305e+01 0.004008
360096 596 41721.554688 48170.042969 36757.281250 -294.988983 62.172001 21.834381 24.415337 1.000000e+37 1.000000e+37 0.000000
360097 596 41800.812500 47876.101562 36950.222656 -188.824402 149.414490 213.929077 27.299908 -1.131250e+01 -1.191513e+01 0.000627
360098 596 41861.968750 48285.902344 37050.390625 -326.406952 107.060753 18.105062 25.930632 -8.519294e+00 -9.080278e+00 0.000054
360099 596 42072.687500 48161.425781 36864.960938 -386.471619 39.001968 83.027779 21.034195 1.000000e+37 1.000000e+37 0.000000
360100 596 41769.886719 48261.085938 37053.902344 -312.273743 230.214905 -59.071690 19.442707 1.000000e+37 1.000000e+37 0.000000
360101 596 41830.273438 47948.761719 36919.058594 -178.399628 306.690491 55.463989 25.521912 -1.280065e+01 -1.350284e+01 0.003010
360102 596 41991.773438 47879.554688 36882.316406 -74.569969 38.126793 82.046371 23.566952 -1.040232e+01 -1.103412e+01 0.000288
360103 596 41836.500000 48052.984375 36905.375000 -85.610466 42.835457 169.410934 20.089647 -1.310964e+01 -1.384535e+01 0.003761
360104 596 41732.585938 47924.804688 36762.300781 -258.989227 354.634216 118.898895 18.830631 1.000000e+37 1.000000e+37 0.000000
360105 596 41740.597656 48207.269531 37019.066406 -135.241394 270.611481 -23.337183 24.381134 -8.450161e+00 -9.022210e+00 0.000059
360106 596 41931.781250 47880.113281 36833.238281 -3.416482 171.194977 -8.957555 19.706163 -9.839474e+00 -1.038633e+01 0.000142
360107 596 41790.652344 47768.363281 36856.683594 -293.896759 110.794647 -97.875763 20.043926 1.000000e+37 1.000000e+37 0.000000
360108 596 41999.906250 48292.703125 36902.546875 -285.058899 160.120911 -117.449516 18.672678 1.000000e+37 1.000000e+37 0.000000
360109 596 42032.109375 48289.074219 36889.542969 -307.624786 127.640099 109.479553 21.579931 1.000000e+37 1.000000e+37 0.000000
360110 596 41763.019531 48160.113281 36973.613281 -72.710022 136.297958 88.081200 20.359381 -1.149953e+01 -1.216451e+01 0.000797
360111 596 41597.882812 47959.636719 36804.585938 -18.552818 47.073795 2.970642 17.100887 1.000000e+37 1.000000e+37 0.000000
360112 596 41948.875000 48035.355469 36942.171875 88.561302 -53.287651 228.998734 20.250092 1.000000e+37 1.000000e+37 0.000000
360113 596 41656.230469 47945.835938 36749.964844 -223.253555 187.402786 41.003380 14.115266 -1.265455e+01 -1.313265e+01 0.000546
360114 596 42094.371094 47824.781250 36971.175781 -74.414032 154.844406 187.704391 18.904091 1.000000e+37 1.000000e+37 0.000000
360115 596 41693.988281 47950.257812 36794.187500 -179.375778 191.222763 69.225815 14.614184 -1.139694e+01 -1.206194e+01 0.000320
360116 596 41824.570312 48029.203125 36895.058594 -62.933128 271.523224 8.605633 23.447302 -1.050901e+01 -1.113125e+01 0.000314
360117 596 42006.070312 48275.222656 36987.765625 -62.519363 124.545807 203.197540 15.270125 1.000000e+37 1.000000e+37 0.000000
360118 596 41948.300781 47893.839844 36938.222656 -361.158752 251.085663 254.891815 17.064693 1.000000e+37 1.000000e+37 0.000000
360119 596 42023.617188 48364.566406 37000.300781 -168.712479 256.269684 -67.393440 15.063304 1.000000e+37 1.000000e+37 0.000000
360120 596 41806.773438 47990.527344 36859.707031 14.502951 -60.016636 48.947426 14.262958 1.000000e+37 1.000000e+37 0.000000
360121 596 42002.527344 47800.113281 37008.757812 -112.007942 157.010681 44.630394 22.475042 1.000000e+37 1.000000e+37 0.000000
360122 596 41770.683594 47949.062500 36998.972656 -208.491364 -133.032150 10.316613 17.364132 1.000000e+37 1.000000e+37 0.000000
360123 596 41696.007812 48097.140625 37146.062500 -179.456909 199.703354 91.134598 20.655060 -8.925789e+00 -9.495939e+00 0.000088
360124 596 42109.832031 48088.644531 36963.269531 -181.971008 240.470703 194.120667 17.092009 1.000000e+37 1.000000e+37 0.000000
360125 596 41791.511719 48032.398438 36848.714844 -195.989441 223.769943 -79.608376 20.659513 1.000000e+37 1.000000e+37 0.000000
360126 596 41610.582031 48095.984375 36836.386719 -200.703506 260.859253 22.441547 16.676218 1.000000e+37 1.000000e+37 0.000000
360127 596 41900.878906 48204.175781 37187.878906 -369.919556 73.453819 -45.679379 16.269543 1.000000e+37 1.000000e+37 0.000000
360128 596 41593.281250 47992.273438 36871.460938 -349.884583 89.136223 145.861618 13.334951 1.000000e+37 1.000000e+37 0.000000
360129 596 41649.890625 48113.218750 36846.035156 -166.646057 251.627121 56.809299 17.755186 1.000000e+37 1.000000e+37 0.000000
360130 596 41767.273438 47931.289062 36926.398438 -316.148773 257.476501 234.447891 10.676977 1.000000e+37 1.000000e+37 0.000000
360131 596 41669.250000 47975.500000 36834.535156 -170.386490 71.824684 202.453903 14.028267 1.000000e+37 1.000000e+37 0.000000
360132 596 41702.839844 48013.304688 36774.722656 -50.668407 47.426586 -119.713036 12.514866 1.000000e+37 1.000000e+37 0.000000
360133 596 42080.652344 48116.531250 37273.539062 -221.577042 135.030975 94.128242 15.170714 1.000000e+37 1.000000e+37 0.000000
360134 596 41969.863281 48066.554688 36959.734375 20.716040 58.550579 80.684036 21.935720 1.000000e+37 1.000000e+37 0.000000
360135 596 41908.226562 48144.750000 37132.449219 -303.202850 134.362015 120.998199 15.038099 1.000000e+37 1.000000e+37 0.000000
360136 596 41806.250000 47713.988281 37024.410156 -152.481613 36.251369 205.684845 15.004185 1.000000e+37 1.000000e+37 0.000000
360137 596 42079.523438 48076.308594 37191.074219 -300.044403 237.372574 -4.384699 14.778199 1.000000e+37 1.000000e+37 0.000000
360138 596 41902.730469 47973.570312 36838.937500 -323.350922 5.798235 253.602951 12.443569 1.000000e+37 1.000000e+37 0.000000
360139 596 41840.320312 47913.566406 37012.015625 -215.146362 -100.059433 161.982391 15.528448 1.000000e+37 1.000000e+37 0.000000
360140 596 42011.203125 48139.800781 36840.222656 -98.065445 228.021317 -82.722107 11.244344 1.000000e+37 1.000000e+37 0.000000
360141 596 41946.171875 47857.964844 36801.746094 -264.693359 159.140640 195.083023 17.974384 1.000000e+37 1.000000e+37 0.000000
360142 596 41925.964844 47987.031250 37090.625000 -253.222900 101.033844 -165.474625 20.160053 -8.868784e+00 -9.442390e+00 0.000089
360143 596 41967.265625 48119.539062 37079.230469 -329.169495 50.713562 92.494423 17.986151 -9.391191e+00 -1.000742e+01 0.000125
360144 596 41889.320312 47761.242188 36983.640625 -340.502106 139.469208 -116.676109 12.425774 1.000000e+37 1.000000e+37 0.000000
360145 596 41914.871094 48094.289062 37031.128906 -303.913544 225.125351 -98.284912 18.161366 1.000000e+37 1.000000e+37 0.000000
360146 596 41831.460938 48097.039062 36866.250000 -186.429520 143.219727 257.916534 13.958905 1.000000e+37 1.000000e+37 0.000000
360147 596 42055.625000 48104.445312 37119.042969 -85.259483 19.474257 207.068909 14.556655 1.000000e+37 1.000000e+37 0.000000
360148 596 41762.953125 47863.886719 37160.464844 -171.328064 374.539978 48.368313 12.972662 1.000000e+37 1.000000e+37 0.000000
360149 596 41645.035156 48126.007812 36856.183594 -95.695778 345.349670 74.789284 14.336766 1.000000e+37 1.000000e+37 0.000000
360150 596 42106.769531 47995.925781 37137.460938 -295.638763 281.135895 199.653183 10.833470 1.000000e+37 1.000000e+37 0.000000
360151 596 42009.074219 47888.406250 36956.296875 -226.548248 -35.125546 167.192596 14.459912 1.000000e+37 1.000000e+37 0.000000
360152 596 42003.179688 48095.226562 36897.796875 -248.087311 -12.407036 45.375286 16.613873 1.000000e+37 1.000000e+37 0.000000
360153 596 41881.425781 47980.683594 37047.144531 -340.440948 365.358063 270.129639 14.120410 1.000000e+37 1.000000e+37 0.000000
360154 596 41786.828125 48068.992188 36837.843750 -65.192635 -40.750839 100.402550 13.752185 1.000000e+37 1.000000e+37 0.000000
360155 596 41969.558594 47944.304688 37023.308594 -502.136505 158.953842 82.226562 12.093148 1.000000e+37 1.000000e+37 0.000000
360156 596 41724.765625 48162.328125 36863.289062 -73.296013 -24.567892 9.905393 10.426848 1.000000e+37 1.000000e+37 0.000000
360157 596 42031.550781 48008.808594 36913.757812 -165.818314 248.362610 271.010681 14.084323 1.000000e+37 1.000000e+37 0.000000
360158 596 41975.753906 47929.589844 36823.800781 -253.906982 334.001526 -92.564362 11.176487 1.000000e+37 1.000000e+37 0.000000
360159 596 41676.726562 47891.125000 36766.992188 -223.340424 133.312042 164.478439 12.322972 1.000000e+37 1.000000e+37 0.000000
360160 596 42130.953125 48107.433594 36976.484375 -307.190491 97.217529 136.807877 12.279906 1.000000e+37 1.000000e+37 0.000000
360161 596 42086.585938 48007.667969 36733.191406 -246.921021 106.368492 179.540848 11.589946 1.000000e+37 1.000000e+37 0.000000
360162 596 41980.742188 48066.027344 37032.730469 -71.903008 347.339508 -17.581264 14.195819 1.000000e+37 1.000000e+37 0.000000
360163 596 41893.652344 48192.917969 37030.171875 -130.444412 208.275604 7.841843 12.505459 1.000000e+37 1.000000e+37 0.000000
360164 596 41976.472656 48049.082031 36857.804688 -154.157684 392.584564 9.145308 13.265767 1.000000e+37 1.000000e+37 0.000000
360165 596 41706.527344 48150.269531 37087.960938 -306.027527 -21.046623 -54.176228 10.588846 1.000000e+37 1.000000e+37 0.000000
360166 596 41776.574219 48109.160156 37075.105469 -259.654297 7.549267 -1.230793 15.003317 1.000000e+37 1.000000e+37 0.000000
360167 596 41823.140625 48048.546875 37194.156250 -61.304054 57.380993 -100.128044 9.226797 1.000000e+37 1.000000e+37 0.000000
360168 596 42087.273438 48081.867188 37246.277344 -206.594315 -15.480879 -54.547714 11.240945 1.000000e+37 1.000000e+37 0.000000
360169 596 42079.113281 48132.007812 36862.125000 -193.666092 310.921509 31.919268 9.185098 1.000000e+37 1.000000e+37 0.000000
360170 596 41780.781250 47985.140625 37160.273438 -237.517776 39.991859 -14.261690 14.435308 1.000000e+37 1.000000e+37 0.000000
360171 596 42103.214844 47925.167969 37083.234375 -247.103775 307.077850 220.144638 9.584180 1.000000e+37 1.000000e+37 0.000000
360172 596 41984.871094 47867.472656 36756.675781 -179.673370 155.702713 195.690643 12.494614 1.000000e+37 1.000000e+37 0.000000
360173 596 41631.054688 48227.292969 36862.062500 -81.652756 -58.075077 0.901816 11.294585 1.000000e+37 1.000000e+37 0.000000
360174 596 41613.730469 47982.046875 36858.675781 -87.146713 44.986488 -33.356071 10.602915 1.000000e+37 1.000000e+37 0.000000
360175 596 41873.128906 48141.410156 36862.597656 37.425598 235.816086 143.682587 9.474541 1.000000e+37 1.000000e+37 0.000000
360176 596 42035.316406 48019.175781 36847.527344 -297.594788 90.946800 -13.547974 11.630151 1.000000e+37 1.000000e+37 0.000000
360177 596 42118.968750 48034.585938 37110.257812 -88.321487 23.755493 156.034927 9.988756 1.000000e+37 1.000000e+37 0.000000
360178 596 41799.457031 48119.394531 37023.976562 12.853495 -76.687340 36.119511 8.873967 1.000000e+37 1.000000e+37 0.000000
360179 596 41738.324219 48094.574219 36913.164062 -35.087711 -41.512157 13.609089 10.848672 1.000000e+37 1.000000e+37 0.000000
360180 596 41992.742188 48001.511719 36987.156250 -4.034476 305.264252 219.229691 12.796634 1.000000e+37 1.000000e+37 0.000000
360181 596 41772.742188 48000.578125 37026.632812 -318.777985 206.647888 -81.172516 14.564898 1.000000e+37 1.000000e+37 0.000000
360182 596 41821.761719 48160.039062 37064.839844 -315.426758 71.098099 15.385888 11.008252 1.000000e+37 1.000000e+37 0.000000
360183 596 41862.484375 48096.187500 37205.796875 -146.475006 134.699844 257.754730 8.634578 1.000000e+37 1.000000e+37 0.000000
360184 596 41947.613281 48244.867188 37035.710938 -385.986908 12.985531 87.415710 7.853271 1.000000e+37 1.000000e+37 0.000000
360185 596 41764.402344 48040.125000 37004.277344 15.250196 246.215668 170.788055 13.857580 1.000000e+37 1.000000e+37 0.000000
360186 596 41796.554688 47983.367188 36987.855469 -155.035156 76.384857 -179.175797 11.820157 1.000000e+37 1.000000e+37 0.000000
360187 596 41807.609375 48193.054688 36889.714844 -155.722000 -101.732033 -52.175785 8.617631 1.000000e+37 1.000000e+37 0.000000
360188 596 41852.117188 47729.914062 36994.175781 -339.621338 147.047256 -92.172165 8.361786 1.000000e+37 1.000000e+37 0.000000
360189 596 42003.964844 48264.144531 36956.625000 -350.558960 32.322090 112.590088 8.160265 1.000000e+37 1.000000e+37 0.000000
360190 596 42055.367188 47950.417969 36831.343750 -336.467621 62.419724 180.510284 15.204192 1.000000e+37 1.000000e+37 0.000000
360191 596 41798.312500 48227.582031 37057.734375 -258.022705 -2.676889 -185.721130 6.583927 1.000000e+37 1.000000e+37 0.000000
360192 596 41846.480469 48163.175781 36816.328125 -274.048828 257.728180 164.057556 11.917469 1.000000e+37 1.000000e+37 0.000000
360193 596 41929.496094 48061.476562 36823.949219 -67.369003 73.959595 198.114777 12.328235 1.000000e+37 1.000000e+37 0.000000
360194 596 41715.230469 48011.582031 37073.972656 -222.048004 -86.927223 -42.323627 10.894023 1.000000e+37 1.000000e+37 0.000000
360195 596 41618.937500 48079.828125 37030.070312 4.090117 189.383179 -36.414581 7.040466 1.000000e+37 1.000000e+37 0.000000
360196 596 41749.871094 48032.921875 36967.707031 83.777039 227.396423 -45.764553 7.567379 1.000000e+37 1.000000e+37 0.000000
360197 596 41760.562500 47852.984375 36978.324219 -270.269775 201.214447 68.246513 10.923583 1.000000e+37 1.000000e+37 0.000000
360198 596 41749.019531 47891.207031 37023.484375 -39.686325 119.016937 245.457077 10.097680 1.000000e+37 1.000000e+37 0.000000
360199 596 42091.320312 48068.800781 37297.707031 -259.670044 124.859955 0.033725 9.959286 1.000000e+37 1.000000e+37 0.000000
360200 596 41893.730469 47968.386719 36998.152344 37.769375 110.194923 399.695374 10.361114 1.000000e+37 1.000000e+37 0.000000
360201 596 41957.066406 47980.207031 36964.343750 111.083313 200.801102 -36.164898 13.955188 1.000000e+37 1.000000e+37 0.000000
360202 596 41660.621094 48128.281250 36804.371094 -133.053497 -91.330429 -27.462265 11.411125 1.000000e+37 1.000000e+37 0.000000
360203 596 41920.140625 48147.289062 36805.355469 -258.775513 -127.801239 68.276192 7.894108 1.000000e+37 1.000000e+37 0.000000
360204 596 41833.230469 47952.000000 37012.632812 103.007362 -74.259781 70.959831 11.534307 1.000000e+37 1.000000e+37 0.000000
360205 596 41797.953125 48020.679688 36988.769531 -287.005554 -168.256149 61.846519 10.503208 1.000000e+37 1.000000e+37 0.000000
360206 596 41767.890625 47869.773438 36889.820312 -31.250700 120.707123 -110.890999 9.790018 1.000000e+37 1.000000e+37 0.000000
360207 596 41961.699219 47921.285156 36789.656250 -208.293259 337.947205 -64.800911 8.607157 1.000000e+37 1.000000e+37 0.000000
360208 596 41701.152344 48202.488281 36866.628906 -198.693878 301.145660 151.283279 8.185901 1.000000e+37 1.000000e+37 0.000000
360209 596 42003.144531 48353.226562 36965.914062 -178.814560 227.265213 -61.415779 9.585037 1.000000e+37 1.000000e+37 0.000000
360210 596 41860.867188 48264.718750 37059.500000 -65.379364 203.120728 -105.303085 9.538110 1.000000e+37 1.000000e+37 0.000000
360211 596 41947.531250 48125.222656 36786.480469 -68.368889 166.125381 -23.958410 10.165505 1.000000e+37 1.000000e+37 0.000000
360212 596 41814.226562 48025.421875 36948.109375 -24.181784 139.948364 -128.238419 13.691967 1.000000e+37 1.000000e+37 0.000000
360213 596 41980.195312 48181.539062 37098.769531 -198.852249 364.849060 -57.023300 8.528176 1.000000e+37 1.000000e+37 0.000000
360214 596 41999.191406 47963.734375 37134.222656 -212.727097 -82.235664 -36.531979 7.741575 1.000000e+37 1.000000e+37 0.000000
360215 596 41724.480469 47880.703125 36991.984375 -111.055832 -28.525793 -96.715996 6.760102 1.000000e+37 1.000000e+37 0.000000
360216 596 41593.054688 48060.644531 36806.214844 -245.393387 260.748138 10.067851 7.665660 1.000000e+37 1.000000e+37 0.000000
428340 1671 41165.738281 48063.437500 37504.296875 -81.149933 88.543083 6.176233 159.198120 -2.087377e+01 -2.138099e+01 2.313223
428341 1671 41100.511719 48075.921875 37571.890625 -1.567541 183.922363 -85.375656 63.248653 -1.675300e+01 -1.732497e+01 0.060002
428342 1671 41264.175781 48249.613281 37483.718750 73.448349 90.612984 -16.935257 61.052238 -1.523983e+01 -1.584670e+01 0.016519
428343 1671 41199.574219 47965.535156 37684.187500 -18.778038 68.163467 -82.278740 53.820442 -1.506668e+01 -1.563858e+01 0.012610
428344 1671 41187.628906 48061.109375 37555.902344 53.420235 189.042526 48.221878 51.716999 -1.571611e+01 -1.628600e+01 0.022791
428345 1671 41146.011719 48169.816406 37564.226562 3.262234 14.817398 -22.690523 32.808575 -1.268227e+01 -1.332757e+01 0.002099
428346 1671 41318.613281 48118.769531 37514.035156 -64.544189 27.196913 159.045959 29.407703 -1.040822e+01 -1.096198e+01 0.000237
428347 1671 41097.816406 48077.789062 37648.164062 -117.519157 73.699364 -10.366593 25.722761 -1.079609e+01 -1.142624e+01 0.000453
428348 1671 41158.410156 48060.140625 37301.050781 -152.979904 64.435707 28.501852 25.768751 -9.633343e+00 -1.019350e+01 0.000150
428349 1671 41374.460938 48078.914062 37537.894531 -150.285217 210.797974 4.104640 19.183762 1.000000e+37 1.000000e+37 0.000000
428350 1671 41027.503906 48066.433594 37385.183594 28.612127 3.741658 7.339132 21.851797 1.000000e+37 1.000000e+37 0.000000
428351 1671 41241.941406 47983.304688 37623.023438 4.042459 151.607910 42.261368 20.064726 1.000000e+37 1.000000e+37 0.000000
428352 1671 41201.683594 48017.371094 37388.363281 -93.496246 -6.350851 185.439392 15.227991 1.000000e+37 1.000000e+37 0.000000
428353 1671 41137.890625 48177.832031 37470.101562 -240.578033 -24.444073 -0.647423 18.755602 1.000000e+37 1.000000e+37 0.000000
428354 1671 41245.976562 48183.105469 37686.343750 -121.847450 30.422411 -12.935451 19.967283 1.000000e+37 1.000000e+37 0.000000
428355 1671 41071.488281 48145.453125 37534.117188 14.486468 40.628849 -8.079820 18.405264 1.000000e+37 1.000000e+37 0.000000
428356 1671 41275.417969 48130.703125 37483.046875 41.326637 145.241791 -153.855972 14.774792 1.000000e+37 1.000000e+37 0.000000
428357 1671 41337.535156 47946.550781 37561.390625 28.743099 105.860641 57.247200 14.259817 1.000000e+37 1.000000e+37 0.000000
428358 1671 41257.667969 48106.414062 37526.222656 -55.063499 91.061844 -105.048187 17.556526 1.000000e+37 1.000000e+37 0.000000
428359 1671 41288.253906 48094.175781 37486.523438 -164.719971 174.415741 -74.779007 12.205761 1.000000e+37 1.000000e+37 0.000000
428360 1671 41192.250000 48075.687500 37492.730469 88.389961 164.607941 120.949257 17.564732 1.000000e+37 1.000000e+37 0.000000
428361 1671 41238.828125 48157.667969 37717.109375 -79.694313 149.798233 23.669075 12.003212 1.000000e+37 1.000000e+37 0.000000
428362 1671 41303.265625 48084.242188 37472.644531 -215.113663 -60.064003 5.543895 14.553560 1.000000e+37 1.000000e+37 0.000000
428363 1671 41145.773438 48108.390625 37531.496094 -33.526199 70.363174 -175.443787 13.004323 1.000000e+37 1.000000e+37 0.000000
428364 1671 41238.664062 47962.257812 37508.699219 90.970940 66.473351 65.490746 11.071715 1.000000e+37 1.000000e+37 0.000000
428365 1671 41333.179688 47940.777344 37501.980469 -242.023911 170.682037 -135.602707 9.754419 1.000000e+37 1.000000e+37 0.000000
428366 1671 41266.636719 47929.429688 37549.148438 -15.957182 204.741638 19.881378 14.646880 1.000000e+37 1.000000e+37 0.000000
428367 1671 41202.468750 47934.046875 37601.472656 -13.498208 30.301033 -107.426102 12.618598 1.000000e+37 1.000000e+37 0.000000
428368 1671 41239.292969 47933.421875 37453.847656 -86.860489 -31.953695 135.042313 11.889374 1.000000e+37 1.000000e+37 0.000000
428369 1671 41032.738281 48014.121094 37620.101562 -51.069290 -9.249283 -139.803772 13.643247 1.000000e+37 1.000000e+37 0.000000
428370 1671 41163.203125 47999.632812 37444.359375 77.071259 19.437065 -145.610779 13.352493 1.000000e+37 1.000000e+37 0.000000
428371 1671 41132.718750 47948.101562 37411.796875 65.894043 134.842407 -13.626061 11.693810 1.000000e+37 1.000000e+37 0.000000
428372 1671 41153.500000 48142.734375 37431.324219 -68.562157 -15.182255 -142.979095 8.677708 1.000000e+37 1.000000e+37 0.000000
428373 1671 41255.375000 48100.433594 37584.921875 -64.448685 100.902893 -39.110394 14.405181 1.000000e+37 1.000000e+37 0.000000
428374 1671 41102.679688 48036.898438 37617.597656 79.759567 -8.621372 -26.402201 13.064498 1.000000e+37 1.000000e+37 0.000000
428375 1671 41105.261719 48212.046875 37618.546875 -186.798004 57.067089 -40.975266 11.375479 1.000000e+37 1.000000e+37 0.000000
428376 1671 41330.738281 48022.472656 37404.023438 -111.875526 83.023361 -22.101322 12.340346 1.000000e+37 1.000000e+37 0.000000
428377 1671 41212.375000 47993.019531 37405.691406 -96.747513 -18.795467 177.934814 10.822322 1.000000e+37 1.000000e+37 0.000000
428378 1671 41209.425781 48069.441406 37344.933594 46.699768 104.049973 36.052990 9.415142 1.000000e+37 1.000000e+37 0.000000
428379 1671 41215.332031 48197.308594 37643.152344 -113.910896 116.307762 24.645847 7.873477 -8.654836e+00 -9.214256e+00 0.000060
428380 1671 41168.937500 48014.750000 37570.867188 -199.499069 161.990891 -58.631748 11.857906 1.000000e+37 1.000000e+37 0.000000
428381 1671 41159.558594 48150.226562 37413.550781 -37.185963 -83.011169 7.139458 8.554386 1.000000e+37 1.000000e+37 0.000000
428382 1671 41236.996094 47983.910156 37349.683594 38.281311 150.455276 60.573940 11.861156 1.000000e+37 1.000000e+37 0.000000
428383 1671 41221.511719 47899.015625 37411.812500 -196.607285 178.160522 16.005482 8.206742 1.000000e+37 1.000000e+37 0.000000
524561 7012 41148.929688 48995.074219 37331.523438 -135.702560 43.098446 43.601723 113.457169 -1.933361e+01 -1.966777e+01 0.353682
524562 7012 41075.929688 49028.472656 37362.867188 -110.540649 133.837524 39.133057 47.451691 -1.327200e+01 -1.370126e+01 0.001899
524563 7012 41145.011719 48996.019531 37357.214844 -76.987892 17.184044 43.128040 15.494627 1.000000e+37 1.000000e+37 0.000000
524564 7012 41127.207031 48995.910156 37266.304688 -83.188171 76.693649 -25.094511 16.031830 1.000000e+37 1.000000e+37 0.000000
524565 7012 41075.906250 48990.113281 37397.449219 -26.272198 68.469986 -56.775936 12.766152 1.000000e+37 1.000000e+37 0.000000
524566 7012 41208.148438 49065.851562 37350.507812 -213.167053 36.662682 -111.770134 12.163396 1.000000e+37 1.000000e+37 0.000000
524567 7012 41027.667969 49029.046875 37301.644531 -131.375504 99.943527 53.544353 13.732571 1.000000e+37 1.000000e+37 0.000000
524568 7012 41029.808594 49006.257812 37379.757812 -68.925949 52.670033 112.614815 12.648484 1.000000e+37 1.000000e+37 0.000000
524569 7012 41036.582031 48952.125000 37377.035156 -58.959095 7.849071 58.233036 9.671669 1.000000e+37 1.000000e+37 0.000000
524570 7012 41037.531250 48987.261719 37279.128906 -148.668167 -14.866117 121.691566 8.469726 1.000000e+37 1.000000e+37 0.000000
524571 7012 41213.906250 49013.296875 37313.421875 -166.861572 14.903311 -58.675808 9.861938 1.000000e+37 1.000000e+37 0.000000
555175 10780 41637.953125 48331.300781 38023.792969 -220.931671 92.364655 -99.914162 105.158981 -1.944401e+01 -1.972200e+01 0.263842
555176 10780 41620.671875 48322.699219 38037.835938 -284.170990 34.046822 -44.776474 29.678297 -1.202988e+01 -1.234390e+01 0.000411
555177 10780 41599.074219 48314.453125 38132.765625 -205.652405 108.289528 -164.441757 20.485365 1.000000e+37 1.000000e+37 0.000000
555178 10780 41654.699219 48241.898438 37991.703125 -274.815369 108.143013 -39.271111 17.084179 1.000000e+37 1.000000e+37 0.000000
555179 10780 41592.226562 48209.718750 38005.519531 -192.046219 104.942734 -51.734379 15.635920 1.000000e+37 1.000000e+37 0.000000
555180 10780 41624.406250 48245.359375 38023.593750 -237.407898 91.564827 -124.177757 14.977389 -8.310550e+00 -8.881411e+00 0.000051
555181 10780 41651.757812 48336.859375 38085.757812 -155.879562 149.356064 -141.240372 9.784991 1.000000e+37 1.000000e+37 0.000000
555182 10780 41624.667969 48395.957031 38096.800781 -196.069382 77.045639 -164.846848 11.515736 1.000000e+37 1.000000e+37 0.000000
555183 10780 41630.199219 48293.800781 37989.613281 -192.158035 196.788956 -53.561546 8.263491 1.000000e+37 1.000000e+37 0.000000
613135 22641 41339.816406 47468.371094 37037.671875 -114.038567 197.537338 -14.661786 78.594925 -1.732533e+01 -1.771909e+01 0.059178
634756 28941 41130.101562 46798.812500 37133.679688 -207.691406 153.276642 2.344538 64.391769 -1.651143e+01 -1.686185e+01 0.019752
634757 28941 41123.792969 46714.449219 37116.832031 -208.573624 196.210571 -6.885735 38.185867 -1.095899e+01 -1.152735e+01 0.000349
634758 28941 41064.796875 46805.699219 37139.468750 -201.014420 188.423859 20.490025 16.628920 1.000000e+37 1.000000e+37 0.000000
668456 40927 40980.117188 47096.226562 37702.195312 -189.938492 133.689865 -64.871819 58.475010 -1.614442e+01 -1.644658e+01 0.013328
668457 40927 40966.800781 47114.636719 37735.390625 -235.413925 125.312279 -53.683361 23.129938 1.000000e+37 1.000000e+37 0.000000
668458 40927 40973.187500 47053.468750 37759.785156 -175.331207 104.739471 -78.324409 12.675486 1.000000e+37 1.000000e+37 0.000000
687901 49011 41875.343750 47915.640625 37286.539062 -159.910645 285.511810 -86.246696 57.592018 -1.435009e+01 -1.494576e+01 0.007174
687902 49011 41831.410156 47910.472656 37215.460938 -134.749298 129.858185 197.475571 7.112048 1.000000e+37 1.000000e+37 0.000000
697373 53250 42362.812500 48777.050781 36958.406250 -267.149292 65.558258 -59.011131 54.298782 -1.456190e+01 -1.502083e+01 0.006116
697374 53250 42366.429688 48831.281250 36970.585938 -279.481537 52.388451 -61.841297 11.458026 1.000000e+37 1.000000e+37 0.000000
697375 53250 42371.238281 48814.078125 36946.339844 -234.854111 50.664333 -18.495096 7.741865 1.000000e+37 1.000000e+37 0.000000
707961 58206 41948.335938 48749.695312 37182.363281 -187.813858 -14.116322 63.410126 49.752045 -1.431657e+01 -1.461724e+01 0.002615
707962 58206 41947.718750 48707.218750 37191.746094 -244.371628 30.055834 -43.945957 10.626500 1.000000e+37 1.000000e+37 0.000000
717540 62919 41264.492188 48851.156250 36927.687500 -211.832016 28.627045 21.562180 47.597858 -1.300274e+01 -1.354406e+01 0.001545
717541 62919 41288.156250 48829.761719 36889.582031 -203.991501 58.355072 12.192690 14.804577 1.000000e+37 1.000000e+37 0.000000
717542 62919 41220.308594 48804.437500 36936.914062 -125.103844 75.610359 32.280739 12.130082 1.000000e+37 1.000000e+37 0.000000
717543 62919 41222.222656 48860.796875 36930.914062 -208.919708 1.432176 26.434755 14.186936 1.000000e+37 1.000000e+37 0.000000
729276 68836 42190.207031 47662.433594 36725.273438 -310.851044 244.965179 22.109211 47.862728 -1.348124e+01 -1.384217e+01 0.001864
729277 68836 42153.273438 47635.820312 36683.140625 -292.156219 238.008148 63.918766 18.070139 1.000000e+37 1.000000e+37 0.000000
731643 70097 41304.031250 48516.132812 37425.148438 -106.344154 5.730947 -8.424163 49.219608 -1.472555e+01 -1.533919e+01 0.010595
740211 74692 40860.238281 47924.519531 37374.179688 18.518805 110.152649 -2.600224 50.933014 -1.318933e+01 -1.371202e+01 0.002527
742942 76157 42168.332031 47829.695312 36301.191406 -210.528931 82.383118 103.276199 47.426113 -1.293832e+01 -1.359903e+01 0.002866
742943 76157 42131.253906 47807.839844 36348.511719 -235.269928 38.393509 65.236610 21.913050 1.000000e+37 1.000000e+37 0.000000
742944 76157 42096.699219 47795.996094 36367.183594 -245.132507 22.484922 54.768936 14.776300 1.000000e+37 1.000000e+37 0.000000
742945 76157 42094.488281 47784.949219 36387.312500 -202.874496 87.916466 118.914528 12.425235 1.000000e+37 1.000000e+37 0.000000
747232 78481 41210.472656 48911.066406 37055.929688 -180.879471 43.967434 66.900665 36.559189 -1.037618e+01 -1.084942e+01 0.000142
747233 78481 41190.218750 48908.859375 37070.468750 -242.322479 5.165898 13.911029 22.488728 1.000000e+37 1.000000e+37 0.000000
747234 78481 41223.425781 48924.957031 37062.593750 -174.786392 1.603351 60.733665 16.514851 1.000000e+37 1.000000e+37 0.000000
747235 78481 41210.902344 48932.792969 37060.386719 -205.382980 69.739769 37.801952 10.846871 1.000000e+37 1.000000e+37 0.000000
767725 89860 41137.445312 48843.843750 37130.917969 -200.635895 22.852692 53.082047 42.101070 -1.104906e+01 -1.158309e+01 0.000309
775536 94407 41856.761719 49195.355469 36911.429688 -199.177734 15.289536 64.957581 39.055458 -1.086739e+01 -1.143264e+01 0.000334
775537 94407 41882.578125 49211.683594 36959.957031 -198.558578 -5.913490 46.164341 13.412601 1.000000e+37 1.000000e+37 0.000000
775538 94407 41844.757812 49203.925781 36877.933594 -205.478088 44.055897 66.909370 11.460791 1.000000e+37 1.000000e+37 0.000000
775539 94407 41869.453125 49202.546875 36908.601562 -224.390564 -19.187666 66.932457 12.718122 1.000000e+37 1.000000e+37 0.000000
775626 94458 41979.906250 48847.960938 37258.394531 -229.708664 45.393997 -56.977512 41.965279 -1.128787e+01 -1.187942e+01 0.000516
775627 94458 41962.902344 48842.644531 37278.371094 -233.521530 71.721687 -118.831520 18.112000 1.000000e+37 1.000000e+37 0.000000
782801 98634 40778.171875 48680.964844 37238.726562 -79.444931 47.267548 -31.228823 45.183746 -1.236246e+01 -1.297440e+01 0.001368
790120 102889 41872.300781 49168.335938 37176.746094 -204.053360 47.283360 -38.666332 38.753330 -1.046741e+01 -1.099884e+01 0.000223
790242 102970 41121.332031 48117.984375 36978.851562 -95.861435 157.804001 46.615223 43.079975 -1.217194e+01 -1.276167e+01 0.000972
803212 110717 40427.210938 47674.347656 37723.519531 -73.938889 115.086868 31.687233 34.691696 -9.721664e+00 -1.026461e+01 0.000122
803213 110717 40417.710938 47678.492188 37722.664062 -47.203468 65.774178 -0.216735 20.088329 1.000000e+37 1.000000e+37 0.000000
803214 110717 40429.937500 47627.875000 37754.703125 -69.633125 124.466873 7.718659 13.221159 1.000000e+37 1.000000e+37 0.000000
803215 110717 40438.031250 47633.328125 37710.625000 -65.623856 91.672592 22.524401 6.767953 1.000000e+37 1.000000e+37 0.000000
816368 118635 42062.269531 49313.636719 37275.394531 -201.795425 51.871464 -33.760124 38.766266 -1.172614e+01 -1.183996e+01 0.000088
826150 124671 42139.746094 48379.824219 37157.941406 -325.061401 125.788719 72.619492 37.737324 -1.046967e+01 -1.103818e+01 0.000269
836660 131198 41249.578125 48036.117188 37205.152344 -43.788418 -3.617226 95.435654 38.701523 -1.135523e+01 -1.196070e+01 0.000606
846624 137441 42471.753906 48285.406250 36963.582031 -248.558868 182.398087 150.294266 25.911535 1.000000e+37 1.000000e+37 0.000000
846625 137441 42461.414062 48268.062500 36961.984375 -245.397980 189.173645 119.718521 11.796256 1.000000e+37 1.000000e+37 0.000000
880943 159511 42103.738281 48381.511719 37053.101562 -130.225327 47.919071 109.155716 38.106434 -1.223515e+01 -1.285487e+01 0.001354
882017 160225 41281.812500 47503.273438 36204.050781 -111.073067 127.161217 153.970963 31.941391 -9.443558e+00 -1.001539e+01 0.000146
884980 162193 42524.000000 48176.675781 36648.351562 -319.605591 143.473862 -68.319817 28.687054 1.000000e+37 1.000000e+37 0.000000
889211 164988 41404.488281 49075.410156 37363.652344 -109.573425 67.022423 81.997810 32.002560 1.000000e+37 1.000000e+37 0.000000
890791 166016 42411.164062 48001.781250 36488.953125 -193.410812 79.611244 118.372025 36.266678 -1.127208e+01 -1.183018e+01 0.000442
890792 166016 42382.570312 48008.523438 36462.820312 -321.665771 194.859314 -12.561411 7.791541 1.000000e+37 1.000000e+37 0.000000
896947 170178 41165.511719 47442.238281 37059.359375 -189.179825 246.667587 -13.010863 34.840519 -1.030624e+01 -1.081449e+01 0.000164
911541 180074 42014.574219 49339.453125 37371.429688 -210.443573 59.011238 -51.330124 28.218594 1.000000e+37 1.000000e+37 0.000000
911542 180074 42044.378906 49337.878906 37383.152344 -224.200958 88.976654 -42.522579 9.057850 1.000000e+37 1.000000e+37 0.000000
913293 181269 40923.726562 48075.480469 37937.429688 -8.823096 135.236069 63.389458 32.360943 -1.021056e+01 -1.078735e+01 0.000260
927694 191392 42091.941406 48028.402344 36248.207031 -216.652115 26.982328 58.509792 22.437328 1.000000e+37 1.000000e+37 0.000000
927695 191392 42082.742188 48025.750000 36247.765625 -209.821548 39.024677 72.273048 11.743807 1.000000e+37 1.000000e+37 0.000000
927696 191392 42095.574219 48032.078125 36255.378906 -241.168625 12.821947 48.238064 12.505252 1.000000e+37 1.000000e+37 0.000000
930651 193504 40662.800781 47772.910156 37940.207031 -50.207294 120.397232 91.094078 24.655968 1.000000e+37 1.000000e+37 0.000000
930652 193504 40684.187500 47761.667969 37951.343750 -45.917324 99.078392 86.957596 10.351035 1.000000e+37 1.000000e+37 0.000000
939880 200217 41860.406250 48456.066406 36784.507812 -165.505676 77.963066 -0.219985 27.202919 1.000000e+37 1.000000e+37 0.000000
939881 200217 41880.667969 48469.511719 36776.992188 -173.406403 120.692917 -1.545598 14.528270 1.000000e+37 1.000000e+37 0.000000
972016 224067 40320.363281 47892.917969 37743.613281 -89.251930 134.042236 21.114206 27.901331 1.000000e+37 1.000000e+37 0.000000
988689 236800 41095.996094 48241.917969 37244.769531 38.967098 126.457443 7.641900 27.528742 1.000000e+37 1.000000e+37 0.000000
996471 242814 42234.570312 48045.660156 37008.535156 -301.149139 259.638214 164.902710 26.055496 1.000000e+37 1.000000e+37 0.000000
998492 244386 40927.410156 47819.054688 38076.878906 -45.560745 126.973778 64.179764 23.597876 1.000000e+37 1.000000e+37 0.000000
1003226 248059 42293.652344 46932.003906 36881.507812 -259.877167 173.246780 -6.930371 25.933680 1.000000e+37 1.000000e+37 0.000000
1009919 253324 41201.261719 46877.250000 37700.773438 -224.522766 136.460159 -63.895771 23.517145 1.000000e+37 1.000000e+37 0.000000
1022727 263458 41638.132812 48422.609375 37659.882812 -250.981003 47.140682 -97.660896 23.550709 1.000000e+37 1.000000e+37 0.000000
1049099 284711 40923.871094 49108.730469 37470.718750 -152.856369 17.712294 20.128134 22.701490 1.000000e+37 1.000000e+37 0.000000
1053138 288015 41708.976562 48170.929688 37175.277344 -150.108734 -105.268501 13.713196 23.066528 1.000000e+37 1.000000e+37 0.000000
1053354 288195 42107.222656 48232.996094 36372.875000 -257.773163 12.231011 7.031091 24.281832 1.000000e+37 1.000000e+37 0.000000
1054906 289432 41263.863281 49340.902344 37421.828125 -122.035576 64.551704 10.917041 22.720594 1.000000e+37 1.000000e+37 0.000000
1060703 294179 41311.226562 47911.402344 37727.250000 -191.708023 136.249512 -45.721546 24.831842 1.000000e+37 1.000000e+37 0.000000
1070612 302364 41316.667969 48752.398438 36924.890625 -194.377243 49.515083 -4.541985 21.416605 1.000000e+37 1.000000e+37 0.000000
1071571 303169 41679.945312 48165.839844 37882.277344 -244.912491 71.146126 -69.341560 25.402721 -8.881166e+00 -9.454361e+00 0.000089
1075369 306295 41979.382812 48454.640625 36903.589844 -196.800919 168.148804 -64.061539 21.928305 1.000000e+37 1.000000e+37 0.000000
1075370 306295 42001.398438 48481.136719 36929.914062 -194.965622 212.588196 -48.185837 10.101538 1.000000e+37 1.000000e+37 0.000000
1086455 315557 42036.714844 47885.121094 37176.113281 -190.122467 77.192612 168.021774 15.472300 1.000000e+37 1.000000e+37 0.000000
1111322 336539 41686.589844 48329.179688 36955.292969 -201.101105 -53.881104 -93.241447 21.407600 1.000000e+37 1.000000e+37 0.000000
1139870 361072 42428.980469 47904.183594 36445.816406 -205.766708 -3.069162 83.602432 22.285919 1.000000e+37 1.000000e+37 0.000000
1153790 373097 41695.808594 47631.234375 36839.960938 -254.104156 297.199799 -1.643221 16.660398 1.000000e+37 1.000000e+37 0.000000
1153791 373097 41680.351562 47578.304688 36853.945312 -269.008240 289.994141 -11.175581 13.830971 1.000000e+37 1.000000e+37 0.000000
1161733 380066 42464.562500 47256.121094 36637.175781 -273.592133 196.882172 4.735959 24.401049 1.000000e+37 1.000000e+37 0.000000
1177078 393515 42040.101562 48565.980469 37372.984375 -133.857803 123.323982 85.276466 25.387396 -1.040379e+01 -1.096445e+01 0.000268
1182460 398238 42324.625000 47939.218750 36325.062500 -205.743210 100.107124 108.163826 17.099844 1.000000e+37 1.000000e+37 0.000000
1182461 398238 42355.863281 47945.062500 36304.175781 -106.200546 156.334183 195.861954 17.675999 1.000000e+37 1.000000e+37 0.000000
1184636 400172 41868.925781 48287.320312 37117.289062 -105.116867 210.102219 150.871658 20.440006 1.000000e+37 1.000000e+37 0.000000
1190085 405033 40627.671875 47792.320312 37807.058594 -27.511290 85.601067 45.617214 19.928461 1.000000e+37 1.000000e+37 0.000000
1192356 407046 41277.687500 47625.394531 37007.648438 -166.243744 225.455414 27.196289 24.369171 1.000000e+37 1.000000e+37 0.000000
1207029 420124 41631.296875 47329.136719 36875.601562 -236.414429 237.890869 -30.185610 19.316278 1.000000e+37 1.000000e+37 0.000000
1208917 421816 41400.632812 49033.175781 37043.351562 -229.386139 21.435747 1.286186 14.791992 1.000000e+37 1.000000e+37 0.000000
1208918 421816 41380.347656 49015.089844 37059.445312 -231.470154 14.250264 -7.606877 13.423947 1.000000e+37 1.000000e+37 0.000000
1226600 437702 42324.324219 49089.507812 36951.113281 -181.473206 16.580931 72.432053 22.594458 1.000000e+37 1.000000e+37 0.000000
1232005 442541 42466.488281 47925.617188 36985.621094 -271.493896 13.744141 27.935169 20.164631 1.000000e+37 1.000000e+37 0.000000
1237536 447544 41460.050781 48457.332031 36870.449219 -127.953667 3.073760 12.662713 17.483173 1.000000e+37 1.000000e+37 0.000000
1238939 448820 41999.136719 47820.714844 35996.730469 -108.541290 135.174088 171.995056 20.956327 1.000000e+37 1.000000e+37 0.000000
1238940 448820 41975.957031 47802.867188 35982.312500 -95.842682 137.657425 173.460327 9.163579 1.000000e+37 1.000000e+37 0.000000
1254501 463060 41999.347656 48680.636719 37068.847656 -192.831802 -22.045183 92.336739 20.308283 1.000000e+37 1.000000e+37 0.000000
1269598 476904 41208.488281 48929.109375 37000.589844 -164.952744 67.916725 50.031223 7.615257 1.000000e+37 1.000000e+37 0.000000
1294175 499576 41370.464844 47514.746094 36296.851562 -117.765930 135.571426 157.022217 20.371008 1.000000e+37 1.000000e+37 0.000000
1299433 504447 41966.609375 48245.804688 36875.929688 -81.522026 -39.995293 238.075668 5.809040 1.000000e+37 1.000000e+37 0.000000
1310122 514444 41977.570312 48192.355469 36735.289062 -283.229431 -74.140877 30.060116 18.166470 1.000000e+37 1.000000e+37 0.000000
1329076 532132 42042.261719 48596.503906 37000.984375 -257.215515 5.913908 -45.735409 19.098457 1.000000e+37 1.000000e+37 0.000000
1329879 532889 41256.214844 49393.558594 37095.535156 -210.016953 42.517502 38.297482 20.085930 1.000000e+37 1.000000e+37 0.000000
1337015 539575 41970.707031 48017.621094 36670.867188 -257.783936 288.021942 20.042419 14.726276 1.000000e+37 1.000000e+37 0.000000
1339025 541459 41646.371094 48217.187500 37195.023438 -142.253662 -84.973511 21.882141 15.706840 1.000000e+37 1.000000e+37 0.000000
1341070 543376 41582.792969 47731.515625 36703.949219 -216.310730 293.225739 -13.826095 14.622767 1.000000e+37 1.000000e+37 0.000000
1341071 543376 41617.445312 47738.863281 36722.777344 -215.866089 300.736755 -6.621363 11.308161 1.000000e+37 1.000000e+37 0.000000
1343050 545233 40523.117188 47498.511719 37840.054688 -58.922516 76.918892 34.745914 18.758013 1.000000e+37 1.000000e+37 0.000000
1350068 551825 41667.933594 47398.484375 36844.875000 -257.320404 253.197433 -15.502098 18.474329 1.000000e+37 1.000000e+37 0.000000
1359771 561032 41608.332031 47693.652344 37275.828125 -130.621536 266.291748 -12.638282 21.929026 -8.648307e+00 -9.203874e+00 0.000057
1361944 563052 41303.679688 47649.140625 36983.832031 -84.207932 175.958008 9.182022 17.707109 1.000000e+37 1.000000e+37 0.000000
1361947 563056 42690.242188 48208.300781 36688.238281 -306.176208 132.634109 -88.151352 15.453834 1.000000e+37 1.000000e+37 0.000000
1361948 563056 42677.437500 48189.835938 36674.652344 -164.674316 180.896942 158.703217 13.844064 1.000000e+37 1.000000e+37 0.000000
1366236 567114 41186.984375 48612.332031 37366.253906 -126.965736 44.051804 35.329185 23.114590 1.000000e+37 1.000000e+37 0.000000
1368455 569222 41577.535156 47954.023438 36731.019531 -99.559181 296.176208 31.457468 18.392298 1.000000e+37 1.000000e+37 0.000000
1369364 570077 41208.175781 46807.734375 37710.976562 -235.389313 147.903214 -59.435322 19.358183 1.000000e+37 1.000000e+37 0.000000
1375299 575739 41244.246094 48196.500000 37220.417969 -62.194954 -28.499790 85.757416 18.436766 1.000000e+37 1.000000e+37 0.000000
1377598 577934 42314.039062 47629.500000 36552.039062 -295.713318 211.810394 39.237839 19.559286 1.000000e+37 1.000000e+37 0.000000
1384390 584435 41700.128906 47784.046875 37249.929688 -114.914459 140.943314 -103.564034 16.118513 1.000000e+37 1.000000e+37 0.000000
1384391 584436 41695.781250 48120.214844 36696.011719 -118.253250 297.838104 92.592331 14.094906 1.000000e+37 1.000000e+37 0.000000
1384392 584436 41712.507812 48110.824219 36693.019531 -207.934601 57.714027 139.839188 11.100545 1.000000e+37 1.000000e+37 0.000000
1387606 587548 41247.730469 48922.542969 37010.101562 -168.282623 53.077301 72.445984 16.392040 1.000000e+37 1.000000e+37 0.000000
1398411 597917 42609.738281 48285.347656 36400.164062 -201.223160 241.013702 97.636627 19.393379 1.000000e+37 1.000000e+37 0.000000
1405889 605071 42229.664062 47968.734375 37011.902344 -253.584015 225.064651 215.958496 18.068567 1.000000e+37 1.000000e+37 0.000000
1423892 622450 41650.292969 47767.003906 36999.207031 -59.639606 254.274826 -44.691360 11.698336 1.000000e+37 1.000000e+37 0.000000
1423893 622450 41646.753906 47784.445312 37017.742188 -50.426846 249.893219 -44.965088 10.819822 1.000000e+37 1.000000e+37 0.000000
1423894 622450 41670.683594 47790.285156 36976.847656 -47.986652 260.992584 -38.740742 9.367370 1.000000e+37 1.000000e+37 0.000000
1426606 625051 41632.871094 48350.492188 37120.273438 -242.760864 157.477814 -28.665737 14.694808 1.000000e+37 1.000000e+37 0.000000
1426607 625051 41616.640625 48351.859375 37118.187500 -228.417603 129.917694 -23.255068 8.053987 1.000000e+37 1.000000e+37 0.000000
1442740 640691 41006.277344 48147.957031 37777.476562 -62.745667 17.557489 47.683826 17.972080 1.000000e+37 1.000000e+37 0.000000
1452365 650031 40929.554688 46883.554688 37538.160156 -166.010010 141.077637 -32.744423 16.920040 1.000000e+37 1.000000e+37 0.000000
1460999 658442 40921.250000 48536.382812 37166.281250 -68.383812 29.363768 -10.840402 21.071396 1.000000e+37 1.000000e+37 0.000000
1474698 671875 42515.656250 48573.921875 36548.269531 -178.850616 135.883804 106.212326 18.358442 1.000000e+37 1.000000e+37 0.000000
1484144 681100 42646.347656 48263.492188 36537.960938 -144.400238 165.164932 158.058960 18.671886 1.000000e+37 1.000000e+37 0.000000
1485461 682362 40964.179688 48450.613281 36991.882812 -101.299858 22.198120 16.975119 12.803542 1.000000e+37 1.000000e+37 0.000000
1500025 696752 41635.332031 47510.746094 36780.476562 -249.765976 251.761826 -52.010319 15.609839 1.000000e+37 1.000000e+37 0.000000
1503431 700135 40865.058594 47913.789062 37899.312500 -20.600191 126.737747 6.958869 16.155910 1.000000e+37 1.000000e+37 0.000000
1504785 701475 40729.648438 48811.050781 37260.269531 -83.134750 49.972775 -48.173328 21.214281 1.000000e+37 1.000000e+37 0.000000
1510019 706664 41103.179688 48848.062500 37610.410156 -178.157013 36.668076 -4.061140 15.829073 1.000000e+37 1.000000e+37 0.000000
1511358 707979 40930.246094 47880.546875 36995.023438 -75.852074 79.254074 9.493529 18.242538 1.000000e+37 1.000000e+37 0.000000
1516805 713415 40429.398438 47458.183594 37770.253906 -74.920258 108.872894 102.646858 16.386871 1.000000e+37 1.000000e+37 0.000000
1527202 723782 42105.484375 48535.437500 36900.425781 -88.209641 124.424324 99.163063 21.737564 1.000000e+37 1.000000e+37 0.000000
1556398 752979 42231.398438 48120.820312 37029.957031 -316.498322 226.833984 154.573700 15.527530 1.000000e+37 1.000000e+37 0.000000
1568164 764851 41735.031250 46860.863281 37292.156250 -243.295517 170.235245 -39.512764 13.400873 1.000000e+37 1.000000e+37 0.000000
1569777 766445 41240.382812 48004.464844 36893.148438 -120.066299 72.665779 5.886971 14.464778 1.000000e+37 1.000000e+37 0.000000
1580160 776914 41585.902344 48361.542969 37327.906250 -252.160172 67.586456 -123.273079 16.691996 1.000000e+37 1.000000e+37 0.000000
1580161 776915 41615.152344 47902.984375 37024.621094 -177.176285 8.533899 -84.016129 17.863668 1.000000e+37 1.000000e+37 0.000000
1581733 778470 41593.015625 49313.957031 37134.933594 -222.933945 37.815231 -1.844407 14.503704 1.000000e+37 1.000000e+37 0.000000
1581734 778470 41567.187500 49310.902344 37118.652344 -212.907913 41.297256 -2.309723 10.818494 1.000000e+37 1.000000e+37 0.000000
1588075 784911 41766.144531 48434.839844 36941.472656 -217.612274 181.603058 -54.878578 10.713909 1.000000e+37 1.000000e+37 0.000000
1588076 784911 41795.941406 48430.472656 36944.484375 -219.518265 183.501572 -75.658012 10.874457 1.000000e+37 1.000000e+37 0.000000
1596435 793397 41035.546875 48909.480469 37300.480469 -183.144989 106.733917 18.489433 14.452097 1.000000e+37 1.000000e+37 0.000000
1613774 811106 41991.722656 47901.753906 36606.753906 -276.902252 -19.775377 100.787140 4.937421 1.000000e+37 1.000000e+37 0.000000
1620242 817672 41385.015625 47327.187500 36944.820312 -211.119720 211.532623 -51.969700 14.939856 1.000000e+37 1.000000e+37 0.000000
1620243 817672 41378.003906 47318.687500 36949.800781 -220.627884 228.563354 -38.228493 11.541788 1.000000e+37 1.000000e+37 0.000000
1646224 844319 41876.140625 48417.398438 37084.605469 -115.907082 173.322739 155.448715 18.503870 1.000000e+37 1.000000e+37 0.000000
1646225 844320 42507.902344 48420.964844 36691.210938 -254.642456 133.900940 62.511299 19.130266 1.000000e+37 1.000000e+37 0.000000
1677841 876901 42035.433594 47871.726562 37651.847656 -271.906860 139.319397 -109.503334 14.288763 1.000000e+37 1.000000e+37 0.000000
1707433 907819 41049.609375 48836.625000 37315.257812 -208.699448 62.456020 4.477592 14.140424 1.000000e+37 1.000000e+37 0.000000
1707434 907820 41364.746094 48101.621094 37198.066406 -104.439392 214.074127 4.250697 15.279556 1.000000e+37 1.000000e+37 0.000000
1730052 931443 42267.535156 48289.609375 36808.914062 -188.353317 180.654160 50.520893 23.437418 1.000000e+37 1.000000e+37 0.000000
1730127 931516 41347.972656 47246.144531 37239.144531 -113.300026 188.391739 -30.081772 14.270269 1.000000e+37 1.000000e+37 0.000000
1738291 940041 41941.292969 48743.324219 37846.605469 -247.684708 73.023689 -96.793053 15.140825 1.000000e+37 1.000000e+37 0.000000
1753859 956500 41726.976562 47325.660156 37459.351562 -170.434692 224.499207 34.340878 16.897442 1.000000e+37 1.000000e+37 0.000000
1756278 959010 42634.945312 48232.597656 38021.000000 -254.055023 118.736633 -69.244392 15.051356 1.000000e+37 1.000000e+37 0.000000
1772194 975929 42151.722656 47863.832031 36884.699219 -337.547394 186.187012 113.357117 15.102639 1.000000e+37 1.000000e+37 0.000000
1778715 982833 42027.339844 48139.339844 37258.105469 -237.273285 112.377457 12.707154 11.743996 1.000000e+37 1.000000e+37 0.000000
1800867 1006369 41100.425781 48482.078125 37506.609375 -39.812119 112.695770 80.426651 17.593864 1.000000e+37 1.000000e+37 0.000000
1804721 1010587 41018.699219 47942.800781 37399.882812 23.987329 72.789192 -48.624664 14.708140 1.000000e+37 1.000000e+37 0.000000
1811378 1017738 42263.097656 47960.105469 36596.433594 -55.337574 138.474762 62.495274 13.548491 1.000000e+37 1.000000e+37 0.000000
1818272 1025126 41735.648438 48230.859375 37144.820312 -142.328873 213.554642 64.508339 13.745919 1.000000e+37 1.000000e+37 0.000000
1832281 1040218 42169.054688 47929.515625 37220.433594 -217.619186 225.245773 92.789833 14.682705 1.000000e+37 1.000000e+37 0.000000
1832282 1040219 42070.136719 47750.828125 37115.054688 -342.108826 51.440289 -37.196842 13.761390 1.000000e+37 1.000000e+37 0.000000
1835211 1043316 41121.039062 48012.023438 36949.269531 -140.505157 98.908356 20.687265 12.894672 1.000000e+37 1.000000e+37 0.000000
1839368 1047895 41410.257812 48105.378906 37597.398438 -122.741898 36.660637 78.038841 17.776628 1.000000e+37 1.000000e+37 0.000000
1842330 1051010 42325.031250 47840.898438 36305.691406 -189.311325 74.946396 104.971703 18.126831 1.000000e+37 1.000000e+37 0.000000
1842420 1051097 40820.402344 47872.796875 37200.992188 -13.766104 100.423637 5.004077 14.481905 1.000000e+37 1.000000e+37 0.000000
1846673 1055739 40809.406250 47793.582031 37956.144531 -36.604225 115.169510 60.038635 13.987527 1.000000e+37 1.000000e+37 0.000000
1846674 1055739 40804.929688 47802.679688 37969.949219 -30.324711 120.545769 59.170292 9.466676 1.000000e+37 1.000000e+37 0.000000
1861364 1071624 41183.203125 48261.613281 37689.632812 -56.517765 79.448776 97.142021 16.779556 1.000000e+37 1.000000e+37 0.000000
1876702 1088322 40807.644531 47854.183594 37614.410156 -81.444580 215.645630 3.564520 15.383633 1.000000e+37 1.000000e+37 0.000000
1887395 1099911 42212.210938 49263.394531 37338.367188 -214.844925 88.518684 -66.591415 18.400513 1.000000e+37 1.000000e+37 0.000000
1908250 1122829 42417.722656 47899.546875 36994.976562 -281.494507 28.160101 36.142242 14.226213 1.000000e+37 1.000000e+37 0.000000
1916471 1131852 41805.296875 47165.859375 37198.472656 -263.554108 177.583878 -76.111458 13.806136 1.000000e+37 1.000000e+37 0.000000
1919894 1135507 41255.871094 47681.660156 36910.640625 -85.990265 174.769257 7.889274 15.186593 1.000000e+37 1.000000e+37 0.000000
1924749 1141005 41045.187500 48298.929688 37750.910156 -94.231514 53.558903 67.623741 14.077282 1.000000e+37 1.000000e+37 0.000000
1928251 1144785 40437.671875 47791.117188 37500.464844 -67.294930 43.899506 -35.769085 14.047234 1.000000e+37 1.000000e+37 0.000000
1933288 1150391 41755.050781 48061.957031 37390.097656 -177.010452 120.239746 -30.908827 17.791803 -8.589057e+00 -9.161500e+00 0.000067
1936778 1154136 41727.746094 47446.492188 36883.316406 -278.293579 262.290436 -15.138585 13.581387 1.000000e+37 1.000000e+37 0.000000
1942004 1159962 41920.324219 47701.625000 37035.789062 -291.274872 127.388069 -93.286652 10.335068 1.000000e+37 1.000000e+37 0.000000
1942005 1159962 41924.445312 47712.789062 37071.101562 -334.061157 91.492592 -76.004730 9.682847 1.000000e+37 1.000000e+37 0.000000
1945476 1163669 41593.906250 48296.109375 38206.402344 -209.001068 114.389946 -98.325577 17.307425 1.000000e+37 1.000000e+37 0.000000
1959460 1179346 42032.347656 47894.414062 36603.917969 -181.103241 66.581596 92.696999 14.387023 1.000000e+37 1.000000e+37 0.000000
1968617 1189557 41190.292969 47953.101562 38066.210938 -28.225264 129.362595 12.869485 13.234099 1.000000e+37 1.000000e+37 0.000000
1981773 1204065 41104.136719 47334.859375 37014.300781 -115.358215 172.807480 -45.247955 15.692585 1.000000e+37 1.000000e+37 0.000000
1987298 1210444 42386.191406 47507.894531 36878.960938 -286.729248 221.538177 -13.305201 15.271955 1.000000e+37 1.000000e+37 0.000000
1996586 1220852 41254.453125 48253.304688 37710.437500 -28.166573 126.419128 -100.744179 13.534759 1.000000e+37 1.000000e+37 0.000000
1996594 1220860 41546.832031 48109.980469 37452.171875 -60.267452 59.260239 64.380623 14.890460 1.000000e+37 1.000000e+37 0.000000
1996606 1220872 42148.019531 47721.023438 36411.402344 -237.396683 65.975601 90.304230 13.973986 1.000000e+37 1.000000e+37 0.000000
2006114 1231655 42301.363281 48027.703125 37186.382812 -229.652893 -39.011887 66.896835 14.989990 1.000000e+37 1.000000e+37 0.000000
2006133 1231674 41860.796875 47792.300781 37228.953125 -101.726921 299.766449 15.824740 16.272936 -9.472736e+00 -1.003359e+01 0.000130
2016042 1242837 41624.019531 48075.402344 36696.816406 -164.101425 312.087952 62.525005 12.917401 1.000000e+37 1.000000e+37 0.000000
2016155 1242955 42032.535156 48567.765625 37149.242188 -135.624863 105.778511 100.183983 19.195570 1.000000e+37 1.000000e+37 0.000000
2025931 1254009 42015.933594 47859.066406 36670.886719 -249.094513 252.404388 -30.617529 10.323301 1.000000e+37 1.000000e+37 0.000000
2025932 1254009 42019.316406 47830.660156 36648.492188 -169.942093 92.451584 107.189743 10.430552 1.000000e+37 1.000000e+37 0.000000
2046451 1277336 42111.144531 47948.996094 36411.570312 -243.209961 -0.348281 55.036209 15.308290 1.000000e+37 1.000000e+37 0.000000
2046452 1277337 42354.496094 47513.601562 36696.753906 -290.005127 230.357269 1.442291 13.758285 1.000000e+37 1.000000e+37 0.000000
2050708 1282063 41309.371094 47309.195312 36976.781250 -205.716949 203.067215 -65.096466 11.314253 1.000000e+37 1.000000e+37 0.000000
2056811 1289109 41777.937500 47623.644531 37068.144531 -155.363617 193.487350 -47.634186 14.970925 1.000000e+37 1.000000e+37 0.000000
2089377 1326364 42252.277344 47996.738281 37231.882812 -329.156860 139.375076 -123.746063 11.406655 1.000000e+37 1.000000e+37 0.000000
2100606 1339345 41806.281250 47152.156250 37539.382812 -170.192017 202.353149 39.704803 14.333860 1.000000e+37 1.000000e+37 0.000000
2112192 1352662 41318.519531 48125.097656 37001.144531 -73.386353 177.057205 41.363113 10.260530 1.000000e+37 1.000000e+37 0.000000
2116998 1358045 41137.714844 46888.531250 37072.738281 -212.298355 167.783615 38.488411 10.921844 1.000000e+37 1.000000e+37 0.000000
2128615 1371559 40853.714844 48091.148438 37150.222656 -139.043335 107.858620 60.059120 14.603887 1.000000e+37 1.000000e+37 0.000000
2135728 1380016 40924.527344 48095.085938 37472.781250 0.811113 94.619415 57.800739 15.472047 1.000000e+37 1.000000e+37 0.000000
2135753 1380041 41812.085938 48356.964844 36915.335938 -85.676788 244.992966 141.691299 14.134748 1.000000e+37 1.000000e+37 0.000000
2140704 1385651 40983.957031 48302.472656 37275.542969 14.526989 134.183197 38.975178 14.164101 1.000000e+37 1.000000e+37 0.000000
2147796 1394094 41639.843750 48032.656250 37103.339844 -120.963463 210.414169 -46.106247 9.302836 1.000000e+37 1.000000e+37 0.000000
2147797 1394095 40624.000000 48093.847656 37892.773438 -38.529919 33.133945 -4.707583 11.568913 1.000000e+37 1.000000e+37 0.000000
2160152 1408504 42055.886719 49022.062500 36726.652344 -198.267593 2.056843 61.712193 13.495101 1.000000e+37 1.000000e+37 0.000000
2165310 1414394 40436.605469 47887.316406 37469.210938 -95.403824 129.537613 -38.578781 15.350518 1.000000e+37 1.000000e+37 0.000000
2172650 1423288 40656.417969 47711.828125 38029.390625 -69.050697 120.810234 88.085754 13.414404 1.000000e+37 1.000000e+37 0.000000
2172671 1423312 41282.031250 47101.906250 37101.136719 -134.653976 178.716400 -1.486144 14.953520 1.000000e+37 1.000000e+37 0.000000
2185468 1438446 41328.917969 48605.593750 37374.695312 -198.679794 -0.268877 52.417820 12.681880 1.000000e+37 1.000000e+37 0.000000
2198500 1453908 42086.714844 48274.382812 36925.488281 -355.048981 33.262943 108.173088 10.054444 1.000000e+37 1.000000e+37 0.000000
2204107 1460340 40840.519531 48481.992188 37137.437500 -73.632889 25.269150 2.124035 13.866350 1.000000e+37 1.000000e+37 0.000000
2211839 1469784 41529.601562 47586.976562 36414.851562 -102.455742 147.079269 172.060104 14.900245 1.000000e+37 1.000000e+37 0.000000
2217467 1476165 41350.816406 47203.234375 36985.796875 -223.067734 203.967926 -50.123203 11.750565 1.000000e+37 1.000000e+37 0.000000
2225610 1486071 41669.804688 47804.804688 36942.355469 -102.060234 87.683548 17.247581 17.235535 1.000000e+37 1.000000e+37 0.000000
2225622 1486085 41652.125000 47595.613281 36540.695312 -98.109222 159.849335 192.780472 11.595701 1.000000e+37 1.000000e+37 0.000000
2231443 1492735 41424.257812 48207.539062 38191.964844 -163.761642 92.310493 -100.435638 11.924652 1.000000e+37 1.000000e+37 0.000000
2245539 1509435 42018.285156 48965.875000 37434.417969 -228.516678 78.644272 -96.955360 15.826625 1.000000e+37 1.000000e+37 0.000000
2253861 1519743 41090.121094 47749.894531 37734.367188 -105.824974 124.722809 30.506243 15.025638 1.000000e+37 1.000000e+37 0.000000
2268339 1537279 42280.750000 47984.679688 36594.472656 -68.119629 142.305466 79.428108 13.083761 1.000000e+37 1.000000e+37 0.000000
2268341 1537281 41818.250000 47296.648438 37574.226562 -128.121780 204.729813 56.459850 13.147966 1.000000e+37 1.000000e+37 0.000000
2268344 1537284 42310.957031 48456.527344 36814.808594 -285.902405 110.019142 81.126183 15.948790 1.000000e+37 1.000000e+37 0.000000
2283082 1555233 41675.625000 48263.609375 37195.957031 -301.726562 189.131439 -15.569393 14.110154 1.000000e+37 1.000000e+37 0.000000
2283083 1555234 41839.769531 47731.167969 37452.878906 -182.690704 253.600021 -25.603678 15.860107 1.000000e+37 1.000000e+37 0.000000
2298002 1573487 41262.359375 48010.976562 37751.480469 -93.289101 -62.301189 -4.563538 13.078174 1.000000e+37 1.000000e+37 0.000000
2298006 1573493 42031.382812 47973.359375 36556.929688 -264.633331 -29.245153 73.485634 7.603610 1.000000e+37 1.000000e+37 0.000000
2313277 1592153 42018.710938 48008.156250 36705.179688 -302.329651 146.778915 168.654816 11.434423 1.000000e+37 1.000000e+37 0.000000
2313278 1592154 42051.031250 47849.976562 36804.109375 -358.311859 135.868332 110.153603 13.924202 1.000000e+37 1.000000e+37 0.000000
2313281 1592157 41182.726562 48826.539062 37275.140625 -181.899597 71.961555 -97.152740 12.240798 1.000000e+37 1.000000e+37 0.000000
2313282 1592158 42140.261719 48079.886719 36809.078125 -83.382751 78.610573 -49.102779 10.329493 1.000000e+37 1.000000e+37 0.000000
2313313 1592193 41924.062500 48545.398438 36837.507812 -183.626617 147.779831 -46.769310 11.045110 1.000000e+37 1.000000e+37 0.000000
2335619 1619335 42427.289062 48038.773438 37566.125000 -284.603638 131.788544 -92.410194 12.872025 1.000000e+37 1.000000e+37 0.000000
2335826 1619576 40990.812500 48144.972656 37143.535156 -24.039816 0.013730 21.168882 13.419749 1.000000e+37 1.000000e+37 0.000000
2345432 1631669 42292.050781 48208.007812 36809.894531 -325.942017 82.442207 53.203110 14.360426 1.000000e+37 1.000000e+37 0.000000
2345571 1631833 42590.394531 48323.406250 36737.941406 -205.754364 40.120995 53.233856 14.486338 1.000000e+37 1.000000e+37 0.000000
2361527 1651671 41462.191406 48289.632812 37591.734375 -26.274326 90.463631 -78.870712 12.555234 1.000000e+37 1.000000e+37 0.000000
2378622 1672956 41143.019531 48310.562500 37268.972656 -80.855232 148.831314 98.840530 12.236271 1.000000e+37 1.000000e+37 0.000000
2378643 1672981 41596.316406 48311.433594 36928.175781 -162.583008 -13.094066 -124.899498 13.996336 1.000000e+37 1.000000e+37 0.000000
2385723 1681467 41013.835938 47739.363281 37089.753906 -59.469509 74.956200 8.920226 12.444565 1.000000e+37 1.000000e+37 0.000000
2385724 1681468 40598.597656 48302.289062 37444.230469 -93.286407 43.796600 -78.627113 10.303300 1.000000e+37 1.000000e+37 0.000000
2395856 1694686 41918.410156 48157.984375 37191.511719 -198.983383 332.731964 -80.080154 12.938184 1.000000e+37 1.000000e+37 0.000000
2395891 1694725 40949.535156 47483.765625 36095.261719 -120.339417 120.488403 137.094543 12.057629 1.000000e+37 1.000000e+37 0.000000
2403172 1703581 41165.410156 47445.304688 38039.496094 -206.887100 124.444405 -74.841690 10.860388 1.000000e+37 1.000000e+37 0.000000
2420827 1725988 42126.390625 47303.511719 36840.812500 -288.327515 198.217880 -42.317795 9.302039 1.000000e+37 1.000000e+37 0.000000
2421023 1726214 41229.031250 47129.632812 37219.914062 -113.509995 170.196808 -21.864094 12.068362 1.000000e+37 1.000000e+37 0.000000
2431624 1740180 41609.375000 48009.050781 37181.375000 -231.844269 198.302994 80.011986 12.650052 1.000000e+37 1.000000e+37 0.000000
2431625 1740181 41911.203125 48404.937500 37220.242188 -128.932556 163.199783 91.605576 15.477866 1.000000e+37 1.000000e+37 0.000000
2431626 1740182 41252.195312 48435.441406 37563.253906 -120.395813 148.114517 -5.229161 16.712215 1.000000e+37 1.000000e+37 0.000000
2431655 1740213 41889.289062 48449.785156 36867.546875 -197.649918 175.097336 -65.811028 7.114773 1.000000e+37 1.000000e+37 0.000000
2439087 1749262 41657.710938 46827.714844 37286.820312 -252.411667 169.020340 -32.561718 9.802222 1.000000e+37 1.000000e+37 0.000000
2458143 1773882 40320.222656 47750.398438 37455.675781 -92.637367 69.451210 -39.804062 13.160935 1.000000e+37 1.000000e+37 0.000000
2469176 1788682 42347.937500 48307.074219 37129.714844 -309.038177 148.703644 63.734543 13.791648 1.000000e+37 1.000000e+37 0.000000
2488439 1814283 41056.113281 48847.042969 37564.906250 -159.919769 35.245380 -11.320095 15.197720 1.000000e+37 1.000000e+37 0.000000
2488440 1814284 41267.453125 48164.667969 37217.574219 -100.518684 53.553783 -75.135315 12.144259 1.000000e+37 1.000000e+37 0.000000
2488441 1814285 41644.402344 48405.230469 37262.691406 -188.584869 10.285039 -122.055824 11.555426 1.000000e+37 1.000000e+37 0.000000
2488447 1814292 41332.453125 48292.437500 37731.980469 -86.460106 101.973518 22.473116 15.409570 1.000000e+37 1.000000e+37 0.000000
2496544 1824510 41740.566406 46695.808594 37379.414062 -254.200439 151.352570 -38.949566 11.891729 1.000000e+37 1.000000e+37 0.000000
2508424 1841188 42260.609375 47779.035156 36872.492188 -301.637390 151.488342 100.698921 10.963084 1.000000e+37 1.000000e+37 0.000000
2508425 1841189 41340.820312 47962.089844 37175.835938 28.195890 137.501465 56.717312 14.328457 1.000000e+37 1.000000e+37 0.000000
2508426 1841190 41463.785156 48415.714844 37856.785156 -227.674774 57.300991 -74.005684 11.645773 1.000000e+37 1.000000e+37 0.000000
2516731 1851934 41282.992188 47194.554688 37122.105469 -207.291199 175.155365 -73.734055 10.855551 1.000000e+37 1.000000e+37 0.000000
2516992 1852243 40713.085938 47789.679688 37267.250000 -20.063057 76.881248 -41.452030 13.802311 1.000000e+37 1.000000e+37 0.000000
2528709 1869116 40531.738281 47840.210938 38011.117188 -62.943653 118.216812 111.533417 10.254807 1.000000e+37 1.000000e+37 0.000000
2537090 1880323 42316.960938 48118.757812 37639.339844 -272.654785 121.247261 -97.378990 10.159540 1.000000e+37 1.000000e+37 0.000000
2549428 1898691 42297.300781 48291.355469 36778.128906 -206.934235 -49.074715 87.066109 11.480040 1.000000e+37 1.000000e+37 0.000000
2570821 1930283 41319.601562 48064.886719 36955.371094 -70.757362 150.026901 59.870506 10.249670 1.000000e+37 1.000000e+37 0.000000
2580003 1943403 41163.136719 49038.566406 36986.746094 -143.450745 67.209938 64.679543 13.225622 1.000000e+37 1.000000e+37 0.000000
2615485 2001472 42136.257812 48292.140625 36856.371094 -229.462357 218.066177 64.888748 14.452652 1.000000e+37 1.000000e+37 0.000000
2615524 2001522 41529.753906 48226.484375 37134.589844 -256.136505 123.820053 -43.708118 8.376207 1.000000e+37 1.000000e+37 0.000000
2638770 2042046 42697.210938 48416.148438 36713.589844 -108.390320 11.776061 105.562500 10.972638 1.000000e+37 1.000000e+37 0.000000
2638776 2042052 41188.964844 48875.886719 37376.070312 -169.652618 112.798271 65.472160 13.869240 1.000000e+37 1.000000e+37 0.000000
2638777 2042053 40972.503906 49069.328125 37267.046875 -152.518799 -4.737319 92.365883 11.434299 1.000000e+37 1.000000e+37 0.000000
2648693 2058797 41082.808594 47896.531250 37187.832031 26.553440 78.129707 23.273010 12.113626 1.000000e+37 1.000000e+37 0.000000
2648694 2058798 41473.730469 48216.550781 38121.746094 -158.136276 96.809364 -102.469513 13.678160 1.000000e+37 1.000000e+37 0.000000
2662570 2086435 41602.558594 47855.925781 37448.949219 -159.973190 78.423225 -72.639648 11.681346 1.000000e+37 1.000000e+37 0.000000
2662572 2086437 42011.277344 47857.328125 36590.167969 -274.051056 -3.831231 103.518883 10.012589 1.000000e+37 1.000000e+37 0.000000
2662612 2086488 42385.886719 47967.066406 36549.003906 -265.203247 85.390747 92.822037 15.409919 1.000000e+37 1.000000e+37 0.000000
2662613 2086489 42485.554688 48311.683594 36368.324219 -284.679962 127.697495 -57.453896 11.857440 1.000000e+37 1.000000e+37 0.000000
2662614 2086490 41698.972656 48146.648438 36654.292969 -208.356461 70.875381 113.105469 13.064815 1.000000e+37 1.000000e+37 0.000000
2672731 2104580 41436.394531 47606.898438 36810.613281 -184.578781 257.151215 -20.562857 11.574168 1.000000e+37 1.000000e+37 0.000000
2686918 2134973 41189.046875 48797.542969 37333.468750 -85.224365 9.420609 37.867611 10.417720 1.000000e+37 1.000000e+37 0.000000
2686946 2135016 41197.816406 48396.824219 37364.421875 19.314959 91.277306 61.543118 12.218454 1.000000e+37 1.000000e+37 0.000000
2686947 2135017 41854.605469 47979.968750 37385.207031 -179.928955 251.434586 -80.691017 13.414197 1.000000e+37 1.000000e+37 0.000000
2686949 2135020 40464.746094 47845.699219 37771.027344 -67.387489 119.463852 130.509415 11.709113 1.000000e+37 1.000000e+37 0.000000
2711982 2188116 41597.449219 47890.359375 36875.253906 -293.967438 247.014282 -29.274918 11.213816 1.000000e+37 1.000000e+37 0.000000
2711989 2188124 41373.089844 47626.164062 37320.351562 -271.341888 143.685562 107.738045 14.317636 1.000000e+37 1.000000e+37 0.000000
2712016 2188160 41412.914062 46663.734375 37394.625000 -262.426788 168.626480 -4.123960 12.905824 1.000000e+37 1.000000e+37 0.000000
2712017 2188161 42419.742188 48138.917969 36884.468750 -239.884903 199.851913 22.448750 14.081200 1.000000e+37 1.000000e+37 0.000000
2712238 2188554 42291.566406 48472.890625 36370.832031 -239.513550 175.986893 81.912056 14.116740 1.000000e+37 1.000000e+37 0.000000
2764393 2306839 42076.058594 48619.843750 37114.257812 -115.339233 -12.522918 136.138153 12.077424 1.000000e+37 1.000000e+37 0.000000
2764394 2306841 42083.222656 48483.332031 37132.843750 -114.502426 101.300270 112.323174 12.806283 1.000000e+37 1.000000e+37 0.000000
2764441 2306902 40278.097656 47699.312500 37552.339844 -71.675095 72.410492 4.087630 9.564215 1.000000e+37 1.000000e+37 0.000000
2791909 2372613 41949.007812 48475.667969 37048.769531 -104.816513 196.141083 87.695610 11.336495 1.000000e+37 1.000000e+37 0.000000
2791910 2372614 41254.957031 48533.507812 37670.730469 -56.003311 10.429377 -30.069826 12.187954 1.000000e+37 1.000000e+37 0.000000
2803167 2397703 41664.546875 48640.175781 37514.957031 -253.191986 67.649353 -92.699081 10.854200 1.000000e+37 1.000000e+37 0.000000
2803490 2398368 40881.105469 47029.589844 37929.070312 -201.808090 119.816017 -74.189690 11.446601 1.000000e+37 1.000000e+37 0.000000
2819985 2441764 41581.707031 47881.515625 37366.808594 -238.315475 172.443863 85.515266 8.954757 1.000000e+37 1.000000e+37 0.000000
2820033 2441828 41692.039062 47207.371094 36928.269531 -203.261963 234.449356 104.428139 12.385415 1.000000e+37 1.000000e+37 0.000000
2820034 2441829 41984.453125 47962.402344 37509.449219 -152.484406 274.773193 -30.425947 11.937999 1.000000e+37 1.000000e+37 0.000000
2848902 2514516 41788.402344 49152.511719 36920.132812 -181.263428 23.495981 54.945808 10.167109 1.000000e+37 1.000000e+37 0.000000
2848903 2514517 41165.355469 48831.660156 37341.269531 -202.318222 78.129723 75.394974 12.487945 1.000000e+37 1.000000e+37 0.000000
2848941 2514570 41276.363281 47772.937500 37346.445312 -9.086078 80.110146 63.848812 11.894078 1.000000e+37 1.000000e+37 0.000000
2878942 2590218 41910.964844 48119.250000 37294.785156 -128.336243 138.234955 173.868484 7.765934 1.000000e+37 1.000000e+37 0.000000
2878948 2590227 41599.562500 47940.046875 37309.742188 -45.533821 143.400284 0.639284 13.536915 1.000000e+37 1.000000e+37 0.000000
2878951 2590231 40376.132812 47437.500000 37761.480469 -73.952454 109.097061 108.804428 12.285434 1.000000e+37 1.000000e+37 0.000000
2878961 2590245 40455.628906 47732.886719 37778.183594 -42.635925 68.812546 66.153328 9.215083 1.000000e+37 1.000000e+37 0.000000
2878999 2590298 41775.187500 47835.578125 37348.414062 -87.355354 191.428040 36.462971 10.532335 1.000000e+37 1.000000e+37 0.000000
2910013 2669759 42119.414062 48988.984375 36681.531250 -198.199356 6.886835 57.707035 10.444554 1.000000e+37 1.000000e+37 0.000000
2910014 2669761 41638.699219 48610.832031 37437.851562 -170.745712 23.824495 -17.117416 12.291677 1.000000e+37 1.000000e+37 0.000000
2922867 2699684 42321.621094 48036.843750 37399.800781 -299.996613 129.135513 -107.818993 10.467998 1.000000e+37 1.000000e+37 0.000000
2923300 2700525 41147.019531 48992.640625 36989.511719 -137.766769 68.601776 68.931114 10.727635 1.000000e+37 1.000000e+37 0.000000
2923301 2700526 41400.648438 48727.613281 36869.445312 -189.905899 31.032230 9.690364 11.799218 1.000000e+37 1.000000e+37 0.000000
2923302 2700527 41523.917969 48884.054688 36818.667969 -203.855621 16.736223 -18.346813 14.226583 1.000000e+37 1.000000e+37 0.000000
2942134 2752741 40468.886719 47738.003906 38026.816406 -82.018837 106.206085 127.318451 9.984541 1.000000e+37 1.000000e+37 0.000000
2942135 2752747 42054.890625 47833.773438 37205.726562 -185.159958 315.252716 -37.596416 10.136740 1.000000e+37 1.000000e+37 0.000000
2942143 2752756 41535.117188 47792.441406 36722.000000 -164.563583 281.439178 -33.682964 8.377202 1.000000e+37 1.000000e+37 0.000000
2942144 2752757 41650.792969 47800.902344 36779.445312 -185.339737 337.161224 0.293010 7.442253 1.000000e+37 1.000000e+37 0.000000
2955246 2783919 41557.847656 49114.730469 37158.628906 -235.335434 26.942673 4.915743 9.588720 1.000000e+37 1.000000e+37 0.000000
2955297 2783974 42543.746094 48206.207031 37955.523438 -257.892883 125.011292 -72.304214 9.045106 1.000000e+37 1.000000e+37 0.000000
2955691 2784741 41190.546875 47047.832031 37048.785156 -205.940277 184.919388 37.840534 13.587016 1.000000e+37 1.000000e+37 0.000000
2975064 2839355 41139.019531 48164.203125 37221.207031 -37.667038 98.340706 -72.013405 8.717064 1.000000e+37 1.000000e+37 0.000000
2975125 2839441 40589.273438 47940.085938 37819.808594 -60.364788 143.101379 120.742302 8.855472 1.000000e+37 1.000000e+37 0.000000
2975126 2839442 41124.082031 48065.042969 37914.324219 5.533114 124.874474 -7.104515 11.191238 1.000000e+37 1.000000e+37 0.000000
2975130 2839448 42536.929688 48240.867188 36834.320312 -205.109283 171.925812 180.330444 11.130011 1.000000e+37 1.000000e+37 0.000000
2975441 2840080 42388.980469 47939.867188 36702.929688 -242.084625 53.544312 140.704437 11.848853 1.000000e+37 1.000000e+37 0.000000
2989333 2873016 41015.054688 47004.960938 37475.707031 -167.209824 141.568939 -44.514862 10.761854 1.000000e+37 1.000000e+37 0.000000
3009373 2930301 41400.023438 47971.718750 37627.531250 -120.259369 175.765839 132.732391 7.642024 1.000000e+37 1.000000e+37 0.000000
3009436 2930394 41258.125000 48297.277344 37242.492188 -130.761002 150.649414 63.823002 10.449209 1.000000e+37 1.000000e+37 0.000000
3009442 2930401 41423.421875 47449.027344 36623.160156 -98.600014 162.060883 166.080200 10.364856 1.000000e+37 1.000000e+37 0.000000
3044953 3025684 41759.675781 47685.511719 37069.761719 -125.387268 172.855667 -52.801411 10.588771 1.000000e+37 1.000000e+37 0.000000
3044958 3025691 42762.328125 48285.609375 36915.628906 -239.059601 144.150146 54.784481 11.096015 1.000000e+37 1.000000e+37 0.000000
3044959 3025692 41871.378906 47561.890625 37313.488281 -162.300980 277.574585 108.420868 8.647640 1.000000e+37 1.000000e+37 0.000000
3060028 3062359 41409.765625 48614.816406 36810.480469 -179.115463 14.981617 0.450874 10.272143 1.000000e+37 1.000000e+37 0.000000
3081348 3125402 41292.785156 48931.812500 37145.015625 -247.208298 6.189165 30.430828 8.343439 1.000000e+37 1.000000e+37 0.000000
3081406 3125476 41967.484375 47951.527344 37418.289062 -183.281204 262.315277 -67.381470 11.540069 1.000000e+37 1.000000e+37 0.000000
3096512 3163088 42375.199219 48160.730469 36610.046875 -330.133606 143.110809 -53.018726 9.743268 1.000000e+37 1.000000e+37 0.000000
3119288 3230542 41925.703125 48483.597656 36799.953125 -195.030975 112.456360 -25.932997 8.675363 1.000000e+37 1.000000e+37 0.000000
3119291 3230547 41682.718750 48432.726562 37095.058594 -216.286392 -25.830051 -88.195183 8.135591 1.000000e+37 1.000000e+37 0.000000
3119293 3230549 41646.121094 48343.179688 36857.652344 -216.689316 124.997070 -5.577136 8.212577 1.000000e+37 1.000000e+37 0.000000
3119668 3231355 41997.093750 48387.578125 36847.625000 -268.212524 -46.832199 -20.536039 9.849426 1.000000e+37 1.000000e+37 0.000000
3134878 3270033 42296.382812 48773.585938 37016.652344 -236.267380 56.348778 -70.915016 9.020811 1.000000e+37 1.000000e+37 0.000000
3134879 3270035 42139.781250 47814.054688 38264.488281 -253.379547 126.719421 -66.094017 9.666132 1.000000e+37 1.000000e+37 0.000000
3158291 3340537 41599.281250 48893.433594 37724.828125 -195.406036 25.178595 24.771606 10.573991 1.000000e+37 1.000000e+37 0.000000
3158298 3340547 42227.089844 48403.843750 37015.085938 -254.328690 101.066109 149.455765 9.597017 1.000000e+37 1.000000e+37 0.000000
3158361 3340635 40960.222656 48115.906250 37340.980469 -59.813446 -13.122241 110.898018 12.271655 1.000000e+37 1.000000e+37 0.000000
3158364 3340639 40775.355469 47903.644531 38087.351562 -51.366364 129.851166 89.083839 9.373784 1.000000e+37 1.000000e+37 0.000000
3174996 3382983 40238.105469 47761.812500 37536.664062 -102.204987 69.991982 -43.691872 7.424282 1.000000e+37 1.000000e+37 0.000000
3174997 3382984 41168.617188 48275.863281 37125.261719 -84.048218 155.585495 69.606300 13.817414 1.000000e+37 1.000000e+37 0.000000
3198446 3455795 42041.382812 47767.468750 37019.285156 -110.495140 82.348518 183.408447 7.537360 1.000000e+37 1.000000e+37 0.000000
3198517 3455900 41827.476562 48454.640625 36882.082031 -193.652176 153.543457 -49.132019 6.552449 1.000000e+37 1.000000e+37 0.000000
3198906 3456817 42113.003906 48257.722656 37277.898438 -155.892075 52.819099 115.868858 7.383886 1.000000e+37 1.000000e+37 0.000000
3240545 3578210 40499.933594 47754.160156 37990.750000 -79.053741 120.484962 79.304573 12.133485 1.000000e+37 1.000000e+37 0.000000
3240548 3578218 41767.765625 47956.656250 36549.824219 -212.901825 168.318161 -99.539589 11.011160 1.000000e+37 1.000000e+37 0.000000
3240556 3578227 41574.421875 47882.042969 36941.695312 -303.003601 187.494034 -7.454315 6.475531 1.000000e+37 1.000000e+37 0.000000
3240613 3578327 41549.652344 47341.800781 36989.031250 -136.708054 231.136139 38.273415 10.634430 1.000000e+37 1.000000e+37 0.000000
3258108 3624654 41674.460938 47445.339844 36935.066406 -236.283981 253.673126 -53.026806 12.300870 1.000000e+37 1.000000e+37 0.000000
3258636 3625778 41115.277344 48047.332031 37065.914062 -89.497627 162.514755 65.338470 8.109571 1.000000e+37 1.000000e+37 0.000000
3258637 3625779 40991.351562 48090.226562 37974.519531 -67.224197 40.423828 55.706062 13.101127 1.000000e+37 1.000000e+37 0.000000
3284193 3707158 41196.554688 48951.046875 37846.738281 -57.147003 60.007362 -7.112043 12.651948 1.000000e+37 1.000000e+37 0.000000
3284256 3707258 40728.542969 48082.722656 37905.035156 -36.103107 149.487457 100.036888 8.470746 1.000000e+37 1.000000e+37 0.000000
3284257 3707263 42810.625000 48339.503906 36924.628906 -231.603958 162.866638 57.167191 8.183199 1.000000e+37 1.000000e+37 0.000000
3284260 3707266 41153.976562 48069.753906 37088.855469 -109.965721 28.235529 82.471611 9.635396 1.000000e+37 1.000000e+37 0.000000
3303038 3757163 41594.421875 48363.351562 38151.707031 -187.070892 116.497566 -138.971970 13.356668 1.000000e+37 1.000000e+37 0.000000
3329584 3843261 42233.230469 48328.023438 37127.554688 -333.497009 119.390442 30.497587 6.148623 1.000000e+37 1.000000e+37 0.000000
3329597 3843287 40521.105469 47504.730469 37984.179688 -69.619537 96.949684 71.364120 9.522375 1.000000e+37 1.000000e+37 0.000000
3329655 3843386 42331.425781 48296.464844 36841.359375 -145.343536 82.874702 16.732561 5.522813 1.000000e+37 1.000000e+37 0.000000
3329660 3843398 41626.906250 47571.625000 36779.550781 -238.805313 261.730194 -38.412674 12.033259 1.000000e+37 1.000000e+37 0.000000
3330069 3844413 41981.718750 48564.171875 37166.398438 -135.783554 164.080322 78.874619 11.428731 1.000000e+37 1.000000e+37 0.000000
3349278 3896155 41201.605469 48266.980469 37127.750000 -84.365326 168.814972 67.849876 12.487820 1.000000e+37 1.000000e+37 0.000000
3349279 3896156 40756.718750 48876.179688 37305.644531 -84.688545 48.510387 -22.028189 10.994241 1.000000e+37 1.000000e+37 0.000000
3349333 3896231 41787.257812 48942.175781 37015.207031 -203.050140 32.655331 -45.275692 8.870285 1.000000e+37 1.000000e+37 0.000000
3376755 3987606 41069.906250 49275.425781 37411.851562 -175.941666 63.101006 -14.149177 11.477091 1.000000e+37 1.000000e+37 0.000000
3376758 3987612 41708.128906 47728.546875 36820.625000 -103.840179 156.317444 14.491004 10.268368 1.000000e+37 1.000000e+37 0.000000
3376765 3987625 41723.839844 48297.738281 37008.421875 -122.083939 253.446243 174.591263 9.813615 1.000000e+37 1.000000e+37 0.000000
3376833 3987747 42435.621094 48164.621094 37165.554688 -250.569870 144.553604 125.647438 10.942151 1.000000e+37 1.000000e+37 0.000000
3397349 4043764 41457.058594 47436.828125 36890.136719 -125.931160 206.869720 -17.857985 11.951157 1.000000e+37 1.000000e+37 0.000000
3397350 4043765 41270.902344 48002.042969 36889.070312 -79.920883 185.563232 14.760539 9.326349 1.000000e+37 1.000000e+37 0.000000
3425925 4140419 42005.453125 47647.371094 36821.515625 -299.186249 287.456329 -0.853312 9.950747 1.000000e+37 1.000000e+37 0.000000
3425929 4140428 41145.140625 48796.546875 37336.832031 -68.287636 81.517342 54.971432 10.826914 1.000000e+37 1.000000e+37 0.000000
3425930 4140430 41352.457031 47800.765625 36984.511719 -144.351013 128.253922 0.703579 12.747617 1.000000e+37 1.000000e+37 0.000000
3425931 4140431 41479.000000 47968.910156 37197.125000 -52.467522 118.799614 71.636086 11.401560 1.000000e+37 1.000000e+37 0.000000
3425943 4140455 40480.093750 47715.300781 37948.421875 -63.921181 109.133461 84.668060 7.364063 1.000000e+37 1.000000e+37 0.000000
3425989 4140541 42087.285156 47964.218750 36525.285156 -162.256256 54.973289 47.900558 11.162099 1.000000e+37 1.000000e+37 0.000000
3425993 4140548 40844.535156 48252.667969 37252.394531 -22.318151 163.530273 21.693068 9.954789 1.000000e+37 1.000000e+37 0.000000
3446466 4198210 42042.835938 48056.429688 36236.679688 -223.174561 10.031158 36.113930 5.809729 1.000000e+37 1.000000e+37 0.000000
3477029 4302794 42358.308594 48239.585938 37089.140625 -169.003479 -38.244263 123.988586 6.098525 1.000000e+37 1.000000e+37 0.000000
3477032 4302805 41725.109375 47868.933594 37043.953125 -355.311859 200.818481 143.863876 12.856548 1.000000e+37 1.000000e+37 0.000000
3477040 4302816 40746.226562 47863.144531 37853.707031 -23.418730 115.290665 43.386173 6.371530 1.000000e+37 1.000000e+37 0.000000
3477055 4302844 40752.531250 47881.855469 37744.093750 -13.301350 120.054863 35.220604 12.196307 1.000000e+37 1.000000e+37 0.000000
3477105 4302944 41458.347656 48399.183594 37387.164062 -224.452972 72.303619 -110.041588 6.003947 1.000000e+37 1.000000e+37 0.000000
3498272 4364000 41492.480469 48441.667969 37191.789062 -196.649292 45.150391 -107.306152 10.897533 1.000000e+37 1.000000e+37 0.000000
3529830 4474998 42564.722656 48285.769531 37048.847656 -256.293732 163.359039 101.355293 6.352623 1.000000e+37 1.000000e+37 0.000000
3529831 4474999 41952.511719 49278.683594 37558.117188 -173.453979 39.511280 59.556042 9.593529 1.000000e+37 1.000000e+37 0.000000
3529841 4475014 41462.851562 48351.496094 37173.054688 -115.810989 -9.837187 78.194107 7.870378 1.000000e+37 1.000000e+37 0.000000
3529842 4475015 42386.312500 47938.769531 36454.757812 -239.645981 118.234970 68.231628 11.178149 1.000000e+37 1.000000e+37 0.000000
3529845 4475020 41880.105469 47906.898438 36535.617188 -154.282715 185.256592 12.674084 11.085150 1.000000e+37 1.000000e+37 0.000000
3529846 4475022 41258.750000 47916.765625 37303.312500 -214.259995 197.782608 -100.011261 7.372269 1.000000e+37 1.000000e+37 0.000000
3529847 4475023 41380.578125 49089.714844 37191.039062 -135.272003 18.130379 5.016305 13.456071 1.000000e+37 1.000000e+37 0.000000
3529919 4475165 41584.136719 47816.886719 37288.121094 -190.175797 69.396858 13.332398 9.385098 1.000000e+37 1.000000e+37 0.000000
3529920 4475166 42195.511719 48251.464844 36812.996094 -328.964508 58.842766 81.110191 9.320896 1.000000e+37 1.000000e+37 0.000000
3552868 4542255 40651.101562 48280.660156 37553.691406 -118.523796 98.346725 72.097267 10.018862 1.000000e+37 1.000000e+37 0.000000
3552936 4542353 41129.417969 49081.343750 37500.992188 -83.251419 31.727669 41.136036 10.251195 1.000000e+37 1.000000e+37 0.000000
3552937 4542354 41482.121094 49149.781250 37098.320312 -223.753448 25.825039 -3.466009 8.420181 1.000000e+37 1.000000e+37 0.000000
3552941 4542358 40746.320312 48697.781250 37305.414062 -73.504700 35.984970 -46.555557 10.669562 1.000000e+37 1.000000e+37 0.000000
3584933 4658500 41674.414062 47805.167969 37017.222656 -148.571625 8.325223 -73.891823 12.379022 1.000000e+37 1.000000e+37 0.000000
3608407 4728215 41916.375000 49296.179688 37296.601562 -227.978638 38.769039 8.305670 8.222289 1.000000e+37 1.000000e+37 0.000000
3609210 4729960 42042.460938 49294.433594 37396.292969 -202.313736 63.189857 -36.666866 9.030960 1.000000e+37 1.000000e+37 0.000000
3643007 4854693 41226.109375 48758.218750 37664.816406 -42.095695 46.676174 97.775269 9.603506 1.000000e+37 1.000000e+37 0.000000
3643018 4854717 41625.765625 48616.750000 37281.250000 -189.218369 -23.022871 49.786144 10.616939 1.000000e+37 1.000000e+37 0.000000
3643020 4854722 41458.796875 48701.386719 37479.339844 -175.838104 32.087292 5.310150 12.283807 1.000000e+37 1.000000e+37 0.000000
3643021 4854728 41161.906250 49098.953125 37440.042969 -183.542984 54.016361 -107.958000 7.542675 1.000000e+37 1.000000e+37 0.000000
3643049 4854767 40571.105469 47811.300781 37838.089844 -30.215567 77.230103 27.467079 9.549575 1.000000e+37 1.000000e+37 0.000000
3643100 4854872 40524.511719 47716.093750 37707.941406 -58.645557 80.859734 10.137100 7.843277 1.000000e+37 1.000000e+37 0.000000
3643108 4854888 42048.937500 48411.281250 36704.085938 -296.949219 12.462512 -44.140141 8.010841 1.000000e+37 1.000000e+37 0.000000
3643657 4856425 41990.683594 48610.085938 36716.042969 -89.105247 152.678894 59.352211 11.225348 1.000000e+37 1.000000e+37 0.000000
3667305 4929049 41629.527344 47023.875000 37112.273438 -260.415436 191.517807 -34.420643 6.331215 1.000000e+37 1.000000e+37 0.000000
3667307 4929054 41901.449219 47821.757812 38432.730469 -248.512543 128.049896 -60.759579 9.527480 1.000000e+37 1.000000e+37 0.000000
3668074 4930826 40605.000000 48041.511719 37294.753906 -44.423920 141.311874 -18.819662 9.876771 1.000000e+37 1.000000e+37 0.000000
3668153 4930964 41205.140625 48778.914062 37074.742188 -190.649216 4.858196 53.974831 7.559443 1.000000e+37 1.000000e+37 0.000000
3703209 5063689 42051.703125 48592.093750 36740.566406 -91.877266 146.166412 53.559879 10.803600 1.000000e+37 1.000000e+37 0.000000
3703221 5063716 40969.820312 49093.933594 37349.855469 -179.320786 -18.907492 50.212883 8.441417 1.000000e+37 1.000000e+37 0.000000
3703313 5063897 41101.878906 48350.648438 37451.636719 -59.365311 114.768867 125.445847 10.362299 1.000000e+37 1.000000e+37 0.000000
3703906 5065624 41888.667969 48136.718750 37335.011719 -31.396273 65.933250 -50.054722 9.523393 1.000000e+37 1.000000e+37 0.000000
3728775 5143517 41745.742188 46809.664062 37283.214844 -253.870758 167.472778 -29.987267 6.285343 1.000000e+37 1.000000e+37 0.000000
3728776 5143521 41829.273438 46890.062500 37338.441406 -258.313507 151.103058 -64.225670 7.040210 1.000000e+37 1.000000e+37 0.000000
3728779 5143532 42303.406250 47604.433594 36620.265625 -286.079468 235.861633 32.871323 9.270440 1.000000e+37 1.000000e+37 0.000000
3766561 5288064 42347.429688 48546.000000 36856.808594 -269.667908 22.188913 -35.363495 5.713668 1.000000e+37 1.000000e+37 0.000000
3766562 5288066 41123.503906 48956.074219 37475.074219 -167.638535 64.048546 -112.393539 7.023137 1.000000e+37 1.000000e+37 0.000000
3766563 5288067 40379.117188 47842.093750 37480.371094 -101.367157 123.515526 -43.665611 9.303176 1.000000e+37 1.000000e+37 0.000000
3766564 5288068 41916.902344 47387.546875 37424.343750 -160.342804 230.667389 18.391960 6.758677 1.000000e+37 1.000000e+37 0.000000
3766572 5288092 41667.828125 48167.476562 37235.316406 -119.987503 287.554688 -45.570820 10.092716 1.000000e+37 1.000000e+37 0.000000
3767177 5289868 42250.195312 48032.093750 36345.843750 -177.917648 61.970943 113.741562 10.580772 1.000000e+37 1.000000e+37 0.000000
3832935 5528941 41535.812500 47702.800781 36708.937500 -142.838776 266.724945 -17.546289 9.531809 1.000000e+37 1.000000e+37 0.000000
3832936 5528945 41435.160156 48241.062500 37165.976562 -213.930542 71.635086 -124.156296 7.277462 1.000000e+37 1.000000e+37 0.000000
3832940 5528950 40324.992188 47900.937500 37824.609375 -39.869282 21.329557 91.317764 9.599187 1.000000e+37 1.000000e+37 0.000000
3833035 5529132 42042.812500 48267.304688 37111.730469 -99.740387 81.699730 181.662796 9.277467 1.000000e+37 1.000000e+37 0.000000
3833040 5529144 41754.128906 46875.542969 37040.839844 -166.413010 185.663956 143.067703 7.646609 1.000000e+37 1.000000e+37 0.000000
3860818 5620128 42169.121094 47155.925781 37184.535156 -275.395752 167.381485 -62.042294 9.943431 1.000000e+37 1.000000e+37 0.000000
3861634 5622246 40450.667969 47762.511719 37463.679688 -50.756081 71.410767 -7.040511 10.456396 1.000000e+37 1.000000e+37 0.000000
3861635 5622247 40397.152344 47754.964844 37379.433594 -83.529915 76.254280 -37.958557 9.457828 1.000000e+37 1.000000e+37 0.000000
3861712 5622383 41266.867188 48734.050781 37653.812500 -180.687103 53.099636 -101.383804 7.336338 1.000000e+37 1.000000e+37 0.000000
3901999 5786787 41292.476562 49218.656250 37658.527344 -183.221161 75.896599 -11.500121 10.395807 1.000000e+37 1.000000e+37 0.000000
3902010 5786824 40937.691406 49048.152344 37474.710938 -134.593140 15.892167 35.926266 9.344437 1.000000e+37 1.000000e+37 0.000000
3902012 5786828 41232.398438 47882.316406 36897.894531 -85.002953 186.120178 11.238174 7.005214 1.000000e+37 1.000000e+37 0.000000
3902013 5786829 41299.343750 48044.667969 36997.613281 -67.709831 142.346527 69.617966 6.076295 1.000000e+37 1.000000e+37 0.000000
3902124 5787034 41500.695312 47233.621094 37078.351562 -136.966171 211.841034 27.288580 12.036064 1.000000e+37 1.000000e+37 0.000000
3932655 5887612 40971.980469 48864.730469 37114.164062 -142.110886 17.438951 75.593452 7.663796 1.000000e+37 1.000000e+37 0.000000
3975377 6065736 41784.019531 48299.601562 37382.449219 -270.698303 84.413666 -140.592239 10.053401 1.000000e+37 1.000000e+37 0.000000
4007478 6174783 40840.085938 47301.183594 37511.152344 -111.379021 160.427139 0.182827 10.009705 1.000000e+37 1.000000e+37 0.000000
4007479 6174785 41316.527344 48162.878906 38331.949219 -172.015381 87.870247 -86.684418 6.613138 1.000000e+37 1.000000e+37 0.000000
4007481 6174787 41585.660156 48327.414062 37848.613281 -217.185379 63.168152 -107.062683 9.468578 1.000000e+37 1.000000e+37 0.000000
4052490 6366626 40549.613281 47789.859375 37996.203125 -59.947891 105.788994 41.228165 5.574472 1.000000e+37 1.000000e+37 0.000000
4052512 6366671 42226.535156 48927.316406 36935.433594 -174.844513 2.133875 82.206001 10.491675 1.000000e+37 1.000000e+37 0.000000
4052513 6366672 42264.628906 47945.929688 36685.292969 -372.350372 191.776886 -40.734089 5.799785 1.000000e+37 1.000000e+37 0.000000
4052515 6366680 40592.414062 47580.941406 37850.027344 -60.081764 103.998360 45.421852 10.460052 1.000000e+37 1.000000e+37 0.000000
4052627 6366930 40798.308594 47813.558594 37621.484375 -90.480965 218.988388 5.379894 9.396373 1.000000e+37 1.000000e+37 0.000000
4052637 6366960 41375.945312 47994.972656 37015.359375 -124.627029 94.102150 55.248898 10.060241 1.000000e+37 1.000000e+37 0.000000
4084776 6482025 42144.417969 47068.796875 36970.015625 -254.728424 195.309967 -27.531364 10.441814 1.000000e+37 1.000000e+37 0.000000
4085723 6484574 40426.535156 47822.707031 37362.359375 -72.432732 74.756485 -38.116844 7.811454 1.000000e+37 1.000000e+37 0.000000
4085724 6484577 40996.164062 47949.917969 37183.882812 -32.065620 -12.774692 -17.521339 9.145042 1.000000e+37 1.000000e+37 0.000000
4085794 6484730 41423.746094 48498.644531 36863.484375 -148.555267 2.756631 -3.882721 8.701782 1.000000e+37 1.000000e+37 0.000000
4132835 6692972 42031.152344 48891.101562 37324.570312 -241.573364 67.494301 -106.275002 6.967480 1.000000e+37 1.000000e+37 0.000000
4132972 6693281 41203.929688 47190.613281 36637.429688 -119.420471 157.029907 152.847778 10.075843 1.000000e+37 1.000000e+37 0.000000
4132979 6693304 41646.742188 47593.929688 36500.046875 -105.069626 157.400360 194.660919 7.476141 1.000000e+37 1.000000e+37 0.000000
4167976 6821091 40221.132812 47813.718750 37516.371094 -75.993835 64.031807 -9.828471 10.612473 1.000000e+37 1.000000e+37 0.000000
4167979 6821095 41245.679688 48008.011719 37014.714844 -80.890656 126.142609 80.895668 9.427060 1.000000e+37 1.000000e+37 0.000000
4167980 6821098 40925.257812 47052.140625 37892.804688 -184.706314 137.545013 -72.496422 8.379843 1.000000e+37 1.000000e+37 0.000000
4167982 6821100 41289.164062 47101.281250 37229.867188 -217.043396 169.284058 -70.030533 9.829399 1.000000e+37 1.000000e+37 0.000000
4167983 6821102 41660.445312 48168.238281 38613.179688 -205.430405 123.203102 -59.817268 9.667500 1.000000e+37 1.000000e+37 0.000000
4168078 6821295 41557.062500 49050.875000 37106.980469 -215.102966 35.287601 -30.165255 12.309892 1.000000e+37 1.000000e+37 0.000000
4168079 6821296 41457.167969 48736.300781 37124.128906 -194.570038 27.106422 -79.545059 8.039782 1.000000e+37 1.000000e+37 0.000000
4168080 6821298 41794.023438 48513.453125 37738.820312 -232.752686 36.953465 -100.580269 8.867129 1.000000e+37 1.000000e+37 0.000000
4168081 6821299 41274.589844 48604.804688 38332.015625 -182.166428 68.751434 -82.233978 7.073985 1.000000e+37 1.000000e+37 0.000000
4216734 7048402 41617.406250 47833.847656 37264.593750 -185.689575 57.575985 8.639460 9.549991 1.000000e+37 1.000000e+37 0.000000
4216753 7048445 40991.160156 48168.035156 37678.671875 -34.562798 58.149521 -56.845921 11.991920 1.000000e+37 1.000000e+37 0.000000
4216757 7048450 40790.953125 47575.371094 37932.949219 -37.601475 83.141495 58.347904 6.987686 1.000000e+37 1.000000e+37 0.000000
4216854 7048736 41496.953125 46883.632812 37105.539062 -166.424545 172.822754 60.163536 9.083035 1.000000e+37 1.000000e+37 0.000000
4216855 7048739 41527.417969 47633.078125 37092.656250 -110.542122 255.880157 49.438110 6.494227 1.000000e+37 1.000000e+37 0.000000
4216869 7048773 42648.480469 48199.925781 36718.695312 -308.403015 130.858322 -86.221359 8.305810 1.000000e+37 1.000000e+37 0.000000
4216870 7048774 42474.929688 48100.605469 37210.835938 -240.311798 121.557625 113.725067 8.407034 1.000000e+37 1.000000e+37 0.000000
4217656 7051748 42464.339844 47439.367188 36727.000000 -285.533752 208.412460 -5.912543 5.747398 1.000000e+37 1.000000e+37 0.000000
4217657 7051749 42086.425781 48497.800781 36964.902344 -293.432098 38.821606 -95.050545 7.766857 1.000000e+37 1.000000e+37 0.000000
4252338 7184665 41652.941406 47086.687500 37003.816406 -260.164886 190.395538 -51.495201 9.853308 1.000000e+37 1.000000e+37 0.000000
4252340 7184667 41664.359375 47197.324219 37015.652344 -260.403900 216.153839 -37.038860 5.939242 1.000000e+37 1.000000e+37 0.000000
4252341 7184669 42196.863281 47819.410156 36194.859375 -221.465073 49.264702 72.785828 9.275704 1.000000e+37 1.000000e+37 0.000000
4252342 7184686 42161.351562 47351.308594 36889.558594 -294.276398 194.674698 -53.298447 7.804109 1.000000e+37 1.000000e+37 0.000000
4253395 7187815 40965.371094 46952.328125 37819.660156 -176.207733 135.959732 -69.752800 14.120727 1.000000e+37 1.000000e+37 0.000000
4253487 7188043 41674.101562 48233.136719 37841.453125 -251.599899 92.676064 -74.902649 8.394928 1.000000e+37 1.000000e+37 0.000000
4304302 7435789 41544.906250 47751.847656 37452.230469 -154.839401 113.639282 -62.125847 8.727885 1.000000e+37 1.000000e+37 0.000000
4304304 7435799 41489.675781 48115.417969 36763.089844 -171.145233 183.919556 73.073685 9.770265 1.000000e+37 1.000000e+37 0.000000
4304305 7435803 42777.773438 48007.781250 36766.320312 -208.543198 41.162006 27.259113 9.224309 1.000000e+37 1.000000e+37 0.000000
4304321 7435865 41264.191406 47916.285156 37206.726562 -190.542526 191.318741 -91.251259 7.330853 1.000000e+37 1.000000e+37 0.000000
4304322 7435868 40739.488281 47689.835938 37849.109375 -54.481976 143.195923 87.262238 8.828450 1.000000e+37 1.000000e+37 0.000000
4304441 7436183 41551.230469 47363.234375 37209.761719 -200.778091 252.901260 88.171326 10.111800 1.000000e+37 1.000000e+37 0.000000
4304442 7436187 40808.734375 47680.949219 37631.007812 -100.280388 202.207535 9.292521 7.019144 1.000000e+37 1.000000e+37 0.000000
4341502 7584307 42347.324219 47166.042969 36774.847656 -273.927002 194.110855 -1.783680 7.992992 1.000000e+37 1.000000e+37 0.000000
4341507 7584324 42064.972656 48165.070312 36482.414062 -336.738647 69.660263 -2.593645 7.984101 1.000000e+37 1.000000e+37 0.000000
4342661 7587783 41180.492188 48495.660156 37452.480469 -59.596268 63.966564 57.369678 10.893171 1.000000e+37 1.000000e+37 0.000000
