#subID	 x	 y	 z	 vx	 yv	 yz	 vmax	 B_MAG V_MAG
#subID	 kpc	 kpc	 kpc	 km/s	 km/s	 km/s	 km/s	 mags
419848 20329.064453 37452.175781 7107.438965 -163.322098 -59.813786 -76.543121 207.371582 -2.102761e+01 -2.165078e+01
419849 20369.937500 37561.734375 7052.311035 -150.661240 -199.434097 99.451744 39.598637 -1.224359e+01 -1.279542e+01
419850 20403.867188 37555.734375 7136.436523 -359.375397 -154.289856 -51.904865 31.631062 -9.507628e+00 -1.006687e+01
419851 20227.921875 37522.710938 7063.139160 -13.137965 -97.404861 -129.293304 27.794996 -1.123221e+01 -1.179679e+01
419852 20332.054688 37437.707031 7257.406250 -221.830902 59.408062 38.649307 21.290823 1.000000e+37 1.000000e+37
419853 20369.166016 37494.468750 7127.464355 -444.493713 -190.714905 -58.752308 21.418205 1.000000e+37 1.000000e+37
419854 20411.568359 37257.769531 7185.442871 -224.259415 -180.720200 -1.686238 16.113928 1.000000e+37 1.000000e+37
419855 20450.873047 37342.597656 7013.872559 -167.182556 -187.895538 -90.741348 18.339132 1.000000e+37 1.000000e+37
419856 20308.365234 37373.417969 7172.707520 -271.831024 46.679459 110.791428 17.555170 1.000000e+37 1.000000e+37
419857 20191.156250 37638.671875 6925.311035 -196.616867 -16.801918 -69.328392 18.893862 1.000000e+37 1.000000e+37
419858 20486.330078 37399.265625 7002.368652 -116.328461 -171.548218 -127.821701 16.366236 1.000000e+37 1.000000e+37
419859 20229.769531 37495.640625 6938.621582 -286.982574 -26.992027 -133.501556 19.099346 1.000000e+37 1.000000e+37
419860 20251.939453 37566.265625 7038.204590 -300.067291 58.557026 -11.760055 15.637486 1.000000e+37 1.000000e+37
419861 20251.230469 37624.210938 6996.953613 -215.245941 33.724041 -109.321747 16.632217 -8.686111e+00 -9.254679e+00
419862 20184.031250 37562.226562 7086.447266 -131.307220 -221.455078 20.570538 12.649696 1.000000e+37 1.000000e+37
419863 20546.269531 37573.425781 7100.541504 -330.162598 -95.549767 -40.490440 13.032152 1.000000e+37 1.000000e+37
419864 20518.109375 37481.128906 7056.624512 -121.654076 -179.548996 -52.319359 13.722177 1.000000e+37 1.000000e+37
419865 20323.726562 37465.519531 6881.557617 -206.441284 -180.157364 -166.781525 10.736774 1.000000e+37 1.000000e+37
419866 20196.078125 37516.871094 7155.016113 -118.084045 22.767672 -253.730484 10.503278 1.000000e+37 1.000000e+37
419867 20378.390625 37505.507812 7027.726074 -73.216232 -71.820740 5.099815 15.943486 1.000000e+37 1.000000e+37
419868 20356.347656 37440.203125 7164.522461 -137.020020 8.487373 -343.867401 10.750526 1.000000e+37 1.000000e+37
419869 20154.333984 37398.312500 7131.623047 -103.497925 -112.959816 -9.319364 13.917252 1.000000e+37 1.000000e+37
419870 20383.054688 37286.304688 7099.654297 -219.125290 13.005395 36.747101 12.404650 1.000000e+37 1.000000e+37
419871 20374.746094 37467.425781 7114.023926 -91.136368 134.150543 -227.148285 16.079529 1.000000e+37 1.000000e+37
419872 20273.503906 37436.738281 7154.098145 32.260742 -259.545380 -37.372810 13.159701 1.000000e+37 1.000000e+37
419873 20309.777344 37398.769531 7155.668945 -261.752167 -85.822495 -288.648285 12.449738 1.000000e+37 1.000000e+37
419874 20439.412109 37616.101562 7070.649414 -354.276489 -113.530853 -46.524498 9.595632 1.000000e+37 1.000000e+37
419875 20374.474609 37503.179688 7110.455078 -327.957794 -151.691193 -77.695259 11.284410 1.000000e+37 1.000000e+37
419876 20336.050781 37545.000000 7122.974121 -343.537140 -223.522369 -47.349068 10.026666 1.000000e+37 1.000000e+37
419877 20389.222656 37611.035156 7003.126953 -85.540024 8.061488 37.720089 13.712853 1.000000e+37 1.000000e+37
419878 20389.751953 37560.183594 7127.539551 -187.373917 17.182674 95.244705 10.513588 1.000000e+37 1.000000e+37
419879 20429.791016 37600.796875 7075.873535 -84.016953 -24.642992 -5.317536 7.420238 1.000000e+37 1.000000e+37
419880 20378.820312 37473.597656 7095.779297 -387.457520 -55.013676 -61.325474 12.025436 1.000000e+37 1.000000e+37
419881 20210.246094 37602.160156 6988.712402 -110.877357 -37.237598 -146.332901 12.177901 1.000000e+37 1.000000e+37
419882 20278.771484 37500.179688 7238.749512 -272.394348 -94.811470 70.716309 7.824029 1.000000e+37 1.000000e+37
473562 19934.412109 36860.007812 7735.010742 -123.479820 -55.151058 -113.023109 159.740036 -2.103696e+01 -2.142047e+01
473563 19996.490234 37010.222656 7766.557617 -205.990753 -72.935356 -108.901054 25.850248 1.000000e+37 1.000000e+37
473564 20020.949219 36738.839844 7712.705566 -34.375538 13.678201 -69.321983 24.320566 -8.726816e+00 -9.292631e+00
473565 19980.400391 36758.195312 7700.216309 -101.856979 -52.566582 -194.323639 23.697472 -8.674115e+00 -9.245124e+00
473566 19992.376953 37001.773438 7758.227539 -192.520279 -74.063164 -162.724136 18.847643 1.000000e+37 1.000000e+37
473567 19846.958984 36815.781250 7750.885254 -162.420471 0.747446 -187.092087 15.245689 1.000000e+37 1.000000e+37
473568 19896.226562 36881.527344 7757.024414 -143.939316 49.747307 -206.507629 19.357571 1.000000e+37 1.000000e+37
473569 19909.753906 36806.273438 7763.293945 -112.962120 102.403709 -109.246368 14.076158 -8.792968e+00 -9.363821e+00
473570 20067.533203 36833.332031 7718.721191 -146.960983 62.576099 -124.687614 10.266769 1.000000e+37 1.000000e+37
473571 19966.195312 36946.027344 7732.548828 -74.229507 -219.260300 -84.927795 8.566713 1.000000e+37 1.000000e+37
473572 19928.001953 36851.011719 7832.859863 -202.637512 -90.720871 -258.812012 8.171653 1.000000e+37 1.000000e+37
473573 19951.929688 36794.613281 7659.086914 -122.917961 -167.551041 -44.304070 9.626429 1.000000e+37 1.000000e+37
473574 20005.388672 36863.613281 7730.249512 -217.388687 -47.890388 -261.275421 9.045774 1.000000e+37 1.000000e+37
473575 19859.509766 36837.816406 7824.836914 -67.750801 -45.401443 -172.134613 12.128791 1.000000e+37 1.000000e+37
490227 19517.689453 37423.871094 4527.854980 -85.638573 9.041723 -99.927002 12.519361 1.000000e+37 1.000000e+37
554907 19826.611328 37797.246094 5344.865723 -165.560577 -48.108868 -88.905914 97.617798 -1.861321e+01 -1.896289e+01
554908 19758.408203 37851.816406 5299.300293 -99.157532 -15.659226 -52.096806 19.959223 1.000000e+37 1.000000e+37
554909 19785.435547 37879.578125 5300.305664 -156.789932 -19.515547 -47.580246 20.748451 1.000000e+37 1.000000e+37
554910 19770.505859 37781.679688 5371.868164 -80.705811 -104.854736 -80.588013 13.912270 1.000000e+37 1.000000e+37
554911 19847.716797 37797.679688 5292.526855 -150.068542 -104.574699 -73.932579 17.587759 1.000000e+37 1.000000e+37
554912 19807.015625 37836.121094 5355.110840 -116.066185 -145.485397 -142.816513 13.053051 1.000000e+37 1.000000e+37
554913 19798.714844 37859.511719 5433.711914 -127.805489 -82.185143 -42.227940 11.314624 1.000000e+37 1.000000e+37
591843 19653.013672 36790.414062 7958.520508 -89.545921 -21.527662 -148.092880 77.078827 -1.727479e+01 -1.773402e+01
591844 19647.761719 36803.675781 7970.180664 -118.625862 2.832522 -203.780518 34.816719 -1.270908e+01 -1.311175e+01
591845 19684.361328 36710.226562 7930.356445 -135.573639 -8.281489 -133.022903 19.460573 1.000000e+37 1.000000e+37
624020 19928.257812 39083.351562 5733.392090 -159.579895 -54.710163 -78.767860 61.413750 -1.573583e+01 -1.600811e+01
624021 19886.523438 39064.738281 5766.618652 -206.195343 -7.904405 -95.850548 50.994766 -1.400479e+01 -1.433973e+01
624022 19905.691406 39061.867188 5690.725098 -122.458275 -3.111245 -92.697212 15.070886 1.000000e+37 1.000000e+37
624023 19918.554688 39123.078125 5726.122070 -116.524750 -55.822063 -135.514603 16.869741 1.000000e+37 1.000000e+37
624024 19931.169922 39035.941406 5736.437012 -109.689133 -22.826750 -75.240982 13.581228 1.000000e+37 1.000000e+37
624025 19936.537109 39109.003906 5710.844238 -131.806778 -71.469490 -33.531063 9.632751 1.000000e+37 1.000000e+37
624026 19918.486328 39112.433594 5697.406738 -158.687164 -91.809761 -65.335571 10.323126 1.000000e+37 1.000000e+37
624436 19800.044922 39390.957031 5502.330078 -128.766266 -33.654934 -76.504105 68.537651 -1.650946e+01 -1.691349e+01
624437 19817.679688 39388.882812 5544.033203 -129.840714 -18.229305 -62.818439 14.632057 1.000000e+37 1.000000e+37
624438 19801.914062 39398.781250 5520.490723 -87.470169 -96.890305 -36.824532 17.564859 1.000000e+37 1.000000e+37
664376 19266.832031 35642.945312 8600.232422 -142.021011 -40.008663 -73.804497 58.660927 -1.566914e+01 -1.592847e+01
664377 19338.535156 35680.242188 8587.948242 -183.166214 -59.811066 -109.868713 12.184501 1.000000e+37 1.000000e+37
664378 19296.982422 35693.621094 8584.220703 -138.292801 -56.855473 -54.049736 8.996298 1.000000e+37 1.000000e+37
669425 20338.181641 40012.132812 6852.912109 -139.383881 -33.473717 -110.177139 59.605846 -1.507192e+01 -1.569794e+01
669900 18142.082031 36271.097656 9068.304688 -147.290314 -58.029190 -89.909637 56.522465 -1.531863e+01 -1.566525e+01
669901 18152.277344 36287.695312 9107.196289 -143.322144 -83.966972 -70.045769 7.555189 1.000000e+37 1.000000e+37
676136 18799.634766 35530.410156 9254.699219 -130.483673 -78.114830 -94.503540 48.410954 -1.384766e+01 -1.408814e+01
676137 18841.203125 35485.972656 9202.402344 -161.948212 -63.228214 -82.267578 46.027367 -1.137252e+01 -1.197158e+01
676138 18833.720703 35473.109375 9259.185547 -132.641571 -47.038231 -93.017349 14.181752 1.000000e+37 1.000000e+37
680279 18803.029297 36680.636719 8646.286133 -123.622810 -68.174904 -77.708916 53.835491 -1.467960e+01 -1.508567e+01
680280 18781.087891 36628.515625 8647.965820 -133.934158 -26.463871 -110.950058 15.737418 1.000000e+37 1.000000e+37
680281 18804.076172 36697.898438 8655.491211 -145.765106 -2.366883 -108.496803 14.858761 1.000000e+37 1.000000e+37
698935 20154.011719 38065.214844 6336.376953 -146.379807 -69.512077 -38.593948 48.380196 -1.351022e+01 -1.391290e+01
698936 20160.964844 38084.328125 6356.187500 -118.976303 -79.951324 -60.063515 25.149595 1.000000e+37 1.000000e+37
698937 20139.097656 38136.730469 6361.095703 -160.036179 -40.681862 -70.433327 22.048594 1.000000e+37 1.000000e+37
698938 20124.906250 38126.078125 6356.138184 -160.561798 -76.173141 -62.623917 9.116585 1.000000e+37 1.000000e+37
698939 20168.667969 38043.425781 6333.658203 -114.798096 -75.787605 -30.006836 12.083032 1.000000e+37 1.000000e+37
711793 17924.898438 37287.183594 9113.814453 -170.253525 -71.641586 -65.192719 52.214458 -1.438853e+01 -1.470654e+01
711794 17918.437500 37296.144531 9127.555664 -142.694977 -122.501678 -44.551575 18.172735 1.000000e+37 1.000000e+37
722264 19835.751953 39351.371094 5625.782715 -193.692123 -66.320511 -81.712311 40.900814 -1.132631e+01 -1.183660e+01
722265 19848.228516 39297.679688 5677.513672 -176.941971 -52.271393 -96.311005 33.147419 1.000000e+37 1.000000e+37
722266 19822.929688 39306.878906 5695.064453 -201.840500 -69.095245 -103.346748 15.327601 1.000000e+37 1.000000e+37
722267 19822.380859 39307.882812 5712.697266 -183.325745 -31.910458 -102.432617 12.160559 1.000000e+37 1.000000e+37
733304 19353.650391 35872.054688 8575.208984 -145.958450 -54.378201 -85.498383 45.371822 -1.331302e+01 -1.391193e+01
733305 19367.726562 35866.738281 8601.930664 -138.734924 -82.582268 -119.000137 12.480948 1.000000e+37 1.000000e+37
735534 18466.384766 35019.175781 8075.599121 -142.965515 -74.089378 -74.592560 50.118355 -1.401820e+01 -1.432815e+01
738814 19777.050781 36647.687500 7965.656250 -105.269348 -26.436743 -118.220634 44.482368 -1.223380e+01 -1.270301e+01
738815 19805.728516 36680.875000 7997.382324 -38.643974 -17.826406 -146.553055 28.254274 -8.657470e+00 -9.222953e+00
744235 20300.585938 38817.539062 6306.752930 -155.815353 -77.577957 -115.817703 40.362080 -1.333960e+01 -1.333153e+01
744236 20268.619141 38820.410156 6288.130371 -131.937988 -77.916199 -90.099350 20.529434 1.000000e+37 1.000000e+37
744237 20259.953125 38810.625000 6355.351074 -169.580093 -80.380028 -135.206390 11.107926 1.000000e+37 1.000000e+37
745896 19985.410156 39465.867188 6023.896484 -151.222382 -54.739277 -111.682472 39.154907 -1.039097e+01 -1.099735e+01
745897 19989.408203 39467.839844 6030.207520 -128.518219 -51.842140 -131.621506 27.820761 1.000000e+37 1.000000e+37
768747 20143.939453 36365.761719 8136.547852 -174.426849 -34.764137 -120.274132 42.372082 -1.163341e+01 -1.218224e+01
793922 18898.195312 35090.250000 8296.755859 -145.987747 -55.007427 -74.581764 39.414822 -1.036700e+01 -1.092548e+01
793923 18899.203125 35116.839844 8292.751953 -125.299927 -78.746391 -88.751793 10.918790 1.000000e+37 1.000000e+37
798797 17900.314453 36892.480469 9047.084961 -146.776154 -55.729767 -61.270241 40.526592 -1.111687e+01 -1.174302e+01
829661 18596.794922 35974.835938 8216.635742 -127.528023 -63.688236 -66.667923 29.171526 1.000000e+37 1.000000e+37
829662 18591.708984 35969.628906 8202.701172 -116.611336 -38.599510 -37.988934 19.590738 1.000000e+37 1.000000e+37
850192 20220.916016 38289.753906 6282.258301 -149.368317 -79.120590 -58.008942 24.872616 1.000000e+37 1.000000e+37
850193 20286.992188 38247.972656 6305.841309 -143.495590 -98.144264 -106.640518 20.615431 1.000000e+37 1.000000e+37
850194 20271.925781 38275.785156 6299.047852 -161.681854 -110.211601 -96.123222 7.926232 1.000000e+37 1.000000e+37
853172 18241.400391 37013.914062 8677.383789 -151.745712 -82.164276 -89.920212 34.465164 -1.034264e+01 -1.092499e+01
900912 22890.703125 36770.402344 7638.164062 -123.760536 -58.558380 -41.418686 27.026834 1.000000e+37 1.000000e+37
900913 22893.978516 36770.644531 7613.831055 -116.794182 -66.194160 -45.692493 8.321143 1.000000e+37 1.000000e+37
906688 20069.892578 36531.394531 10288.415039 -139.041077 -90.035782 -80.898613 27.677662 1.000000e+37 1.000000e+37
906689 20050.574219 36535.480469 10282.871094 -134.067764 -124.221794 -75.565178 9.516769 1.000000e+37 1.000000e+37
908970 20109.287109 39909.750000 6578.460449 -145.735291 -42.594318 -96.870766 26.581940 1.000000e+37 1.000000e+37
918078 18687.937500 37749.292969 8077.491211 -123.054352 -69.511841 -72.099785 27.449018 1.000000e+37 1.000000e+37
929043 18514.828125 36690.253906 6047.812012 -128.056442 -67.419167 -92.367134 27.556416 1.000000e+37 1.000000e+37
932258 18630.066406 36462.152344 8628.575195 -135.079865 -52.911259 -106.227989 26.158531 1.000000e+37 1.000000e+37
932259 18629.437500 36449.882812 8587.553711 -156.234253 -45.464867 -97.681000 9.086015 1.000000e+37 1.000000e+37
933657 20916.527344 35448.164062 9217.183594 -142.122879 -71.404999 -74.494011 24.382998 1.000000e+37 1.000000e+37
933658 20934.382812 35441.582031 9220.468750 -135.557983 -47.951702 -76.857201 15.012649 1.000000e+37 1.000000e+37
957721 19065.421875 36426.906250 7394.456543 -110.781403 -56.370255 -66.198441 25.291132 -8.969542e+00 -9.541547e+00
964959 22649.623047 36438.320312 6873.184570 -140.338562 -67.441246 -42.653854 24.458712 1.000000e+37 1.000000e+37
972661 19961.339844 36645.343750 7143.289551 -111.236305 -13.232813 -50.826248 24.461464 1.000000e+37 1.000000e+37
979898 18281.896484 38932.132812 7539.333496 -150.660065 -49.300564 -87.555328 20.759579 1.000000e+37 1.000000e+37
979899 18286.230469 38914.015625 7528.348633 -148.968231 -42.546410 -90.309647 11.162108 1.000000e+37 1.000000e+37
987382 18292.544922 36314.218750 9061.804688 -164.988083 -69.567726 -82.597961 23.409790 1.000000e+37 1.000000e+37
990978 20372.861328 38321.199219 6253.596680 -115.938606 -73.206512 -64.239883 21.698231 1.000000e+37 1.000000e+37
990979 20365.943359 38321.804688 6257.573242 -93.509956 -65.472549 -94.117249 16.176872 1.000000e+37 1.000000e+37
992421 20899.806641 35586.062500 9057.859375 -142.361481 -68.167702 -76.570755 26.289352 1.000000e+37 1.000000e+37
993546 19939.570312 36469.687500 4549.567383 -185.473953 -76.331520 -120.072487 26.602962 -8.696994e+00 -9.255978e+00
994778 20518.544922 38149.175781 6526.445312 -149.352005 -103.644981 -70.511642 19.977457 1.000000e+37 1.000000e+37
994779 20550.609375 38158.406250 6532.677246 -159.624008 -95.913559 -81.565041 13.495503 1.000000e+37 1.000000e+37
994780 20529.800781 38136.503906 6528.132324 -168.753799 -99.850220 -69.532913 13.164661 1.000000e+37 1.000000e+37
998845 20096.195312 38665.398438 6086.846191 -141.504639 -64.572235 -90.602470 25.546978 1.000000e+37 1.000000e+37
1000046 19007.433594 36714.085938 8556.900391 -131.265366 -68.936569 -83.083488 22.166916 1.000000e+37 1.000000e+37
1001785 18365.214844 37043.585938 8598.425781 -156.330612 -81.632393 -86.392883 23.341009 1.000000e+37 1.000000e+37
1002184 20120.046875 39556.511719 6488.095215 -147.341019 -49.101620 -105.058228 24.016747 1.000000e+37 1.000000e+37
1002185 20082.119141 39572.238281 6472.438965 -171.633652 -40.780819 -101.616425 7.438674 1.000000e+37 1.000000e+37
1003363 18624.326172 36782.117188 8726.071289 -113.233765 -65.344627 -83.655853 24.772978 1.000000e+37 1.000000e+37
1007088 19743.916016 34730.000000 5889.802246 -159.695312 -80.988708 -131.887039 25.093288 1.000000e+37 1.000000e+37
1007168 18163.628906 39021.031250 7573.266113 -143.199280 -50.252232 -91.303040 24.619009 1.000000e+37 1.000000e+37
1044040 19638.099609 34966.898438 9162.669922 -150.211716 -67.820114 -61.427113 22.049288 1.000000e+37 1.000000e+37
1047929 20045.914062 39057.460938 5698.944824 -157.995041 -11.810643 -51.939407 19.906841 1.000000e+37 1.000000e+37
1052531 17798.541016 37517.648438 9076.091797 -162.854874 -93.977455 -50.359451 19.921841 1.000000e+37 1.000000e+37
1060661 20271.255859 39115.851562 6234.087402 -153.620010 -75.914726 -124.866852 21.487154 1.000000e+37 1.000000e+37
1060662 20272.775391 39078.968750 6259.916992 -156.927231 -64.459473 -117.017830 14.142922 1.000000e+37 1.000000e+37
1064846 18701.496094 39346.050781 8662.824219 -149.685760 -41.795811 -85.613922 25.078548 1.000000e+37 1.000000e+37
1086406 20265.847656 38825.656250 5984.431641 -128.591431 -67.248741 -99.945747 21.926689 1.000000e+37 1.000000e+37
1092688 21587.384766 37159.843750 6932.933105 -188.569534 -52.532654 -40.832634 21.056307 1.000000e+37 1.000000e+37
1100466 20850.001953 35681.707031 8919.449219 -141.428833 -65.062332 -72.532417 19.384911 1.000000e+37 1.000000e+37
1100467 20836.089844 35705.167969 8951.360352 -149.279953 -73.135460 -84.520760 15.493868 1.000000e+37 1.000000e+37
1100599 20802.787109 37595.234375 7041.763672 -263.417236 -79.139030 -55.921890 17.032898 1.000000e+37 1.000000e+37
1100600 20759.199219 37594.179688 7059.495117 -264.152039 -102.045158 -49.557411 7.415236 1.000000e+37 1.000000e+37
1100601 20797.869141 37581.230469 7051.412109 -272.698975 -59.698757 -61.169300 9.522290 1.000000e+37 1.000000e+37
1122486 19271.416016 35257.304688 9310.390625 -147.485077 -72.499886 -85.989525 21.717371 1.000000e+37 1.000000e+37
1131633 19754.074219 34809.328125 5938.548828 -159.134903 -91.167809 -136.262238 24.067776 1.000000e+37 1.000000e+37
1131832 18976.925781 38111.097656 8592.468750 -158.682877 -73.914230 -109.349861 21.309948 1.000000e+37 1.000000e+37
1137103 20219.228516 38764.886719 6241.620117 -130.876190 -71.036491 -117.980255 19.867338 1.000000e+37 1.000000e+37
1139664 20187.494141 36958.152344 5554.032715 -156.871597 -38.645767 -91.145676 18.331369 1.000000e+37 1.000000e+37
1139665 20189.345703 36945.562500 5551.866211 -166.150558 -42.175781 -84.891701 10.552426 1.000000e+37 1.000000e+37
1140551 19701.337891 35935.878906 8566.069336 -169.013809 -46.457958 -96.156387 21.766823 1.000000e+37 1.000000e+37
1145218 22729.720703 36960.070312 7835.005371 -127.250244 -70.164749 -59.339836 17.867952 1.000000e+37 1.000000e+37
1147973 20164.992188 38910.621094 5635.383301 -137.884460 -21.146273 -73.979523 25.185696 1.000000e+37 1.000000e+37
1150929 19973.197266 36933.800781 8601.108398 -154.961990 -84.360039 -139.512390 20.764595 1.000000e+37 1.000000e+37
1153569 19107.369141 35527.574219 8445.503906 -123.716682 -60.908886 -73.705330 19.841309 1.000000e+37 1.000000e+37
1160133 19727.619141 35674.984375 8765.280273 -166.337387 -52.407902 -86.244263 20.938396 1.000000e+37 1.000000e+37
1160134 19519.160156 36319.519531 8235.470703 -134.932404 -22.675842 -116.151024 20.902767 1.000000e+37 1.000000e+37
1173736 20305.927734 39925.542969 6527.533691 -140.143936 -49.420502 -102.820892 20.369986 1.000000e+37 1.000000e+37
1189784 18906.257812 35551.160156 8935.822266 -149.810913 -81.318253 -94.120743 17.166977 1.000000e+37 1.000000e+37
1191153 21502.671875 37345.261719 7290.178223 -196.404709 -67.751686 -58.681934 20.722775 1.000000e+37 1.000000e+37
1194541 18510.966797 37967.898438 7925.804199 -127.533775 -66.774605 -71.936317 20.313372 1.000000e+37 1.000000e+37
1196903 19129.007812 37271.957031 8120.798828 -119.316391 -98.931442 -97.228035 20.008619 1.000000e+37 1.000000e+37
1210008 22389.761719 37366.644531 8626.155273 -110.835037 -67.294144 -87.035187 19.035444 1.000000e+37 1.000000e+37
1221034 18651.082031 36520.863281 8495.612305 -133.018616 -51.136978 -92.599525 19.581112 1.000000e+37 1.000000e+37
1223601 20271.183594 37281.562500 7050.512207 -202.182129 95.805771 -169.663849 10.038861 1.000000e+37 1.000000e+37
1223602 20251.990234 37223.398438 7052.287598 -173.640991 -188.053314 -106.678856 8.771580 1.000000e+37 1.000000e+37
1223860 20350.304688 38230.851562 6348.324219 -166.050552 -100.449432 -101.319008 17.046898 1.000000e+37 1.000000e+37
1223861 20328.531250 38235.792969 6359.375488 -154.596603 -102.622284 -100.295128 8.912809 1.000000e+37 1.000000e+37
1236083 22139.556641 37380.031250 8243.875977 -131.628448 -64.560730 -84.909637 19.410759 1.000000e+37 1.000000e+37
1247209 18652.835938 38387.824219 7690.089355 -139.466492 -67.081734 -90.313148 19.570557 1.000000e+37 1.000000e+37
1250096 19951.066406 38555.539062 5984.410645 -152.153000 -54.150875 -68.145020 20.628973 1.000000e+37 1.000000e+37
1252739 19454.578125 35324.140625 9095.450195 -142.915649 -65.529213 -85.666992 19.296539 1.000000e+37 1.000000e+37
1264511 18227.152344 36330.863281 9081.299805 -166.299210 -81.093491 -73.619316 18.529114 1.000000e+37 1.000000e+37
1266431 19966.679688 38766.488281 5520.301758 -136.906921 -34.077675 -63.603344 19.161171 1.000000e+37 1.000000e+37
1266432 19990.154297 38773.242188 5491.215820 -121.389290 -34.651516 -96.851662 10.904672 1.000000e+37 1.000000e+37
1267917 21936.812500 37572.601562 8064.954590 -136.684341 -71.622437 -93.756912 19.712231 1.000000e+37 1.000000e+37
1287228 19361.185547 37733.476562 4593.226074 -164.405258 -121.618614 -94.626915 16.268600 1.000000e+37 1.000000e+37
1287229 19355.349609 37739.144531 4624.315918 -167.547913 -118.281311 -87.521271 8.288140 1.000000e+37 1.000000e+37
1295768 20133.013672 37918.593750 6547.170410 -163.444290 -124.710129 -77.256561 18.543980 1.000000e+37 1.000000e+37
1297496 18619.375000 36956.652344 8754.441406 -139.973892 -80.152023 -81.113251 19.976574 1.000000e+37 1.000000e+37
1311477 19610.164062 36698.695312 7865.053223 -119.919136 -3.000356 -147.535339 21.853670 -8.385910e+00 -8.957742e+00
1315627 19970.300781 39268.421875 5686.539551 -148.603149 -33.344585 -69.216362 20.109833 1.000000e+37 1.000000e+37
1317498 20205.246094 37754.980469 6501.350098 -139.190384 -72.168228 -12.060388 18.630621 1.000000e+37 1.000000e+37
1317499 20219.654297 37770.894531 6533.742188 -145.247894 -63.693905 -14.413033 12.730259 1.000000e+37 1.000000e+37
1326676 21016.125000 35886.925781 8543.208984 -154.194397 -52.041794 -77.696793 20.371014 1.000000e+37 1.000000e+37
1334445 19808.880859 36688.203125 7619.629395 -163.038757 -57.149315 -139.247223 12.334581 1.000000e+37 1.000000e+37
1340925 20212.775391 39901.453125 6778.986816 -133.514923 -28.329903 -99.761215 17.476984 1.000000e+37 1.000000e+37
1340926 18808.482422 38296.500000 8751.463867 -159.294647 -65.415802 -108.965897 16.081327 1.000000e+37 1.000000e+37
1357433 17823.888672 37271.949219 8951.971680 -189.771744 -87.788307 -67.786911 20.418024 1.000000e+37 1.000000e+37
1375140 18276.205078 36275.941406 5976.015137 -131.523972 -76.288475 -95.518799 17.014744 1.000000e+37 1.000000e+37
1377427 19097.962891 38859.347656 8801.253906 -161.504150 -52.338062 -104.182930 20.893072 1.000000e+37 1.000000e+37
1379654 20314.166016 38720.492188 6066.968262 -141.779022 -61.976631 -96.040604 16.738174 1.000000e+37 1.000000e+37
1393101 18376.609375 35848.445312 9111.567383 -147.575516 -60.983101 -92.561516 20.592081 1.000000e+37 1.000000e+37
1405280 19595.603516 36703.339844 7656.479004 -73.519615 -29.294220 -40.724293 20.540361 1.000000e+37 1.000000e+37
1433871 19716.207031 36987.867188 7737.089844 -126.384109 -99.929062 -55.351009 20.208530 1.000000e+37 1.000000e+37
1433877 19713.623047 36942.839844 7791.720703 -72.403481 -79.719513 -162.353378 16.866762 1.000000e+37 1.000000e+37
1434396 20204.712891 38652.054688 6335.587891 -132.238754 -73.858253 -100.188835 19.693867 1.000000e+37 1.000000e+37
1442554 18813.343750 37134.941406 8527.817383 -131.100403 -90.775528 -78.143990 16.576410 1.000000e+37 1.000000e+37
1448183 20807.021484 38958.550781 6657.335449 -180.141983 -62.282276 -90.396439 19.480503 1.000000e+37 1.000000e+37
1451032 20372.373047 37802.136719 6528.452148 -148.020798 -112.996231 -51.193794 17.932734 1.000000e+37 1.000000e+37
1451033 18161.257812 36030.910156 6010.625000 -132.294586 -79.205505 -95.585587 15.471678 1.000000e+37 1.000000e+37
1456152 20399.695312 37223.296875 7227.275879 -41.878719 -25.477865 -163.193192 10.408626 1.000000e+37 1.000000e+37
1456153 20410.605469 37214.457031 7243.932129 -200.954636 -151.770309 0.940651 10.412774 1.000000e+37 1.000000e+37
1465518 18261.781250 38584.632812 9098.196289 -173.628006 -63.674400 -104.798523 15.640742 1.000000e+37 1.000000e+37
1474500 20318.000000 37116.050781 7740.255859 -162.813354 -59.848545 -131.184479 19.930319 1.000000e+37 1.000000e+37
1477577 20152.355469 37840.613281 6588.003418 -157.442108 -118.919960 -61.374512 18.111963 1.000000e+37 1.000000e+37
1483294 18180.507812 36093.105469 9069.789062 -155.674118 -42.918324 -101.312782 15.294390 1.000000e+37 1.000000e+37
1489602 18826.253906 35403.792969 8359.223633 -122.262772 -61.035355 -87.194923 17.545471 1.000000e+37 1.000000e+37
1492812 20295.308594 36209.554688 8412.871094 -163.181915 -41.223042 -114.509247 17.894573 1.000000e+37 1.000000e+37
1492818 18906.400391 34796.863281 8243.430664 -147.693802 -59.804878 -87.632088 16.571384 1.000000e+37 1.000000e+37
1496642 20329.341797 37980.257812 6656.708496 -76.018555 -93.854248 -74.622169 13.507574 1.000000e+37 1.000000e+37
1496643 18719.146484 37014.886719 6409.559570 -120.350227 -64.027451 -87.774452 17.325275 1.000000e+37 1.000000e+37
1506520 18101.427734 38501.601562 8200.502930 -150.975891 -58.231342 -74.612617 16.186108 1.000000e+37 1.000000e+37
1509172 20723.589844 36222.113281 7988.905762 -169.733398 -30.256067 -84.467026 11.987774 1.000000e+37 1.000000e+37
1509173 20729.791016 36227.964844 8002.589844 -177.183945 -23.496529 -90.716507 12.321749 1.000000e+37 1.000000e+37
1530449 20122.705078 38523.859375 6390.236328 -181.763855 -85.409073 -87.008926 15.562777 1.000000e+37 1.000000e+37
1537530 21178.171875 37591.195312 7149.113281 -224.260284 -65.999687 -50.417648 15.133056 1.000000e+37 1.000000e+37
1541281 20722.371094 36199.480469 9162.755859 -144.655197 -84.112755 -98.299614 16.054585 1.000000e+37 1.000000e+37
1544867 19990.001953 38615.792969 5886.055176 -152.231155 -44.250202 -58.019550 14.744507 1.000000e+37 1.000000e+37
1552260 20185.390625 38778.906250 5662.060059 -132.934433 -22.404831 -78.853729 14.399374 1.000000e+37 1.000000e+37
1563172 19460.220703 35824.261719 8492.027344 -178.059097 -56.677078 -108.599831 15.962586 1.000000e+37 1.000000e+37
1563173 20163.927734 36953.996094 7300.479492 -117.740799 21.093136 -33.935200 17.428825 1.000000e+37 1.000000e+37
1579115 19079.957031 35486.613281 8465.697266 -126.638481 -46.309025 -66.551529 13.893700 1.000000e+37 1.000000e+37
1579116 20342.978516 37569.566406 6823.645996 -184.597214 -163.847336 -149.007065 17.432472 1.000000e+37 1.000000e+37
1579894 18987.310547 39083.324219 8836.083008 -161.134232 -50.021381 -106.555939 15.241453 1.000000e+37 1.000000e+37
1591100 18905.033203 35402.773438 8369.903320 -131.028488 -66.718155 -67.722626 13.550714 1.000000e+37 1.000000e+37
1591101 18925.892578 35389.847656 8372.830078 -134.657318 -58.719063 -68.433517 7.231147 1.000000e+37 1.000000e+37
1591881 21439.126953 37263.441406 7298.902832 -187.910797 -47.294518 -84.018631 14.396450 1.000000e+37 1.000000e+37
1595351 18100.029297 35865.718750 6268.915527 -135.334213 -83.529289 -94.244804 15.228167 1.000000e+37 1.000000e+37
1596152 19941.982422 36252.226562 8468.781250 -160.361969 -64.432816 -132.327957 16.676111 1.000000e+37 1.000000e+37
1599631 19921.906250 36940.917969 7571.627930 -149.799606 3.213054 -69.383202 18.775553 1.000000e+37 1.000000e+37
1599632 20919.417969 35214.445312 8018.826172 -152.507568 -59.927368 -73.337624 15.315313 1.000000e+37 1.000000e+37
1599639 18895.595703 36365.980469 7308.245605 -112.970665 -55.877552 -68.420517 16.578014 1.000000e+37 1.000000e+37
1609115 20280.525391 38503.968750 6449.698242 -190.524323 -92.243820 -101.563980 15.925088 1.000000e+37 1.000000e+37
1609116 19675.304688 38103.714844 5359.593262 -165.514099 -81.384819 -64.130409 17.453787 1.000000e+37 1.000000e+37
1613465 20655.511719 38834.972656 6502.409668 -195.014420 -62.292530 -71.611191 16.384775 1.000000e+37 1.000000e+37
1617200 20241.693359 37510.898438 6829.400391 -114.489693 -155.470184 15.843621 15.557952 1.000000e+37 1.000000e+37
1618075 20908.646484 38525.976562 6709.975586 -195.168015 -73.095535 -67.508179 16.553257 1.000000e+37 1.000000e+37
1621773 20509.267578 37627.562500 6948.011230 -278.620300 -148.053604 -19.116371 10.643990 1.000000e+37 1.000000e+37
1622621 19856.703125 38768.769531 5564.789062 -184.845535 -38.017536 -56.208004 14.945352 1.000000e+37 1.000000e+37
1622622 20305.632812 38113.742188 6531.156250 -86.263206 -82.197723 -81.917984 15.262383 1.000000e+37 1.000000e+37
1630888 20624.738281 36413.148438 7938.408691 -178.389801 -26.491116 -96.294525 16.453733 1.000000e+37 1.000000e+37
1635638 19311.259766 35494.820312 8718.873047 -163.836731 -39.470173 -89.065002 14.109561 1.000000e+37 1.000000e+37
1645029 19657.353516 36395.589844 8202.186523 -168.980316 -17.687004 -121.480537 13.345703 1.000000e+37 1.000000e+37
1649750 21040.751953 35676.171875 9654.177734 -130.270340 -87.503136 -78.007584 13.497993 1.000000e+37 1.000000e+37
1659385 20115.888672 37439.785156 7367.041016 -147.361588 23.075577 -167.586639 18.141476 1.000000e+37 1.000000e+37
1660328 20760.312500 37386.390625 7208.904785 -262.033417 -39.400894 -89.278793 14.361216 1.000000e+37 1.000000e+37
1670379 20014.509766 37880.593750 4903.819336 -152.026703 -75.966103 -90.288574 15.611386 1.000000e+37 1.000000e+37
1675496 19929.207031 38885.359375 5810.558105 -156.777344 -24.021872 -84.145302 13.464558 1.000000e+37 1.000000e+37
1679580 20673.531250 36038.828125 8503.146484 -163.932617 -61.415707 -94.013847 16.871208 1.000000e+37 1.000000e+37
1684736 20565.134766 37540.675781 6887.299805 -49.276913 -88.047211 -105.766434 17.587740 1.000000e+37 1.000000e+37
1685730 17864.701172 37703.343750 8954.250000 -159.791962 -83.900215 -55.327549 14.726796 1.000000e+37 1.000000e+37
1689972 22213.410156 36124.621094 7362.738770 -137.799896 -49.818333 -61.287323 16.196770 1.000000e+37 1.000000e+37
1707117 22033.886719 37433.339844 7341.089355 -172.419815 -68.759010 -43.679523 14.487863 1.000000e+37 1.000000e+37
1711494 19350.925781 36720.804688 8439.176758 -92.113113 -77.892677 -77.639427 16.085310 1.000000e+37 1.000000e+37
1711512 21222.041016 37010.753906 7363.787109 -186.473740 -17.417576 -70.345932 13.171984 1.000000e+37 1.000000e+37
1717069 20233.080078 35675.378906 8222.601562 -156.355621 -41.378384 -76.622177 15.709497 1.000000e+37 1.000000e+37
1728599 19567.792969 35229.000000 8972.336914 -151.415909 -62.016525 -80.176620 14.102168 1.000000e+37 1.000000e+37
1729653 22226.105469 37113.289062 7580.956543 -150.514450 -64.708565 -68.706833 15.698395 1.000000e+37 1.000000e+37
1735574 20226.074219 38804.738281 6060.200195 -151.542969 -54.761799 -82.993607 13.709034 1.000000e+37 1.000000e+37
1747522 20228.664062 38754.285156 6077.660645 -144.822998 -54.018658 -79.468246 15.575644 1.000000e+37 1.000000e+37
1747525 19747.826172 38252.531250 5502.886230 -104.493317 -49.679543 -103.540154 16.947186 1.000000e+37 1.000000e+37
1764454 18654.544922 35225.230469 8187.814941 -130.047150 -73.092667 -86.072281 13.823244 1.000000e+37 1.000000e+37
1771788 19858.339844 36907.804688 10122.215820 -142.168533 -88.024956 -86.952507 13.239160 1.000000e+37 1.000000e+37
1771789 19794.283203 36544.023438 9117.262695 -147.987701 -80.532463 -117.165237 13.443881 1.000000e+37 1.000000e+37
1771791 19225.904297 37952.222656 7535.109863 -117.519043 -80.077469 -91.705215 13.963448 1.000000e+37 1.000000e+37
1771792 18865.878906 38793.144531 8791.565430 -154.687042 -56.371128 -95.687965 13.453829 1.000000e+37 1.000000e+37
1771797 18064.445312 37037.441406 7099.701172 -133.897797 -63.899120 -77.835503 15.638655 1.000000e+37 1.000000e+37
1778298 21880.263672 37571.531250 7707.679688 -156.970291 -69.452339 -87.079994 15.440782 1.000000e+37 1.000000e+37
1783455 21639.621094 36577.128906 7346.331543 -161.020950 -35.015446 -63.585052 17.860600 1.000000e+37 1.000000e+37
1797640 18097.330078 39250.398438 7372.275879 -145.375290 -42.892719 -90.416206 13.082030 1.000000e+37 1.000000e+37
1804283 19897.123047 37930.179688 5334.743652 -156.898514 -95.864220 -111.086250 14.906621 1.000000e+37 1.000000e+37
1804284 19881.574219 37936.382812 5345.048828 -158.529053 -93.534233 -120.339226 12.941477 1.000000e+37 1.000000e+37
1804285 20189.656250 38773.289062 5999.526855 -145.010162 -54.035206 -76.903976 15.550405 1.000000e+37 1.000000e+37
1817804 18936.320312 37582.820312 8052.129883 -127.314034 -87.555931 -83.178314 14.586702 1.000000e+37 1.000000e+37
1817810 20079.349609 39105.894531 5810.547852 -124.987930 -47.271378 -139.344238 12.231148 1.000000e+37 1.000000e+37
1838921 17823.798828 37492.972656 9137.554688 -163.421677 -93.860306 -65.921524 14.448765 1.000000e+37 1.000000e+37
1838925 20788.755859 37048.078125 4513.901367 -213.363983 -81.065140 -54.987579 15.632109 1.000000e+37 1.000000e+37
1846197 21318.050781 37212.492188 7736.375488 -164.730545 -67.277641 -122.579475 12.379492 1.000000e+37 1.000000e+37
1846201 19569.062500 39455.968750 5768.071777 -110.071396 -29.393429 -127.803322 15.630011 1.000000e+37 1.000000e+37
1852116 20252.070312 35466.648438 8361.084961 -155.650879 -50.311924 -76.414558 14.744669 1.000000e+37 1.000000e+37
1853509 22278.201172 37386.136719 7382.465332 -162.189880 -67.496872 -45.456375 13.733341 1.000000e+37 1.000000e+37
1874750 20847.869141 35751.390625 8947.587891 -156.851593 -78.098053 -75.349533 13.737477 1.000000e+37 1.000000e+37
1874760 18739.005859 35730.855469 8904.801758 -147.965759 -80.085289 -98.942207 16.243670 1.000000e+37 1.000000e+37
1874763 19812.623047 36456.136719 7032.035156 -104.924141 -32.146858 -56.581825 16.227623 1.000000e+37 1.000000e+37
1876169 18641.617188 38887.359375 8961.269531 -163.863846 -55.181835 -112.357689 15.979652 1.000000e+37 1.000000e+37
1883858 18663.140625 36699.046875 8666.100586 -105.929268 -79.503510 -69.722931 14.633653 1.000000e+37 1.000000e+37
1883867 19792.712891 36452.484375 4620.074219 -177.761276 -82.058464 -117.152275 14.347072 1.000000e+37 1.000000e+37
1891632 22039.621094 37643.152344 8141.668457 -136.288376 -73.495178 -90.910995 12.141126 1.000000e+37 1.000000e+37
1898090 19814.050781 36728.972656 7736.076660 -209.179001 -44.109367 -133.775513 16.632332 1.000000e+37 1.000000e+37
1898093 18414.582031 35125.640625 8030.767578 -130.308151 -91.814323 -67.790024 13.979445 1.000000e+37 1.000000e+37
1907734 17902.187500 37179.718750 8810.042969 -181.632782 -58.407524 -103.349350 14.073659 1.000000e+37 1.000000e+37
1914408 20135.417969 37323.703125 7519.225586 -167.440079 20.086956 -124.926689 14.914779 1.000000e+37 1.000000e+37
1914417 19916.414062 36531.117188 7084.074219 -110.589783 -17.076113 -51.159763 13.453396 1.000000e+37 1.000000e+37
1915886 18808.742188 37643.687500 8078.887207 -131.134338 -84.927956 -86.705803 14.014318 1.000000e+37 1.000000e+37
1915887 22597.242188 36827.921875 8143.329590 -117.164940 -55.709217 -77.755020 14.273637 1.000000e+37 1.000000e+37
1922624 19470.242188 36241.179688 8374.749023 -138.188690 -26.733393 -103.735939 15.320604 1.000000e+37 1.000000e+37
1924149 18724.292969 39131.488281 8874.315430 -156.079880 -46.865761 -105.676514 10.672926 1.000000e+37 1.000000e+37
1924151 19138.562500 36713.453125 8624.901367 -127.252518 -66.958328 -81.477913 15.833393 1.000000e+37 1.000000e+37
1924152 22287.921875 37066.781250 7662.342773 -147.542847 -62.518478 -70.207909 13.867315 1.000000e+37 1.000000e+37
1939793 19526.113281 35191.132812 8987.524414 -148.156799 -62.065414 -76.913025 13.842221 1.000000e+37 1.000000e+37
1950106 20886.654297 37296.285156 6608.255371 -214.542847 -41.983879 -19.002497 15.713603 1.000000e+37 1.000000e+37
1957263 20965.701172 35710.316406 9101.147461 -142.941727 -82.934471 -90.144684 12.452582 1.000000e+37 1.000000e+37
1957264 21606.798828 35872.699219 8892.167969 -137.666260 -68.118874 -72.003624 13.781878 1.000000e+37 1.000000e+37
1958921 20139.398438 39177.203125 5261.989746 -206.088104 -26.076021 -71.010025 13.661736 1.000000e+37 1.000000e+37
1975664 21132.351562 34510.257812 7491.404297 -154.750702 -79.684441 -74.738380 15.592763 1.000000e+37 1.000000e+37
1986559 20196.589844 38045.894531 6470.014648 -145.071350 -93.213203 -65.266747 15.954445 1.000000e+37 1.000000e+37
1986561 20886.318359 37730.648438 6990.298340 -239.448135 -94.926842 -60.684307 15.805635 1.000000e+37 1.000000e+37
1994241 20703.609375 36292.429688 7998.023926 -172.550262 -31.607731 -87.010773 12.769878 1.000000e+37 1.000000e+37
1994242 20120.736328 37225.808594 7582.092773 -182.812851 20.407032 -103.089668 14.323782 1.000000e+37 1.000000e+37
2003687 18591.373047 35697.093750 8996.603516 -149.507507 -81.366714 -98.301094 14.462272 1.000000e+37 1.000000e+37
2005456 20182.998047 38820.574219 6290.928223 -181.107498 -76.977821 -68.802849 13.101884 1.000000e+37 1.000000e+37
2015380 20639.511719 38207.457031 6764.992676 -206.980881 -97.999161 -63.707848 16.884853 1.000000e+37 1.000000e+37
2023467 19445.972656 36211.390625 8140.520996 -127.813759 -36.683033 -113.079185 14.045936 1.000000e+37 1.000000e+37
2023468 19447.746094 36225.363281 8161.627930 -117.916267 -49.208378 -129.741638 7.571999 1.000000e+37 1.000000e+37
2023490 20495.417969 36235.812500 7576.799316 -171.966019 -15.566449 -68.384491 15.209929 1.000000e+37 1.000000e+37
2025293 19990.779297 38589.238281 6045.375977 -148.114258 -44.741264 -66.805634 13.002575 1.000000e+37 1.000000e+37
2025294 19682.427734 38124.449219 4815.973633 -144.440247 -78.233429 -96.969185 14.665958 1.000000e+37 1.000000e+37
2033354 21474.904297 35825.824219 8892.101562 -138.948685 -67.425461 -74.315331 13.469732 1.000000e+37 1.000000e+37
2035250 19844.285156 39098.957031 5801.649902 -144.458969 -10.734502 -104.189484 13.199703 1.000000e+37 1.000000e+37
2043662 20910.138672 34616.785156 7739.883789 -147.248306 -73.532227 -71.480942 13.912352 1.000000e+37 1.000000e+37
2045687 22995.275391 38021.613281 7324.544922 -141.026230 -53.525139 -30.689022 13.454116 1.000000e+37 1.000000e+37
2045693 20698.347656 39129.351562 6398.848633 -193.135544 -51.055050 -74.014740 14.242922 1.000000e+37 1.000000e+37
2045695 22565.273438 38402.335938 7497.163574 -140.365646 -47.860760 -55.615063 12.080400 1.000000e+37 1.000000e+37
2054265 20393.255859 37282.687500 7487.517090 -117.654877 31.841936 -92.646622 12.608910 1.000000e+37 1.000000e+37
2054266 20389.072266 37265.429688 7507.391602 -112.076767 21.734854 -101.549423 10.693056 1.000000e+37 1.000000e+37
2056161 18814.644531 37405.906250 8323.759766 -124.738350 -82.756981 -80.971642 13.327684 1.000000e+37 1.000000e+37
2088633 21245.123047 37777.519531 6975.055664 -211.047195 -76.167976 -70.372665 14.018620 1.000000e+37 1.000000e+37
2097729 20338.898438 37179.414062 7338.437988 -113.533188 -119.606964 -17.553932 11.369625 1.000000e+37 1.000000e+37
2111422 20105.742188 36246.929688 8135.387695 -156.607407 -36.191765 -133.523483 14.443886 1.000000e+37 1.000000e+37
2123030 19755.546875 39487.816406 6649.584473 -119.685150 -45.892513 -119.485870 15.275198 1.000000e+37 1.000000e+37
2134943 18124.912109 37387.671875 8355.143555 -133.398041 -66.650070 -55.341175 13.960843 1.000000e+37 1.000000e+37
2146980 22008.703125 38613.078125 7239.673340 -159.817963 -50.035599 -57.039478 12.762458 1.000000e+37 1.000000e+37
2157008 18811.896484 35333.230469 8329.875977 -133.768158 -65.127090 -66.757645 13.614505 1.000000e+37 1.000000e+37
2157009 19329.445312 35972.972656 8565.858398 -149.700363 -70.478119 -95.563560 15.202874 1.000000e+37 1.000000e+37
2159343 18788.468750 39410.996094 8661.955078 -159.252686 -40.457573 -82.870697 10.878665 1.000000e+37 1.000000e+37
2169429 20525.177734 37578.304688 6994.238770 -322.558533 -90.934494 -32.989559 7.780145 1.000000e+37 1.000000e+37
2184616 20490.859375 36904.660156 7545.453613 -207.396927 -25.179054 -140.718323 12.875889 1.000000e+37 1.000000e+37
2184625 22846.089844 36345.218750 6943.197266 -134.872711 -67.273430 -41.477360 12.702407 1.000000e+37 1.000000e+37
2184626 20426.417969 37239.207031 7377.040527 -116.163246 -90.121437 -19.719370 8.445203 1.000000e+37 1.000000e+37
2184627 18753.470703 37316.074219 8176.489258 -113.512428 -68.660728 -62.547779 11.674544 1.000000e+37 1.000000e+37
2197661 20356.166016 38604.699219 6180.687500 -138.739517 -66.513802 -87.718132 13.716917 1.000000e+37 1.000000e+37
2197671 20119.462891 37911.945312 6815.083984 -195.055099 -112.724327 -19.049355 12.376434 1.000000e+37 1.000000e+37
2208544 18715.707031 36528.664062 8553.592773 -120.170097 -47.313923 -55.371681 8.389380 1.000000e+37 1.000000e+37
2208545 18718.964844 36529.664062 8540.946289 -120.921288 -39.903492 -47.888771 8.989481 1.000000e+37 1.000000e+37
2210939 17853.609375 37880.429688 8783.853516 -156.599609 -80.482010 -61.149494 12.828012 1.000000e+37 1.000000e+37
2210940 21099.679688 37331.855469 7193.047852 -212.821014 -43.196426 -92.303299 12.841990 1.000000e+37 1.000000e+37
2210942 22312.867188 37069.800781 8926.039062 -109.020157 -61.637173 -84.431938 11.850253 1.000000e+37 1.000000e+37
2224681 20219.226562 38688.976562 6225.041504 -159.903732 -67.743301 -105.031403 13.549182 1.000000e+37 1.000000e+37
2224697 21613.843750 36949.203125 6617.211914 -180.948883 -54.117989 -41.807953 12.433064 1.000000e+37 1.000000e+37
2238822 21805.187500 37190.484375 7462.367188 -167.891479 -59.295498 -81.559540 9.487953 1.000000e+37 1.000000e+37
2252956 20239.498047 38550.027344 6187.003906 -150.314545 -78.702652 -133.163925 13.209572 1.000000e+37 1.000000e+37
2267412 20142.171875 38063.859375 6670.510742 -201.065567 -94.374542 -30.868052 11.746438 1.000000e+37 1.000000e+37
2267413 18808.621094 36960.812500 5693.748535 -124.198143 -61.412106 -97.688408 12.155222 1.000000e+37 1.000000e+37
2279454 20333.121094 36576.019531 5478.199219 -184.379745 -53.095795 -90.068634 14.718877 1.000000e+37 1.000000e+37
2282105 18196.554688 38716.187500 7865.654785 -150.227356 -58.188293 -90.160583 13.014914 1.000000e+37 1.000000e+37
2282118 19950.037109 38849.808594 5437.750488 -191.359100 -37.787960 -54.212330 14.073560 1.000000e+37 1.000000e+37
2282119 20490.117188 37706.703125 6638.321289 -161.074219 -139.050674 -48.248882 13.561210 1.000000e+37 1.000000e+37
2282121 19745.882812 38587.585938 5095.631348 -117.998001 -42.434017 -99.880836 13.262625 1.000000e+37 1.000000e+37
2297055 20180.611328 39745.753906 6630.047852 -175.071594 -39.526203 -98.397820 11.644386 1.000000e+37 1.000000e+37
2297058 22117.347656 38062.039062 7849.952637 -137.253571 -65.209755 -79.722824 12.914923 1.000000e+37 1.000000e+37
2297066 20109.339844 38366.070312 6439.605469 -188.913284 -89.096748 -60.260124 11.871964 1.000000e+37 1.000000e+37
2309371 18680.097656 36337.074219 8446.553711 -113.765846 -55.701595 -58.076324 11.811013 1.000000e+37 1.000000e+37
2312267 19388.802734 36278.128906 8348.486328 -143.643265 -67.819672 -145.771164 14.055058 1.000000e+37 1.000000e+37
2312268 20120.421875 36280.511719 9320.165039 -147.650696 -82.119614 -102.247360 12.194267 1.000000e+37 1.000000e+37
2312269 17909.587891 38290.632812 8564.224609 -155.829025 -64.399788 -70.944473 13.092743 1.000000e+37 1.000000e+37
2312281 20039.455078 38210.949219 6085.723145 -147.568253 -60.373821 -46.177052 14.381346 1.000000e+37 1.000000e+37
2325042 20979.634766 35065.218750 8018.511719 -151.842972 -62.763615 -73.385323 12.636388 1.000000e+37 1.000000e+37
2325063 19289.310547 36247.503906 8232.782227 -148.438232 -33.654835 -109.657646 10.698285 1.000000e+37 1.000000e+37
2328084 18557.714844 39007.824219 8702.257812 -149.683456 -49.808769 -86.377991 13.575414 1.000000e+37 1.000000e+37
2328090 22343.375000 37130.500000 8876.594727 -110.431496 -64.098061 -82.920143 12.793040 1.000000e+37 1.000000e+37
2328095 20670.031250 39171.140625 6376.407227 -188.904785 -52.040798 -68.480278 10.418645 1.000000e+37 1.000000e+37
2328096 20090.189453 38314.625000 6381.381348 -200.596497 -74.111687 -47.927132 9.215357 1.000000e+37 1.000000e+37
2328097 19654.240234 37522.421875 4554.418457 -207.729492 -65.184914 -36.806789 13.369745 1.000000e+37 1.000000e+37
2341395 19442.107422 36733.871094 8024.093750 -95.089630 13.443153 -121.479530 14.563907 1.000000e+37 1.000000e+37
2341396 19011.300781 35417.699219 9248.561523 -160.006653 -65.679344 -96.852089 13.495029 1.000000e+37 1.000000e+37
2341399 19812.933594 35358.808594 6616.450684 -143.385712 -64.617104 -98.351387 12.406947 1.000000e+37 1.000000e+37
2341442 20945.886719 34450.824219 7630.567871 -146.732880 -77.329109 -71.489449 13.621247 1.000000e+37 1.000000e+37
2344416 20135.689453 38525.105469 6227.693359 -92.505295 -63.618580 -103.227386 11.742466 1.000000e+37 1.000000e+37
2357427 20963.669922 35409.859375 8114.556641 -155.380219 -57.858849 -76.146515 12.716420 1.000000e+37 1.000000e+37
2360456 20285.324219 37005.949219 5154.735352 -204.947708 -66.733040 -73.420433 13.546856 1.000000e+37 1.000000e+37
2360457 21014.617188 37976.574219 6889.653320 -213.929993 -89.311279 -61.970753 10.587907 1.000000e+37 1.000000e+37
2377484 21532.550781 38854.058594 6750.607910 -177.933472 -44.551376 -52.227669 15.102024 1.000000e+37 1.000000e+37
2377489 20010.121094 39446.542969 5820.850098 -157.599762 -60.128075 -132.258545 13.397036 1.000000e+37 1.000000e+37
2391497 20624.191406 37425.406250 7086.956055 -294.958252 -26.039009 -99.136734 12.191652 1.000000e+37 1.000000e+37
2394743 18400.853516 37101.242188 8566.325195 -167.572311 -84.928429 -101.558357 8.769059 1.000000e+37 1.000000e+37
2394753 20302.000000 38152.304688 4928.253418 -210.459335 -52.993729 -61.426250 12.399734 1.000000e+37 1.000000e+37
2394754 20403.896484 36687.839844 4662.075684 -207.462036 -84.999504 -79.757820 12.066829 1.000000e+37 1.000000e+37
2394757 20358.892578 38817.152344 6359.629395 -172.774399 -86.110779 -95.413925 13.514074 1.000000e+37 1.000000e+37
2412396 19952.583984 36884.734375 8753.664062 -150.385834 -85.664719 -134.080841 12.303449 1.000000e+37 1.000000e+37
2426994 19372.302734 35579.371094 8600.752930 -166.899689 -27.849415 -89.008163 10.099680 1.000000e+37 1.000000e+37
2426998 17795.468750 36659.804688 8956.903320 -143.930115 -54.686543 -48.796124 11.375681 1.000000e+37 1.000000e+37
2445560 20230.662109 37167.488281 5972.257324 -152.026947 -28.152975 -67.116226 11.818998 1.000000e+37 1.000000e+37
2464517 20102.478516 36794.464844 7702.266113 -227.950195 -28.474953 -104.893463 14.421487 1.000000e+37 1.000000e+37
2464519 20349.041016 35196.578125 7756.396484 -149.924988 -53.066837 -76.445580 12.456528 1.000000e+37 1.000000e+37
2464520 18095.199219 36445.261719 9146.921875 -142.215271 -78.676392 -75.055214 11.241249 1.000000e+37 1.000000e+37
2467905 20627.261719 37766.605469 8958.458984 -137.465866 -71.353836 -109.468704 13.270385 1.000000e+37 1.000000e+37
2467906 22607.216797 37396.394531 8791.255859 -104.249756 -68.108215 -80.306633 10.127601 1.000000e+37 1.000000e+37
2467907 22672.498047 37418.246094 8851.098633 -104.197342 -69.015656 -79.848923 12.312460 1.000000e+37 1.000000e+37
2467918 19750.664062 37203.500000 7001.402344 -70.681229 -45.732666 -56.124134 11.595707 1.000000e+37 1.000000e+37
2487187 19796.339844 36599.007812 9041.796875 -147.083176 -83.910477 -116.411720 10.909208 1.000000e+37 1.000000e+37
2487191 20332.660156 37898.761719 6389.245117 -143.011063 -106.715012 -80.368996 9.526844 1.000000e+37 1.000000e+37
2487200 20197.619141 39671.175781 6617.520996 -169.914444 -37.054970 -115.821144 12.028688 1.000000e+37 1.000000e+37
2507083 22135.541016 37075.566406 7706.348633 -142.724258 -45.598999 -82.019089 10.515226 1.000000e+37 1.000000e+37
2507094 20452.933594 38005.695312 6548.690918 -100.072311 -92.828918 -72.399895 13.582615 1.000000e+37 1.000000e+37
2523693 19013.744141 35298.621094 9136.067383 -151.679947 -64.381088 -94.397324 10.734838 1.000000e+37 1.000000e+37
2527385 20518.519531 36923.531250 4674.786133 -207.541489 -82.915077 -75.702072 8.527622 1.000000e+37 1.000000e+37
2544153 20066.689453 36998.894531 7610.820312 -51.854172 -79.628471 -119.515945 12.216776 1.000000e+37 1.000000e+37
2544154 20235.699219 37372.312500 7334.252930 -212.262299 43.092194 -184.245438 10.596283 1.000000e+37 1.000000e+37
2548049 20465.771484 39870.531250 7483.455566 -140.106186 -18.530348 -111.920685 11.131577 1.000000e+37 1.000000e+37
2548053 21722.625000 37178.988281 7467.155273 -165.228912 -47.846287 -92.994888 8.885511 1.000000e+37 1.000000e+37
2548066 19538.974609 37548.031250 5094.583496 -171.695435 -22.188223 -98.345444 11.401079 1.000000e+37 1.000000e+37
2548067 19995.326172 38523.523438 5901.974121 -152.713196 -41.697655 -55.407055 12.719074 1.000000e+37 1.000000e+37
2569383 22927.800781 37075.851562 7879.781738 -124.925301 -81.252670 -56.908833 12.245952 1.000000e+37 1.000000e+37
2587310 20156.263672 36276.074219 8234.277344 -175.169586 -30.964933 -126.463943 10.826481 1.000000e+37 1.000000e+37
2587349 20325.435547 37184.066406 7477.068848 -112.247787 31.567247 -69.186234 11.088406 1.000000e+37 1.000000e+37
2591391 18799.273438 37460.601562 8191.231934 -126.828285 -84.298424 -84.730080 12.222858 1.000000e+37 1.000000e+37
2609812 20639.558594 37506.867188 6905.194336 -72.714447 -109.405388 -78.550575 11.733488 1.000000e+37 1.000000e+37
2614005 20294.160156 38092.125000 4944.571777 -212.109009 -50.512295 -66.470222 12.343090 1.000000e+37 1.000000e+37
2614006 19739.796875 39236.933594 5519.821289 -117.178535 -1.777682 -68.765350 12.533174 1.000000e+37 1.000000e+37
2614007 19008.923828 38710.464844 5947.495605 -116.562416 -34.992008 -99.235474 10.640790 1.000000e+37 1.000000e+37
2632891 20205.445312 36384.546875 8281.986328 -166.266129 -40.302887 -130.757080 11.499664 1.000000e+37 1.000000e+37
2637233 22260.697266 37198.812500 9191.273438 -104.410568 -69.480530 -85.348137 10.250569 1.000000e+37 1.000000e+37
2637244 19406.193359 39500.207031 5807.139160 -114.072800 -28.471792 -125.458885 10.809126 1.000000e+37 1.000000e+37
2637246 18173.359375 38462.968750 7590.774902 -137.900864 -51.511768 -77.348450 12.333674 1.000000e+37 1.000000e+37
2656527 22480.449219 36285.582031 8639.799805 -114.579758 -60.908451 -66.901321 11.264915 1.000000e+37 1.000000e+37
2661064 19692.591797 38117.289062 5344.843262 -175.495087 -89.308418 -72.273438 10.940815 1.000000e+37 1.000000e+37
2685308 17893.070312 37772.531250 8901.931641 -159.677521 -83.271950 -54.463417 9.837898 1.000000e+37 1.000000e+37
2685309 20126.105469 36693.472656 7646.201172 -95.822289 -4.484053 -66.953903 11.998065 1.000000e+37 1.000000e+37
2685329 19866.886719 39067.515625 5849.878418 -144.433060 -60.922916 -133.263763 10.733452 1.000000e+37 1.000000e+37
2685330 20306.892578 37942.324219 6398.730957 -150.284805 -106.919815 -72.747719 10.622104 1.000000e+37 1.000000e+37
2685336 19603.304688 38030.718750 5392.970215 -166.615952 -81.429665 -73.842461 13.386703 1.000000e+37 1.000000e+37
2685337 20113.613281 37074.156250 5020.769531 -169.492203 -42.951561 -103.136307 12.347601 1.000000e+37 1.000000e+37
2705727 20544.392578 36007.609375 8576.245117 -161.386230 -59.266399 -99.176193 12.757880 1.000000e+37 1.000000e+37
2705752 18657.187500 36486.058594 8563.791992 -146.291885 -52.796764 -100.721489 4.952281 1.000000e+37 1.000000e+37
2710400 18895.492188 38721.445312 8806.827148 -161.507782 -55.752609 -109.851860 9.092421 1.000000e+37 1.000000e+37
2736199 18732.011719 38428.062500 8871.347656 -164.831375 -64.230064 -109.880020 9.209498 1.000000e+37 1.000000e+37
2736200 19324.998047 36780.144531 8158.836914 -96.708397 -83.033661 -126.869934 11.597751 1.000000e+37 1.000000e+37
2736201 21283.359375 37109.761719 7617.082031 -177.352997 -49.100811 -115.875633 11.180207 1.000000e+37 1.000000e+37
2736202 21433.611328 37165.253906 7890.863281 -155.231873 -60.240356 -119.330345 10.591346 1.000000e+37 1.000000e+37
2736213 21236.939453 38580.503906 6827.305176 -185.129425 -65.360390 -66.402962 11.645131 1.000000e+37 1.000000e+37
2762718 18339.273438 38100.894531 8924.738281 -172.160217 -66.148155 -105.748993 10.362476 1.000000e+37 1.000000e+37
2762721 18647.054688 39161.757812 8666.644531 -152.751434 -44.655300 -86.710274 10.899684 1.000000e+37 1.000000e+37
2762731 21548.220703 37203.898438 7442.410645 -182.354935 -53.258583 -77.346832 7.914913 1.000000e+37 1.000000e+37
2790071 18651.925781 37107.843750 8603.194336 -135.077682 -92.095375 -71.904884 11.370252 1.000000e+37 1.000000e+37
2790072 18047.992188 38479.250000 8233.566406 -151.122391 -64.190086 -84.832382 9.785785 1.000000e+37 1.000000e+37
2790073 18162.126953 37251.550781 8749.238281 -166.087265 -77.955559 -97.864044 11.194802 1.000000e+37 1.000000e+37
2790074 21557.683594 37286.957031 7936.421387 -155.596786 -68.628448 -106.222816 11.105234 1.000000e+37 1.000000e+37
2812919 20941.814453 35714.636719 9037.091797 -141.026062 -85.202103 -88.552338 10.728544 1.000000e+37 1.000000e+37
2812953 20249.152344 37287.820312 7407.294434 -193.170563 15.087282 -112.222397 12.741381 1.000000e+37 1.000000e+37
2818196 21793.232422 37582.039062 7643.236328 -156.981384 -72.330101 -88.012291 10.542800 1.000000e+37 1.000000e+37
2818203 19903.876953 39177.546875 5713.141113 -102.153252 -42.385937 -85.371254 8.971751 1.000000e+37 1.000000e+37
2818207 20026.933594 39031.847656 5294.194336 -194.355392 -28.825626 -60.683533 11.159402 1.000000e+37 1.000000e+37
2818208 20051.023438 38200.796875 6492.401367 -80.850418 -69.451164 -87.564308 10.254457 1.000000e+37 1.000000e+37
2841733 20921.677734 35641.589844 8130.343750 -158.199387 -50.479057 -76.676399 11.463320 1.000000e+37 1.000000e+37
2847038 18274.292969 38709.363281 7678.430664 -149.685471 -57.378223 -93.155243 10.395142 1.000000e+37 1.000000e+37
2847043 19973.578125 36321.175781 9194.301758 -148.401352 -79.269623 -110.016907 10.323181 1.000000e+37 1.000000e+37
2847058 20022.185547 39017.324219 6311.025879 -158.830704 -71.462883 -122.054810 12.404366 1.000000e+37 1.000000e+37
2847060 20041.328125 39259.582031 5621.212402 -220.349854 -44.418476 -62.999298 10.988569 1.000000e+37 1.000000e+37
2847064 20349.669922 37678.546875 4946.546387 -213.938507 -58.565643 -67.662704 10.924003 1.000000e+37 1.000000e+37
2847065 20269.166016 37112.382812 5254.219238 -206.095245 -63.874130 -70.809174 10.433676 1.000000e+37 1.000000e+37
2847066 20382.238281 37800.640625 6771.999512 -71.979485 -119.298462 -48.037926 12.622910 1.000000e+37 1.000000e+37
2871468 18411.898438 36406.214844 9044.399414 -161.871078 -47.316898 -83.680244 14.049883 1.000000e+37 1.000000e+37
2877091 19240.568359 37003.082031 8315.487305 -105.587563 -94.778770 -91.947144 11.837224 1.000000e+37 1.000000e+37
2877093 20546.177734 37012.914062 7387.317383 -204.974609 -37.148811 -164.309219 11.979630 1.000000e+37 1.000000e+37
2902250 19714.271484 35015.093750 9109.244141 -136.400589 -60.507462 -51.958881 10.123420 1.000000e+37 1.000000e+37
2902252 19690.964844 36865.304688 7771.281250 -176.646301 -79.836441 -109.587936 5.641431 1.000000e+37 1.000000e+37
2907960 18435.238281 36870.492188 9455.088867 -169.856537 -76.537163 -104.738289 9.656111 1.000000e+37 1.000000e+37
2940013 20555.771484 36791.472656 5487.626953 -200.228180 -66.946930 -69.972374 11.018252 1.000000e+37 1.000000e+37
2940015 19664.810547 37108.273438 4607.929199 -188.810043 -35.233467 -114.805664 11.046524 1.000000e+37 1.000000e+37
2966825 20955.152344 36763.875000 7186.692383 -188.391937 -11.494560 -62.312721 10.676965 1.000000e+37 1.000000e+37
2972911 21759.791016 37761.714844 7677.009277 -155.248505 -74.690002 -91.316132 10.845234 1.000000e+37 1.000000e+37
3000797 20815.527344 35281.699219 7862.466797 -151.678177 -57.930603 -71.369476 10.552504 1.000000e+37 1.000000e+37
3000830 18966.142578 35459.238281 8467.123047 -124.539726 -50.617767 -91.701851 10.847999 1.000000e+37 1.000000e+37
3000834 17928.017578 36357.054688 9203.113281 -143.502945 -71.315399 -73.521042 10.663125 1.000000e+37 1.000000e+37
3000838 19411.146484 35736.605469 5853.154785 -136.211243 -81.282936 -106.416351 12.022571 1.000000e+37 1.000000e+37
3000839 19428.656250 34611.632812 6627.013672 -154.320160 -79.300240 -110.791702 11.034261 1.000000e+37 1.000000e+37
3007132 20172.927734 38188.562500 5689.442871 -156.686737 -60.110588 -72.148575 8.913887 1.000000e+37 1.000000e+37
3035974 18340.050781 36418.410156 8918.250977 -164.758759 -55.495148 -83.533981 9.479080 1.000000e+37 1.000000e+37
3035983 20001.525391 36290.558594 7118.060547 -139.217346 -16.211544 -67.542542 6.525434 1.000000e+37 1.000000e+37
3042596 18795.509766 39198.480469 8882.631836 -156.036179 -44.892593 -93.774330 12.187451 1.000000e+37 1.000000e+37
3042600 18227.666016 37106.171875 8834.516602 -165.292267 -80.999176 -98.252083 12.734285 1.000000e+37 1.000000e+37
3042601 18649.816406 36390.480469 8565.975586 -126.106842 -57.033459 -95.029427 9.622411 1.000000e+37 1.000000e+37
3042602 19997.845703 36986.152344 8342.962891 -164.380371 -88.296852 -151.878403 10.613519 1.000000e+37 1.000000e+37
3042627 20981.466797 37523.664062 6974.968262 -236.599716 -43.546474 -22.824814 9.070068 1.000000e+37 1.000000e+37
3042628 19791.166016 38641.320312 5197.025879 -115.861778 -40.895458 -98.261894 9.121836 1.000000e+37 1.000000e+37
3072384 21008.177734 34337.734375 7153.555176 -154.750214 -87.354042 -77.855347 10.443965 1.000000e+37 1.000000e+37
3078965 20482.937500 36084.367188 9847.116211 -139.195709 -88.399376 -83.526375 9.626394 1.000000e+37 1.000000e+37
3078969 18514.353516 37079.949219 8699.182617 -149.148834 -79.419914 -92.223717 5.931451 1.000000e+37 1.000000e+37
3078970 19839.513672 38280.128906 6827.086914 -103.219627 -88.190956 -106.893822 11.530246 1.000000e+37 1.000000e+37
3078971 18526.357422 37993.386719 8799.652344 -164.447617 -70.615982 -105.228577 9.719131 1.000000e+37 1.000000e+37
3078972 21503.687500 37644.937500 7521.811523 -168.419052 -76.207893 -102.092644 10.935878 1.000000e+37 1.000000e+37
3078992 19972.560547 39264.183594 5631.552246 -140.317017 -14.597202 -57.524834 10.785429 1.000000e+37 1.000000e+37
3078997 19392.720703 38653.140625 6397.562500 -110.330307 -50.186890 -102.537239 8.521214 1.000000e+37 1.000000e+37
3109636 20683.457031 37502.761719 6907.961426 -259.141754 -46.444263 7.569261 12.135056 1.000000e+37 1.000000e+37
3109676 19669.533203 34741.066406 5916.372559 -138.573547 -89.562325 -130.910416 11.088747 1.000000e+37 1.000000e+37
3116753 18572.996094 36921.308594 8485.398438 -137.771973 -71.855392 -98.548920 10.177519 1.000000e+37 1.000000e+37
3116754 19099.873047 37734.683594 8407.513672 -154.641174 -89.013214 -115.142342 9.713362 1.000000e+37 1.000000e+37
3116777 19683.869141 37535.089844 5376.774902 -177.659744 -11.773708 -91.222878 11.492214 1.000000e+37 1.000000e+37
3116778 20832.953125 37411.058594 6722.039551 -226.777527 -43.492817 -11.277114 8.305073 1.000000e+37 1.000000e+37
3116779 19040.369141 36342.027344 6232.894043 -128.296906 -65.133659 -89.395432 10.287560 1.000000e+37 1.000000e+37
3116781 19463.763672 36606.132812 7574.290527 -87.069839 -37.285275 -53.048683 7.619847 1.000000e+37 1.000000e+37
3148415 20546.183594 36398.910156 8022.541504 -168.255859 -19.550959 -97.693153 9.222239 1.000000e+37 1.000000e+37
3148467 20238.515625 37243.523438 7508.891602 -132.241684 37.612900 -83.142181 9.230318 1.000000e+37 1.000000e+37
3148561 20255.050781 37728.269531 7140.037598 -113.754044 -72.117432 -156.877090 11.362260 1.000000e+37 1.000000e+37
3155739 19902.636719 39373.554688 8564.225586 -141.038422 -37.336231 -102.054382 9.855996 1.000000e+37 1.000000e+37
3155751 17963.568359 38364.769531 8487.166016 -155.150009 -63.229374 -71.941048 10.673227 1.000000e+37 1.000000e+37
3155766 20071.453125 39114.777344 5730.676758 -137.653793 -51.418533 -138.003387 7.915365 1.000000e+37 1.000000e+37
3155773 21244.937500 37370.730469 7339.807129 -201.869247 -53.693005 -86.261246 7.659269 1.000000e+37 1.000000e+37
3155774 19510.365234 38840.578125 5155.682129 -116.662270 -33.493523 -102.370483 11.144458 1.000000e+37 1.000000e+37
3155775 20310.699219 37970.535156 6595.109863 -84.275490 -87.696815 -70.428825 10.987297 1.000000e+37 1.000000e+37
3188470 22696.746094 36418.328125 8146.086914 -114.047935 -49.791084 -68.163826 8.400893 1.000000e+37 1.000000e+37
3188502 19561.835938 35353.011719 7886.848633 -150.588196 -50.525330 -72.075539 10.806940 1.000000e+37 1.000000e+37
3188512 20096.792969 36380.171875 4704.058594 -163.799194 -72.612213 -125.639481 8.218420 1.000000e+37 1.000000e+37
3195839 19927.521484 36864.304688 8849.438477 -147.962509 -84.969818 -131.629425 9.197264 1.000000e+37 1.000000e+37
3195843 22395.738281 38280.691406 7924.846680 -127.073738 -59.156647 -75.034744 11.277036 1.000000e+37 1.000000e+37
3195852 22731.373047 37204.179688 7610.270508 -141.035843 -71.589561 -38.903961 9.976934 1.000000e+37 1.000000e+37
3195859 19392.634766 38767.726562 5638.955566 -109.216835 -32.915283 -102.935074 9.726703 1.000000e+37 1.000000e+37
3195860 18184.277344 36095.812500 5998.192871 -134.742661 -83.531578 -98.465889 9.480806 1.000000e+37 1.000000e+37
3229953 19391.085938 36621.523438 8183.463867 -94.431404 -48.362877 -134.966721 10.726233 1.000000e+37 1.000000e+37
3237864 20223.437500 39258.824219 6535.437012 -174.502823 -58.154003 -115.973221 11.034839 1.000000e+37 1.000000e+37
3237884 19039.908203 38986.519531 6467.324707 -122.237366 -42.469494 -105.961235 8.887613 1.000000e+37 1.000000e+37
3273329 18654.644531 35597.160156 9264.716797 -126.799278 -82.872421 -87.777336 8.155828 1.000000e+37 1.000000e+37
3273330 18990.962891 35826.378906 8425.012695 -126.646820 -60.467258 -59.997585 11.079329 1.000000e+37 1.000000e+37
3273331 19960.136719 36823.125000 7989.048340 -104.501144 -54.448540 -182.921326 10.099864 1.000000e+37 1.000000e+37
3281461 19712.236328 36883.296875 8797.473633 -148.226837 -87.029182 -132.797058 9.976035 1.000000e+37 1.000000e+37
3281462 19827.857422 37033.773438 7878.242676 -66.363861 -146.460022 -110.291176 11.231563 1.000000e+37 1.000000e+37
3281463 18005.171875 38451.582031 8298.386719 -153.260635 -62.448162 -80.927681 8.433755 1.000000e+37 1.000000e+37
3281469 22648.800781 36860.964844 6310.078125 -156.619629 -76.778954 -38.197296 9.552443 1.000000e+37 1.000000e+37
3281479 20091.187500 38469.695312 6254.249512 -201.991028 -60.832993 -42.274399 8.633810 1.000000e+37 1.000000e+37
3281480 20971.769531 38093.570312 6905.006348 -205.644287 -92.066895 -61.783844 8.442529 1.000000e+37 1.000000e+37
3281481 21062.339844 37863.960938 6959.911133 -218.761459 -87.894730 -60.404137 8.738842 1.000000e+37 1.000000e+37
3281496 20302.136719 38542.972656 6178.189941 -164.513702 -78.151840 -107.948128 9.816868 1.000000e+37 1.000000e+37
3318276 18893.236328 35508.968750 8694.204102 -126.811752 -54.595844 -86.163277 10.867119 1.000000e+37 1.000000e+37
3318288 19857.697266 36593.468750 7195.947754 -99.409859 -17.634274 -58.136925 11.863661 1.000000e+37 1.000000e+37
3326619 18006.304688 37123.003906 8868.329102 -167.305710 -49.649353 -94.051300 8.917192 1.000000e+37 1.000000e+37
3326624 18292.296875 37017.574219 8638.640625 -152.557693 -52.031700 -96.710495 10.328153 1.000000e+37 1.000000e+37
3326625 21924.794922 36996.222656 7845.305664 -147.598801 -48.898079 -91.323181 6.461310 1.000000e+37 1.000000e+37
3326626 21980.804688 37134.585938 7520.129395 -164.422821 -55.661510 -54.199165 10.232758 1.000000e+37 1.000000e+37
3326627 22249.343750 38030.218750 7925.642090 -134.061890 -63.207951 -79.933105 10.195461 1.000000e+37 1.000000e+37
3326646 20144.218750 36286.332031 4725.697754 -207.837006 -96.176651 -97.797562 10.231987 1.000000e+37 1.000000e+37
3365040 22232.787109 36301.777344 8544.507812 -119.853470 -62.504395 -74.859634 9.784619 1.000000e+37 1.000000e+37
3365082 19881.726562 35304.355469 9578.173828 -148.488235 -95.394112 -86.867455 10.793277 1.000000e+37 1.000000e+37
3365083 19895.707031 37015.527344 7666.047852 -56.605183 -158.132721 -71.631485 9.115761 1.000000e+37 1.000000e+37
3365084 19382.410156 35876.566406 8487.584961 -158.081451 -32.145050 -100.521698 8.156921 1.000000e+37 1.000000e+37
3365086 18711.677734 36541.375000 8494.414062 -123.312981 -48.545700 -50.670208 7.266123 1.000000e+37 1.000000e+37
3365094 20181.076172 37052.261719 7410.284180 -165.771866 44.770428 -53.271168 9.564455 1.000000e+37 1.000000e+37
3365221 20861.437500 35258.027344 6386.770020 -164.544128 -66.279305 -93.174782 8.949430 1.000000e+37 1.000000e+37
3365222 20939.697266 37143.269531 7466.662598 -192.725296 -62.817436 -140.817139 8.768703 1.000000e+37 1.000000e+37
3373820 19872.642578 36658.898438 9090.633789 -150.394562 -83.788895 -117.978836 11.142225 1.000000e+37 1.000000e+37
3373821 18921.583984 36850.875000 8413.865234 -134.515884 -84.800346 -107.166847 9.211098 1.000000e+37 1.000000e+37
3373825 19626.783203 38396.203125 6891.219727 -110.395325 -78.215981 -107.567368 12.251313 1.000000e+37 1.000000e+37
3373826 20171.767578 37710.925781 7245.361816 -121.722321 -28.673134 -132.372223 13.699174 1.000000e+37 1.000000e+37
3373827 22207.087891 36917.546875 7969.604980 -133.182144 -51.866600 -86.414658 7.678633 1.000000e+37 1.000000e+37
3373829 22276.435547 38178.183594 7916.048828 -131.267487 -60.681065 -76.922409 8.188145 1.000000e+37 1.000000e+37
3373830 21326.351562 37640.152344 7436.701660 -179.035736 -85.930771 -102.892052 10.119177 1.000000e+37 1.000000e+37
3373838 23047.906250 37100.539062 7774.410156 -128.688339 -76.080566 -33.977695 10.481315 1.000000e+37 1.000000e+37
3373849 19847.636719 37319.105469 5440.154297 -189.945709 -31.791117 -84.548149 9.993837 1.000000e+37 1.000000e+37
3373850 21839.257812 37014.972656 6875.222168 -174.722473 -53.792999 -41.437603 8.462497 1.000000e+37 1.000000e+37
3413829 19662.804688 35067.847656 9086.652344 -143.032440 -70.704857 -72.139580 7.446614 1.000000e+37 1.000000e+37
3413830 18383.330078 36366.195312 8975.659180 -166.584412 -44.840038 -88.553574 8.556277 1.000000e+37 1.000000e+37
3413832 19504.718750 36763.214844 8144.325195 -124.503815 -6.389723 -165.806519 10.264706 1.000000e+37 1.000000e+37
3413833 19671.615234 34782.226562 9157.046875 -143.069000 -59.920509 -51.373348 10.498407 1.000000e+37 1.000000e+37
3422847 19941.853516 39470.125000 8652.373047 -141.730331 -36.055893 -104.348305 10.480395 1.000000e+37 1.000000e+37
3422857 18876.832031 37923.304688 9482.125000 -163.349548 -68.173843 -104.535202 11.139591 1.000000e+37 1.000000e+37
3422858 19913.310547 36766.488281 8977.986328 -151.118607 -83.512764 -121.812447 9.426890 1.000000e+37 1.000000e+37
3422859 17812.058594 37305.468750 8850.224609 -180.918701 -47.422413 -90.541542 8.786018 1.000000e+37 1.000000e+37
3422863 18078.201172 38474.039062 8197.870117 -146.477325 -65.637848 -81.887901 10.152711 1.000000e+37 1.000000e+37
3422868 21865.500000 37203.433594 8211.231445 -136.068314 -58.921425 -102.477684 8.986181 1.000000e+37 1.000000e+37
3422889 20207.333984 37906.218750 6725.866211 -202.795807 -130.668198 -49.181175 7.847498 1.000000e+37 1.000000e+37
3422890 20299.777344 38370.710938 6376.724121 -140.544937 -96.865196 -87.891136 10.643994 1.000000e+37 1.000000e+37
3422891 20249.892578 37588.363281 6747.726562 -191.576263 -44.451195 48.337688 12.072642 1.000000e+37 1.000000e+37
3464282 20915.792969 35705.273438 8939.118164 -139.492798 -64.189369 -81.450539 7.778861 1.000000e+37 1.000000e+37
3464283 20296.005859 36854.871094 7633.110352 -206.788300 18.839443 -91.131042 9.415716 1.000000e+37 1.000000e+37
3464334 20257.638672 35351.796875 9020.832031 -153.754395 -70.501686 -78.918053 9.797551 1.000000e+37 1.000000e+37
3464335 19444.380859 35304.375000 8825.807617 -151.221436 -62.430286 -84.524788 8.048292 1.000000e+37 1.000000e+37
3464336 19416.744141 36181.429688 8128.846680 -129.929565 -33.154144 -122.645973 9.974596 1.000000e+37 1.000000e+37
3464346 19433.269531 36586.582031 8074.565430 -77.503929 -24.284252 -61.208195 8.683019 1.000000e+37 1.000000e+37
3464349 19608.173828 34806.621094 6410.928711 -155.160736 -75.220650 -116.799919 9.289048 1.000000e+37 1.000000e+37
3464474 22580.873047 36226.601562 7571.385254 -122.877129 -51.141685 -58.863930 10.278147 1.000000e+37 1.000000e+37
3473746 19963.558594 37009.433594 8296.173828 -154.600723 -101.798996 -155.418045 11.506506 1.000000e+37 1.000000e+37
3473747 20481.580078 37514.453125 6546.358887 -166.484344 -115.558708 -30.229004 9.501021 1.000000e+37 1.000000e+37
3473748 20302.261719 37706.320312 6802.373535 -134.142609 -96.109489 34.818146 11.158338 1.000000e+37 1.000000e+37
3473750 22293.279297 37458.750000 8329.379883 -126.630959 -71.312920 -85.480835 9.499341 1.000000e+37 1.000000e+37
3473751 21177.265625 37182.433594 7646.764160 -177.122589 -72.165688 -121.924820 10.091434 1.000000e+37 1.000000e+37
3473753 22021.136719 37066.289062 9131.286133 -109.009140 -70.990929 -88.058006 8.580608 1.000000e+37 1.000000e+37
3473775 20130.279297 38205.648438 6387.551758 -180.435196 -111.042931 -102.619995 7.210663 1.000000e+37 1.000000e+37
3473784 19991.578125 38248.523438 6302.113281 -133.052887 -74.988731 -49.925175 9.669056 1.000000e+37 1.000000e+37
3516794 20126.271484 37609.148438 7102.519531 -21.597366 -148.143326 -108.783401 9.193090 1.000000e+37 1.000000e+37
3516865 19205.156250 35183.816406 9226.274414 -135.672287 -74.859818 -100.395500 7.268394 1.000000e+37 1.000000e+37
3516868 19303.796875 35841.113281 8556.189453 -141.875275 -46.442543 -52.933201 10.740033 1.000000e+37 1.000000e+37
3516881 19861.742188 36567.242188 7068.721680 -112.538551 -19.741966 -48.887966 9.767924 1.000000e+37 1.000000e+37
3526435 20487.042969 39587.527344 7472.369141 -140.164688 -30.742561 -112.609947 9.143911 1.000000e+37 1.000000e+37
3526464 20525.867188 36876.808594 4630.968750 -210.871521 -80.478569 -75.713142 10.516026 1.000000e+37 1.000000e+37
3526466 20345.464844 38617.242188 6208.767090 -150.232559 -58.724720 -81.378502 9.690123 1.000000e+37 1.000000e+37
3526467 19870.519531 39322.261719 5549.944336 -163.926773 -42.146965 -97.355858 8.965983 1.000000e+37 1.000000e+37
3526468 19729.498047 38493.484375 5046.216797 -140.508316 -57.010128 -84.830574 9.007700 1.000000e+37 1.000000e+37
3526469 19733.691406 38613.207031 5098.740234 -139.943832 -53.962074 -83.992706 10.963237 1.000000e+37 1.000000e+37
3526472 20287.169922 38082.925781 6430.459473 -92.683434 -87.634140 -87.243782 8.889178 1.000000e+37 1.000000e+37
3526473 18450.916016 36062.453125 7080.773438 -127.778992 -72.966240 -79.175255 9.211796 1.000000e+37 1.000000e+37
3571190 20765.843750 36037.921875 7986.777832 -166.467758 -31.497908 -81.911095 8.178887 1.000000e+37 1.000000e+37
3571252 19796.425781 35419.957031 8880.147461 -164.632217 -60.017662 -79.691429 10.993709 1.000000e+37 1.000000e+37
3571253 19269.609375 34863.554688 8698.405273 -150.185837 -55.719395 -67.731041 8.492049 1.000000e+37 1.000000e+37
3571254 19156.722656 36679.335938 8531.682617 -124.420204 -40.007229 -100.664650 6.645425 1.000000e+37 1.000000e+37
3581460 19506.808594 37822.269531 9735.313477 -151.601242 -70.820992 -98.334045 12.179597 1.000000e+37 1.000000e+37
3581461 20433.851562 37532.222656 8799.030273 -144.627548 -79.418877 -118.735916 9.843830 1.000000e+37 1.000000e+37
3581462 19044.896484 38952.441406 8891.855469 -160.737122 -48.914749 -113.448227 9.289520 1.000000e+37 1.000000e+37
3581463 18351.693359 38662.105469 9036.098633 -173.774689 -60.972443 -106.402977 10.535979 1.000000e+37 1.000000e+37
3581468 17769.867188 37493.554688 9140.331055 -153.867645 -102.195312 -62.791378 8.889369 1.000000e+37 1.000000e+37
3581469 17983.656250 38929.253906 7910.431641 -146.456406 -50.336552 -84.471649 10.364482 1.000000e+37 1.000000e+37
3581471 21261.857422 37357.968750 7223.267578 -202.899994 -27.632895 -50.227489 8.892585 1.000000e+37 1.000000e+37
3581492 20449.173828 37682.601562 6663.811523 -164.501022 -132.275330 -28.913429 10.428014 1.000000e+37 1.000000e+37
3581494 19420.958984 37053.253906 7052.543457 -87.108246 -53.972881 -65.524071 10.377398 1.000000e+37 1.000000e+37
3581495 18377.189453 38742.457031 6633.915039 -132.783737 -38.189869 -95.069450 9.681665 1.000000e+37 1.000000e+37
3628551 20787.843750 36205.933594 8122.040527 -167.825592 -38.103134 -95.659943 7.715307 1.000000e+37 1.000000e+37
3628622 19384.246094 35346.585938 8970.570312 -140.438766 -67.425537 -86.977814 10.585134 1.000000e+37 1.000000e+37
3628775 22171.222656 36956.699219 7714.375488 -142.140747 -38.095314 -69.324562 9.279419 1.000000e+37 1.000000e+37
3628776 20943.013672 37423.660156 7228.201660 -233.651550 -51.411148 -90.288200 6.140409 1.000000e+37 1.000000e+37
3639332 18637.863281 38136.066406 9395.600586 -167.973572 -65.861511 -104.557343 7.582117 1.000000e+37 1.000000e+37
3639343 20429.656250 37655.054688 6944.109375 -60.007374 -178.102478 -20.677813 7.644838 1.000000e+37 1.000000e+37
3639344 20884.658203 37179.039062 7419.951172 -212.101395 -30.198214 -119.611839 8.930332 1.000000e+37 1.000000e+37
3639346 20681.578125 39615.886719 7810.132324 -137.038956 -27.845791 -109.468834 10.140187 1.000000e+37 1.000000e+37
3639358 21636.138672 38237.082031 6838.907227 -188.150528 -55.441139 -40.450836 8.249331 1.000000e+37 1.000000e+37
3639377 22429.382812 37033.691406 7743.560059 -141.683960 -66.135345 -65.928314 7.994099 1.000000e+37 1.000000e+37
3639378 19342.416016 38777.394531 6323.082520 -111.458633 -47.740967 -103.943802 10.187675 1.000000e+37 1.000000e+37
3688136 20284.236328 36983.292969 7645.666504 -215.720139 7.631577 -111.593605 6.815000 1.000000e+37 1.000000e+37
3688137 21527.367188 36544.355469 7686.127930 -159.400299 -33.201038 -75.527756 9.922842 1.000000e+37 1.000000e+37
3688138 20810.466797 35585.496094 7904.242676 -157.766068 -48.429546 -75.329636 7.856256 1.000000e+37 1.000000e+37
3688139 20929.593750 35269.132812 8025.193848 -156.467926 -64.488091 -77.873886 8.509671 1.000000e+37 1.000000e+37
3688145 22904.318359 36402.804688 8125.959961 -106.625450 -50.188618 -59.442066 9.795729 1.000000e+37 1.000000e+37
3688208 18848.189453 36547.828125 8468.976562 -140.763519 -50.842358 -101.542610 9.359438 1.000000e+37 1.000000e+37
3688364 21026.341797 34335.636719 7177.962402 -163.578476 -80.253220 -80.589287 9.681375 1.000000e+37 1.000000e+37
3688367 20753.070312 37062.492188 7222.964355 -214.458817 9.785225 -61.169094 9.381076 1.000000e+37 1.000000e+37
3699333 19346.822266 37761.421875 7494.011230 -107.798737 -86.610687 -93.239578 9.200034 1.000000e+37 1.000000e+37
3699334 21742.169922 36419.484375 8316.534180 -138.173813 -56.868641 -85.080711 9.712703 1.000000e+37 1.000000e+37
3699371 20597.033203 37171.207031 7127.171387 -100.719429 -83.161926 -87.869614 5.657233 1.000000e+37 1.000000e+37
3699372 22289.751953 37010.210938 7485.012695 -149.266754 -51.764347 -47.308296 9.091434 1.000000e+37 1.000000e+37
3699374 19679.230469 37206.976562 6904.088379 -76.067734 -51.279221 -56.521729 9.602781 1.000000e+37 1.000000e+37
3750610 20449.183594 36671.640625 7787.797852 -198.171753 -15.406145 -109.329353 6.681365 1.000000e+37 1.000000e+37
3750679 18860.195312 36667.152344 8589.447266 -157.627747 -31.343451 -100.801971 7.492269 1.000000e+37 1.000000e+37
3750682 19095.718750 35433.902344 8630.306641 -134.277008 -44.208912 -60.044785 9.244586 1.000000e+37 1.000000e+37
3750838 21105.683594 35361.800781 6346.724609 -165.761002 -66.655197 -90.872513 7.941890 1.000000e+37 1.000000e+37
3762345 20136.166016 40077.914062 7879.731445 -120.917343 -14.412053 -104.276222 8.087080 1.000000e+37 1.000000e+37
3762364 18863.386719 37485.421875 8159.390137 -115.239815 -68.226395 -66.627525 7.514428 1.000000e+37 1.000000e+37
3762365 19961.589844 36957.914062 8221.725586 -164.065857 -88.994713 -161.200043 10.811414 1.000000e+37 1.000000e+37
3762366 22967.134766 36910.554688 7901.486328 -119.848312 -71.838898 -55.557682 6.603755 1.000000e+37 1.000000e+37
3762367 22197.355469 37338.734375 7815.672852 -142.588272 -68.173767 -82.461288 9.183130 1.000000e+37 1.000000e+37
3762368 22578.710938 38522.328125 7968.385742 -122.322281 -49.422451 -65.807442 8.867919 1.000000e+37 1.000000e+37
3762395 20277.605469 36761.093750 5009.063965 -205.958420 -75.800858 -80.209137 6.736942 1.000000e+37 1.000000e+37
3762396 20457.222656 36269.328125 5026.456055 -202.864716 -89.056465 -90.284920 10.142587 1.000000e+37 1.000000e+37
3816278 20086.935547 37615.003906 6850.706055 -196.440506 -58.286201 -113.105614 12.760451 1.000000e+37 1.000000e+37
3816279 19999.619141 35685.066406 8573.370117 -162.615723 -46.785854 -80.213150 9.884393 1.000000e+37 1.000000e+37
3816366 19695.953125 34958.921875 9102.539062 -155.865784 -69.092545 -71.939095 10.024319 1.000000e+37 1.000000e+37
3816367 18951.931641 36244.523438 8258.404297 -119.754456 -52.287983 -61.111610 7.777270 1.000000e+37 1.000000e+37
3816386 20488.566406 37307.656250 7215.125000 -278.464935 14.582541 -163.924652 7.440921 1.000000e+37 1.000000e+37
3828800 19688.962891 37262.699219 10009.840820 -146.730988 -81.814499 -92.100998 7.196253 1.000000e+37 1.000000e+37
3828804 17826.333984 37597.722656 9012.182617 -163.637894 -94.411674 -53.081650 10.001648 1.000000e+37 1.000000e+37
3828806 19691.501953 37181.832031 7934.943359 -81.369194 -118.540359 -101.581017 9.480468 1.000000e+37 1.000000e+37
3828807 19028.142578 36675.832031 8259.411133 -119.181618 -87.165451 -100.060860 8.635376 1.000000e+37 1.000000e+37
3828808 19118.359375 37698.089844 8359.089844 -152.032501 -88.448196 -113.631508 7.720110 1.000000e+37 1.000000e+37
3828809 20402.939453 37309.671875 6954.389648 -123.671516 98.122025 -66.171135 10.067015 1.000000e+37 1.000000e+37
3828810 22799.791016 36980.148438 7824.929688 -121.781418 -57.433475 -77.346146 6.937641 1.000000e+37 1.000000e+37
3828811 22878.332031 37883.984375 8150.172363 -118.173111 -58.683880 -59.434986 9.022907 1.000000e+37 1.000000e+37
3828850 19825.128906 37671.320312 5388.776855 -109.902374 -12.647921 -86.193100 11.593716 1.000000e+37 1.000000e+37
3828856 20614.572266 37144.414062 7128.498535 -91.060562 -92.541367 -87.299660 10.239119 1.000000e+37 1.000000e+37
3828862 17708.050781 38560.406250 7458.818359 -147.515213 -43.998180 -80.765381 8.427237 1.000000e+37 1.000000e+37
3884687 20165.402344 37087.242188 7534.126953 -216.755066 4.005228 -129.237137 9.033244 1.000000e+37 1.000000e+37
3884765 19572.050781 35984.910156 8568.416016 -167.234039 -46.436501 -95.828590 9.146222 1.000000e+37 1.000000e+37
3884766 19019.480469 35538.328125 8480.142578 -112.244308 -65.003922 -84.989067 8.224745 1.000000e+37 1.000000e+37
3884954 21091.878906 34565.718750 7252.659668 -156.526993 -79.986900 -75.340485 10.666061 1.000000e+37 1.000000e+37
3897615 19730.656250 37149.964844 10045.617188 -145.584335 -84.928886 -89.952187 10.027125 1.000000e+37 1.000000e+37
3897629 18210.568359 37261.976562 8974.363281 -158.014664 -66.763680 -74.813606 10.382913 1.000000e+37 1.000000e+37
3897630 18926.349609 38172.183594 7689.878418 -129.107986 -71.201447 -92.127998 11.292333 1.000000e+37 1.000000e+37
3897665 22150.482422 36980.765625 7227.153809 -155.460602 -47.218643 -44.667110 8.989609 1.000000e+37 1.000000e+37
3957253 20203.224609 37652.433594 7114.307617 -238.464127 -43.910625 30.091534 8.755463 1.000000e+37 1.000000e+37
3957265 18379.150391 35354.531250 8084.243164 -134.232452 -78.607124 -69.352234 9.095490 1.000000e+37 1.000000e+37
3957269 18611.535156 36101.980469 7233.719238 -127.204994 -64.150520 -77.745064 9.348477 1.000000e+37 1.000000e+37
3957270 19734.986328 35766.691406 6248.475098 -139.797699 -65.258087 -93.606598 7.596814 1.000000e+37 1.000000e+37
3957271 19974.816406 36061.691406 7013.364258 -139.860153 -31.564430 -73.503540 8.689054 1.000000e+37 1.000000e+37
3957272 19670.054688 35291.425781 5858.225586 -144.964905 -86.435135 -116.214783 9.739676 1.000000e+37 1.000000e+37
3957273 20050.193359 35869.078125 5496.338379 -168.156097 -73.247292 -115.072510 6.877290 1.000000e+37 1.000000e+37
3970592 20350.628906 37433.851562 8715.997070 -147.297791 -81.169693 -122.872963 9.249264 1.000000e+37 1.000000e+37
3970597 22167.226562 37173.058594 8295.662109 -127.427269 -55.850365 -88.600769 9.928935 1.000000e+37 1.000000e+37
3970613 23051.080078 36957.644531 7492.722168 -136.075989 -76.872375 -26.626389 7.469675 1.000000e+37 1.000000e+37
3970633 19697.316406 37839.695312 5388.708984 -119.516098 -98.824150 -72.009758 8.719098 1.000000e+37 1.000000e+37
3970637 21715.398438 36739.691406 6544.439941 -177.507584 -59.372803 -43.859127 6.627238 1.000000e+37 1.000000e+37
3970638 21283.822266 38047.406250 7001.912598 -203.576385 -71.911766 -42.746704 8.824293 1.000000e+37 1.000000e+37
3970640 20199.123047 38582.410156 5724.359863 -150.862564 -37.787079 -70.311951 11.078875 1.000000e+37 1.000000e+37
3970644 17831.181641 38369.503906 7536.110840 -144.723907 -46.206085 -77.736107 8.606983 1.000000e+37 1.000000e+37
4033309 19470.300781 35002.917969 9371.523438 -139.622040 -73.851074 -76.181580 8.044475 1.000000e+37 1.000000e+37
4033329 19790.597656 36015.433594 6490.687500 -136.243286 -53.245785 -80.310608 6.753307 1.000000e+37 1.000000e+37
4033330 19834.501953 35627.035156 6776.252441 -148.681763 -52.226784 -90.420517 8.032513 1.000000e+37 1.000000e+37
4033331 19866.226562 35860.570312 7168.472168 -142.836182 -34.733044 -82.280434 10.207900 1.000000e+37 1.000000e+37
4047503 18607.285156 36843.875000 8510.915039 -158.697586 -87.482193 -123.571968 9.270542 1.000000e+37 1.000000e+37
4047505 19988.992188 36607.285156 9340.945312 -148.243240 -86.073021 -108.965767 8.071335 1.000000e+37 1.000000e+37
4047511 19796.072266 36767.921875 8020.043457 -62.111443 -52.832523 -60.402157 9.445408 1.000000e+37 1.000000e+37
4047512 18968.621094 37440.882812 8120.596191 -121.434731 -87.762184 -86.755623 9.311620 1.000000e+37 1.000000e+37
4047513 18418.744141 37149.859375 8587.744141 -149.443802 -87.778564 -93.386307 11.099833 1.000000e+37 1.000000e+37
4047514 22492.671875 37326.652344 8680.596680 -116.408615 -60.808739 -76.711716 8.185063 1.000000e+37 1.000000e+37
4047516 22594.880859 38436.875000 7960.904785 -123.709229 -49.497517 -69.501175 10.882582 1.000000e+37 1.000000e+37
4047553 20934.929688 38078.187500 6969.465332 -209.635834 -92.033821 -64.031807 10.687981 1.000000e+37 1.000000e+37
4047554 22094.964844 37091.558594 7442.273438 -159.097748 -49.046600 -50.530197 9.094295 1.000000e+37 1.000000e+37
4047555 18956.951172 37129.156250 5495.137207 -120.921150 -57.068222 -102.310425 9.510306 1.000000e+37 1.000000e+37
4047558 19244.882812 38475.761719 6823.236816 -111.255486 -56.763489 -97.531487 9.776727 1.000000e+37 1.000000e+37
4047559 19487.998047 37062.371094 7073.756348 -84.987999 -56.510765 -63.735275 5.789199 1.000000e+37 1.000000e+37
4112933 19338.353516 35884.484375 8363.972656 -135.495270 -69.177849 -108.999748 5.128946 1.000000e+37 1.000000e+37
4112934 20155.824219 37127.347656 7592.634277 -191.484146 29.093361 -85.342117 11.217124 1.000000e+37 1.000000e+37
4112950 18208.003906 35698.273438 7222.194336 -140.838623 -80.253471 -82.806976 8.768808 1.000000e+37 1.000000e+37
4112951 19515.736328 34790.242188 6147.038574 -143.053894 -84.958817 -123.523293 9.010926 1.000000e+37 1.000000e+37
4112952 18922.542969 34991.160156 7639.888672 -154.109436 -71.701210 -72.728439 9.234206 1.000000e+37 1.000000e+37
4127757 20273.783203 39484.566406 6312.054688 -148.750885 -49.822586 -123.334251 8.622913 1.000000e+37 1.000000e+37
4127759 18458.578125 38888.277344 9022.035156 -159.126785 -60.525772 -102.353645 10.090209 1.000000e+37 1.000000e+37
4127772 18313.074219 37978.203125 8219.134766 -136.887314 -69.995903 -74.374115 8.619917 1.000000e+37 1.000000e+37
4127775 19054.296875 36753.128906 8551.474609 -134.475739 -76.532433 -94.562584 8.947327 1.000000e+37 1.000000e+37
4127776 19087.939453 36742.484375 8299.143555 -120.113396 -84.186729 -111.377419 7.358318 1.000000e+37 1.000000e+37
4127777 19505.406250 37599.300781 7496.312988 -98.110146 -95.110405 -95.299332 6.746458 1.000000e+37 1.000000e+37
4127779 22158.023438 37134.652344 7585.959473 -147.069458 -68.421822 -75.126022 6.369196 1.000000e+37 1.000000e+37
4127798 22232.650391 37054.363281 7218.638184 -165.522446 -64.348396 -37.267960 7.859521 1.000000e+37 1.000000e+37
4127809 20459.531250 39294.144531 6015.525391 -193.357483 -48.106140 -78.766617 9.670101 1.000000e+37 1.000000e+37
4127815 19582.898438 38303.492188 4764.674316 -200.732559 -64.234215 -72.615280 6.141368 1.000000e+37 1.000000e+37
4127819 19843.554688 38199.035156 4797.294434 -134.673874 -66.195671 -104.599945 9.296329 1.000000e+37 1.000000e+37
4127820 20227.199219 38613.074219 5895.433594 -115.213478 -37.885220 -84.847351 7.902716 1.000000e+37 1.000000e+37
4196265 20889.029297 34815.875000 7772.756836 -153.179947 -70.298477 -69.226295 6.705934 1.000000e+37 1.000000e+37
4196366 19321.175781 36116.605469 8315.061523 -124.440453 -58.600693 -124.519600 10.751986 1.000000e+37 1.000000e+37
4196374 18167.308594 36495.542969 9079.339844 -142.848663 -75.372337 -70.639297 8.362814 1.000000e+37 1.000000e+37
4196378 19758.712891 35867.562500 6357.755371 -138.725235 -61.140697 -88.765823 8.571766 1.000000e+37 1.000000e+37
4196379 18868.978516 34980.878906 7716.065430 -152.948395 -71.012917 -74.000648 8.583960 1.000000e+37 1.000000e+37
4211544 18630.257812 39107.445312 8673.113281 -153.141663 -44.118793 -84.354500 6.809360 1.000000e+37 1.000000e+37
4211545 20105.298828 37513.109375 7259.388672 -134.212051 -149.195786 -67.743744 11.151258 1.000000e+37 1.000000e+37
4211547 22563.800781 36998.406250 7778.157715 -126.078293 -57.513664 -77.189117 9.272822 1.000000e+37 1.000000e+37
4211548 22655.693359 38502.656250 7988.416016 -123.327782 -48.615574 -67.068871 8.443590 1.000000e+37 1.000000e+37
4211589 20138.962891 38137.152344 6571.509766 -201.986938 -85.122810 -33.085762 5.619176 1.000000e+37 1.000000e+37
4211591 21833.654297 37024.101562 7055.003418 -166.617645 -39.283310 -50.068493 9.405179 1.000000e+37 1.000000e+37
4211592 20603.052734 37558.632812 7020.026367 -306.184692 -81.302284 -38.114407 10.112614 1.000000e+37 1.000000e+37
4211594 19756.652344 39323.480469 5443.014648 -139.750427 2.094228 -76.717201 10.257506 1.000000e+37 1.000000e+37
4282612 20707.271484 35980.351562 8559.802734 -163.637085 -61.257648 -94.128593 6.389767 1.000000e+37 1.000000e+37
4282613 20516.673828 37212.933594 7437.379395 -129.106110 -93.959122 -38.360588 7.603911 1.000000e+37 1.000000e+37
4282614 20088.021484 37227.640625 7536.515137 -192.884583 12.573292 -110.729958 8.132261 1.000000e+37 1.000000e+37
4282615 20856.339844 35126.941406 7870.695801 -154.918381 -62.449894 -70.313171 6.359776 1.000000e+37 1.000000e+37
4282621 22363.658203 36531.984375 8045.460449 -127.039963 -47.945438 -69.185570 9.694233 1.000000e+37 1.000000e+37
4282713 18276.500000 35962.292969 9209.627930 -157.702042 -60.774368 -90.875214 8.851418 1.000000e+37 1.000000e+37
4282932 22139.322266 36173.152344 7348.608887 -136.943390 -50.681133 -60.674839 6.439072 1.000000e+37 1.000000e+37
4298669 19117.695312 37575.164062 9028.415039 -157.681396 -76.662346 -115.048416 8.398181 1.000000e+37 1.000000e+37
4298684 21175.119141 37104.460938 7526.969727 -186.340714 -40.766762 -109.124619 7.263951 1.000000e+37 1.000000e+37
4298688 22186.757812 36583.539062 9301.348633 -107.908775 -73.094566 -76.149620 8.946789 1.000000e+37 1.000000e+37
4298736 20331.279297 37918.289062 6467.101562 -162.118515 -108.597229 -64.614296 6.275301 1.000000e+37 1.000000e+37
4298737 18848.908203 36925.015625 5972.241699 -128.528183 -61.667698 -91.803810 8.575811 1.000000e+37 1.000000e+37
