#subID	 subGroupNr x	 y	 z	 vx	 yv	 yz	 vmax	 B_MAG V_MAG M_star
#subID	 groupID	 kpc/h	 kpc/h	 kpc/h	 km/s	 km/s	 km/s	 km/s	 mags mags 10^10Msun/h
349838 515 18419.500000 24720.095703 10996.139648 -192.814026 -94.103218 -11.837147 233.138229 -2.073787e+01 -2.146613e+01 5.455789
349839 515 18270.599609 24554.578125 10871.244141 -238.382217 -130.296127 -126.888481 103.494209 -1.907117e+01 -1.959053e+01 0.462273
349840 515 18509.054688 24701.791016 11032.152344 -48.988171 -76.450035 -3.760577 82.399834 -1.869985e+01 -1.924961e+01 0.351817
349841 515 18343.123047 24625.160156 11166.702148 -254.920944 -250.530472 91.786499 64.555222 -1.624434e+01 -1.689070e+01 0.044807
349842 515 18351.378906 24658.677734 11081.223633 -140.513107 -68.102570 -251.689941 57.503799 -1.560204e+01 -1.628508e+01 0.034422
349843 515 18141.515625 24444.558594 10919.215820 4.702804 -62.860088 -116.130005 47.578800 -1.277573e+01 -1.319211e+01 0.001241
349844 515 18638.673828 24923.087891 10923.429688 -18.962414 -48.159973 -39.586330 43.146702 -1.475575e+01 -1.530644e+01 0.008733
349845 515 18730.582031 24709.613281 11284.916016 -182.624985 -120.037544 5.873456 49.872993 -1.455120e+01 -1.519598e+01 0.009053
349846 515 18629.007812 24876.341797 10880.400391 -2.801307 -164.334778 -51.782272 43.449772 -1.281374e+01 -1.347360e+01 0.002631
349847 515 18326.134766 24550.308594 10975.062500 -460.473206 -15.612946 142.307724 42.714497 -1.259501e+01 -1.324227e+01 0.001917
349848 515 18744.695312 24644.531250 11210.336914 -107.585632 -65.468941 -76.501450 36.381458 -1.234213e+01 -1.297012e+01 0.001395
349849 515 18212.847656 24691.560547 11015.927734 -55.236374 -126.273430 27.704983 40.676308 -1.329932e+01 -1.399697e+01 0.004762
349850 515 18342.562500 24598.748047 10974.884766 -71.733566 236.295792 -118.189186 30.572151 -1.094028e+01 -1.153664e+01 0.000430
349851 515 18172.318359 24704.634766 10992.858398 0.012080 126.910019 20.714241 28.104664 -8.611961e+00 -9.184248e+00 0.000069
349852 515 18352.822266 24616.349609 11075.192383 -84.566055 189.619034 -25.281418 32.899490 -1.177987e+01 -1.238524e+01 0.000987
349853 515 18414.904297 24896.033203 10971.984375 121.599586 -20.224382 18.943966 27.304508 1.000000e+37 1.000000e+37 0.000000
349854 515 18196.300781 24551.646484 10843.747070 -157.745590 -291.323364 -52.533794 26.726152 1.000000e+37 1.000000e+37 0.000000
349855 515 18460.529297 24993.748047 10992.315430 52.294350 -88.719765 -60.452198 22.515694 1.000000e+37 1.000000e+37 0.000000
349856 515 18657.289062 24799.820312 11195.787109 -219.825790 -120.922356 -135.961990 26.857832 -1.034203e+01 -1.090196e+01 0.000248
349857 515 18547.230469 24945.093750 10812.897461 34.935127 -71.283035 -34.077728 17.841228 1.000000e+37 1.000000e+37 0.000000
349858 515 18519.796875 24685.273438 11048.054688 102.196686 -42.970764 -1.385138 13.852182 1.000000e+37 1.000000e+37 0.000000
349859 515 18528.843750 24704.849609 11036.114258 30.123011 -12.939055 -48.717678 20.434544 -1.585978e+01 -1.597910e+01 0.001997
349860 515 18315.798828 24668.289062 10978.975586 53.542480 -11.745514 40.040512 26.720676 -1.243010e+01 -1.310242e+01 0.002061
349861 515 18219.919922 24895.816406 10895.772461 -131.336151 -42.046963 227.257614 20.175947 1.000000e+37 1.000000e+37 0.000000
349862 515 18593.304688 24623.154297 10885.021484 -32.294163 -324.501312 8.495517 18.269308 1.000000e+37 1.000000e+37 0.000000
349863 515 18385.001953 24751.089844 10863.091797 -177.995377 -134.551544 265.164185 27.158596 -1.130336e+01 -1.193039e+01 0.000573
349864 515 18421.615234 24812.722656 10943.366211 -490.474762 -30.453543 -0.978006 26.840374 -9.995957e+00 -1.058221e+01 0.000210
349865 515 18371.919922 24854.626953 11004.971680 54.780346 32.716103 -54.273285 24.462784 -8.008777e+00 -8.562528e+00 0.000031
349866 515 18350.462891 24891.689453 10790.583008 -411.825653 -151.089142 163.656662 18.049103 1.000000e+37 1.000000e+37 0.000000
349867 515 18253.591797 24546.849609 10836.183594 -197.789459 -99.361038 -201.959839 14.833225 -1.185426e+01 -1.224587e+01 0.000159
349868 515 18503.691406 24995.023438 11117.872070 -149.517288 -27.658873 31.642830 21.652899 1.000000e+37 1.000000e+37 0.000000
349869 515 18478.376953 24882.185547 10776.395508 -338.707397 57.129784 -140.432114 21.580086 -8.322991e+00 -8.896105e+00 0.000053
349870 515 18679.570312 24865.300781 11168.742188 -218.791763 -39.818172 83.558624 20.068167 1.000000e+37 1.000000e+37 0.000000
349871 515 18474.859375 24935.726562 10798.188477 -220.329956 -165.409698 65.801094 23.970377 -9.373868e+00 -9.945262e+00 0.000136
349872 515 18623.843750 24721.138672 11276.470703 -13.997699 -70.724602 16.592331 16.157578 1.000000e+37 1.000000e+37 0.000000
349873 515 18411.554688 24910.240234 10875.089844 -146.875534 -6.081815 12.359221 25.559881 -8.988414e+00 -9.635521e+00 0.000090
349874 515 18261.568359 24557.976562 11125.971680 -262.914124 -203.033981 122.573891 18.638201 1.000000e+37 1.000000e+37 0.000000
349875 515 18358.515625 24759.119141 11167.887695 -168.739334 -328.976715 124.310143 17.776606 1.000000e+37 1.000000e+37 0.000000
349876 515 18158.566406 24739.644531 10977.423828 -287.616730 10.105237 93.581833 17.953852 1.000000e+37 1.000000e+37 0.000000
349877 515 18619.123047 24954.164062 10993.653320 -86.906487 -59.708858 -9.492160 12.888379 1.000000e+37 1.000000e+37 0.000000
349878 515 18183.021484 24859.365234 10961.752930 -194.241241 -324.154907 -124.894791 15.705165 1.000000e+37 1.000000e+37 0.000000
349879 515 18211.195312 24867.564453 11026.801758 -84.828796 -79.767708 -26.082186 19.690481 -9.108767e+00 -9.667103e+00 0.000091
349880 515 18220.568359 24614.500000 10850.043945 -110.193794 -339.646973 -85.991455 16.799616 1.000000e+37 1.000000e+37 0.000000
349881 515 18376.937500 24871.146484 10728.519531 -271.809021 -117.963127 133.967072 18.204746 1.000000e+37 1.000000e+37 0.000000
349882 515 18443.875000 24889.031250 10848.057617 -221.833496 -193.357620 -112.795540 18.543716 1.000000e+37 1.000000e+37 0.000000
349883 515 18483.044922 24475.353516 11068.988281 11.804877 -106.928238 8.473916 16.631569 1.000000e+37 1.000000e+37 0.000000
349884 515 18441.894531 24777.650391 10973.617188 72.372139 9.714328 355.744354 18.862099 1.000000e+37 1.000000e+37 0.000000
349885 515 18322.402344 24399.054688 10980.140625 -193.129135 80.081398 42.783085 14.988097 1.000000e+37 1.000000e+37 0.000000
349886 515 18491.207031 24853.130859 10667.262695 -210.382309 -134.784927 28.070763 11.417452 -1.101073e+01 -1.168122e+01 0.000492
349887 515 18588.378906 24513.222656 10948.304688 -136.366821 -274.742645 36.951355 13.627864 1.000000e+37 1.000000e+37 0.000000
349888 515 18339.472656 24732.066406 11240.850586 -163.522064 -277.973450 98.785789 15.111365 1.000000e+37 1.000000e+37 0.000000
349889 515 18433.587891 24557.964844 11050.433594 -128.528641 123.926247 -122.014252 21.375870 1.000000e+37 1.000000e+37 0.000000
349890 515 18382.716797 24746.585938 11003.645508 -443.041901 8.878242 -218.554825 19.425503 -8.525826e+00 -9.092929e+00 0.000054
349891 515 18382.142578 24934.300781 11012.993164 -181.088287 -163.620117 -35.843170 15.787763 -1.096101e+01 -1.158989e+01 0.000493
349892 515 18257.583984 24522.398438 11170.219727 -83.308807 139.059174 -93.259392 16.036413 1.000000e+37 1.000000e+37 0.000000
349893 515 18524.251953 24897.982422 11098.135742 -407.911011 -183.316559 -36.916519 14.760624 1.000000e+37 1.000000e+37 0.000000
349894 515 18520.443359 24776.496094 10796.324219 -262.544159 -178.921814 -17.928793 19.530106 1.000000e+37 1.000000e+37 0.000000
349895 515 18478.097656 24553.109375 11082.743164 -212.201111 -185.514664 -97.562737 19.457670 1.000000e+37 1.000000e+37 0.000000
349896 515 18490.324219 24849.027344 11068.925781 -222.009323 -279.269989 -102.262413 16.571489 -9.621865e+00 -1.026020e+01 0.000141
349897 515 18555.404297 24810.197266 10983.072266 -378.554962 -286.731018 -136.519669 19.326176 1.000000e+37 1.000000e+37 0.000000
349898 515 18381.068359 24826.212891 10892.746094 -21.210701 -95.761864 263.547882 17.049541 1.000000e+37 1.000000e+37 0.000000
349899 515 18472.912109 24693.066406 10868.686523 -132.069992 117.356300 232.877090 17.022470 1.000000e+37 1.000000e+37 0.000000
349900 515 18493.298828 24651.042969 11086.727539 -240.839539 -138.895386 71.571800 18.233196 -1.066091e+01 -1.134490e+01 0.000371
349901 515 18457.585938 24676.480469 11029.312500 -261.514038 -378.728119 286.127350 20.523537 -9.478143e+00 -1.007612e+01 0.000139
349902 515 18366.486328 24522.144531 11077.285156 -220.897629 148.584091 -19.770725 11.727849 1.000000e+37 1.000000e+37 0.000000
349903 515 18716.488281 24639.191406 11147.718750 -165.089813 -36.678345 -101.854683 13.003467 1.000000e+37 1.000000e+37 0.000000
349904 515 18488.433594 24737.789062 10914.255859 -340.594940 -350.645874 187.506058 16.912178 1.000000e+37 1.000000e+37 0.000000
349905 515 18522.853516 24759.269531 10793.205078 -360.090240 73.734047 7.730866 14.067504 1.000000e+37 1.000000e+37 0.000000
349906 515 18408.615234 24806.339844 10879.319336 -204.956863 -457.967743 6.602599 14.285668 1.000000e+37 1.000000e+37 0.000000
349907 515 18656.511719 24676.578125 11187.950195 -441.891235 8.781506 -103.624939 13.430132 1.000000e+37 1.000000e+37 0.000000
349908 515 18392.046875 24660.230469 10929.771484 -182.678909 326.466919 38.865654 14.699315 1.000000e+37 1.000000e+37 0.000000
349909 515 18367.634766 24472.896484 10968.121094 -265.131012 199.646179 24.326525 10.501821 1.000000e+37 1.000000e+37 0.000000
349910 515 18611.160156 24925.789062 10932.393555 21.929331 21.802521 -57.032249 14.213813 1.000000e+37 1.000000e+37 0.000000
349911 515 18315.654297 24779.093750 10911.839844 -216.155182 -118.032227 253.858582 18.732779 1.000000e+37 1.000000e+37 0.000000
349912 515 18437.107422 24695.539062 10985.394531 -663.279236 -238.255432 -98.659973 18.231833 1.000000e+37 1.000000e+37 0.000000
349913 515 18384.318359 24712.332031 11085.072266 -296.047394 17.208651 82.405914 18.525852 1.000000e+37 1.000000e+37 0.000000
349914 515 18350.904297 24668.970703 10840.081055 -277.986938 -29.454500 295.784790 13.094840 1.000000e+37 1.000000e+37 0.000000
349915 515 18586.900391 24864.425781 10886.668945 -192.389832 -118.405640 -49.298084 15.809229 1.000000e+37 1.000000e+37 0.000000
349916 515 18432.744141 24541.537109 11164.837891 -135.457535 -12.093844 137.614838 12.838433 1.000000e+37 1.000000e+37 0.000000
349917 515 18084.876953 24678.429688 11010.246094 -419.230103 -87.663483 -22.642414 12.735014 1.000000e+37 1.000000e+37 0.000000
349918 515 18705.246094 24936.882812 10939.223633 -235.822830 43.811504 -135.095871 10.356336 1.000000e+37 1.000000e+37 0.000000
349919 515 18643.744141 24890.050781 10819.885742 -40.659325 -138.461334 4.298772 13.573489 1.000000e+37 1.000000e+37 0.000000
349920 515 18390.218750 24628.003906 11282.642578 -162.995087 -283.978241 20.433765 13.581815 1.000000e+37 1.000000e+37 0.000000
349921 515 18263.041016 24846.875000 10912.109375 -10.667809 -165.529526 -11.052150 15.938964 1.000000e+37 1.000000e+37 0.000000
349922 515 18495.556641 24980.513672 11006.469727 -467.703644 -186.934540 -56.279251 10.101362 1.000000e+37 1.000000e+37 0.000000
349923 515 18383.820312 24888.896484 10901.643555 -80.052917 -32.970970 -11.253866 12.507652 1.000000e+37 1.000000e+37 0.000000
349924 515 18163.699219 24428.400391 10859.339844 -147.791733 -220.696335 -33.103317 9.963848 1.000000e+37 1.000000e+37 0.000000
349925 515 18157.179688 24846.830078 11030.583984 -218.308380 34.801262 -0.221423 12.099735 1.000000e+37 1.000000e+37 0.000000
349926 515 18315.546875 24647.363281 11144.912109 -217.591309 -365.280670 29.978914 12.928300 1.000000e+37 1.000000e+37 0.000000
349927 515 18465.931641 24797.082031 11019.017578 8.298389 221.999313 -170.366241 13.126842 1.000000e+37 1.000000e+37 0.000000
349928 515 18485.281250 24755.007812 10890.846680 -118.040154 174.133255 131.308899 14.635260 -8.367562e+00 -8.918155e+00 0.000042
349929 515 18311.083984 24678.656250 10801.024414 -198.210815 -16.112171 -4.471528 8.604784 -1.040330e+01 -1.114573e+01 0.000348
349930 515 18742.437500 24648.177734 11012.923828 -59.024460 -212.849564 -25.524965 10.189956 1.000000e+37 1.000000e+37 0.000000
349931 515 18271.537109 24546.322266 11147.133789 -180.315216 109.779541 -199.299500 12.167850 1.000000e+37 1.000000e+37 0.000000
349932 515 18610.152344 24665.882812 10803.646484 -278.851196 65.706070 103.191292 14.070690 1.000000e+37 1.000000e+37 0.000000
349933 515 18502.472656 24984.695312 10803.225586 -341.184662 -156.221344 27.498335 12.666475 1.000000e+37 1.000000e+37 0.000000
349934 515 18406.492188 24486.326172 11189.009766 -312.928741 -85.872620 -156.365540 14.525013 1.000000e+37 1.000000e+37 0.000000
349935 515 18384.007812 24706.824219 10873.453125 32.385372 69.490257 -130.098343 12.991473 1.000000e+37 1.000000e+37 0.000000
349936 515 18195.259766 24771.492188 11001.789062 -31.995955 119.798538 -129.558853 11.332317 1.000000e+37 1.000000e+37 0.000000
349937 515 18196.009766 24843.179688 11011.979492 -167.807678 -344.239502 -107.475380 10.897807 1.000000e+37 1.000000e+37 0.000000
349938 515 18500.865234 24957.820312 11069.471680 -363.660095 -319.079895 25.129574 9.817514 1.000000e+37 1.000000e+37 0.000000
349939 515 18591.744141 24550.117188 10877.114258 -59.652214 10.322425 -220.261047 13.032601 1.000000e+37 1.000000e+37 0.000000
349940 515 18243.527344 24567.072266 10855.502930 17.415607 -135.012131 208.742493 13.280304 1.000000e+37 1.000000e+37 0.000000
349941 515 18662.847656 24770.037109 11085.583984 -348.611206 -202.101395 -33.845058 10.987211 1.000000e+37 1.000000e+37 0.000000
349942 515 18466.476562 24707.308594 11010.828125 -240.886765 -79.933693 -5.472326 11.057117 -1.375246e+01 -1.396375e+01 0.000469
349943 515 18418.640625 24726.242188 11070.593750 -107.379272 330.470062 -60.861179 12.270272 1.000000e+37 1.000000e+37 0.000000
349944 515 18392.271484 24620.664062 11104.127930 116.066490 -237.414185 -181.535187 11.656923 1.000000e+37 1.000000e+37 0.000000
349945 515 18289.167969 24805.542969 11042.770508 82.456734 -60.435795 -201.608322 10.405269 1.000000e+37 1.000000e+37 0.000000
349946 515 18711.380859 24842.814453 11032.945312 -175.142960 86.422775 -137.782623 9.640462 1.000000e+37 1.000000e+37 0.000000
349947 515 18490.216797 24584.621094 11028.045898 83.033524 -143.565918 -229.714844 11.659738 1.000000e+37 1.000000e+37 0.000000
349948 515 18460.566406 24784.906250 11047.506836 -120.545746 95.566872 349.627502 12.484397 1.000000e+37 1.000000e+37 0.000000
349949 515 18686.669922 24694.470703 11320.092773 -196.867722 -65.743484 -90.746208 10.250641 1.000000e+37 1.000000e+37 0.000000
349950 515 18399.316406 24646.355469 11038.321289 -122.974106 -317.086395 330.615112 12.158500 1.000000e+37 1.000000e+37 0.000000
349951 515 18172.740234 24545.232422 10824.362305 -364.047089 -202.762161 -191.627304 14.020264 1.000000e+37 1.000000e+37 0.000000
349952 515 18564.523438 24868.804688 10897.382812 -153.184662 62.985302 18.390381 9.557895 1.000000e+37 1.000000e+37 0.000000
349953 515 18191.669922 24726.693359 11167.291016 6.548257 -9.040007 -158.721405 11.510967 1.000000e+37 1.000000e+37 0.000000
349954 515 18246.605469 24546.191406 10922.421875 -208.858597 -70.077652 -145.994644 13.198979 1.000000e+37 1.000000e+37 0.000000
349955 515 18460.759766 24776.136719 11158.613281 -49.342495 18.285133 44.032589 10.831042 1.000000e+37 1.000000e+37 0.000000
349956 515 18679.083984 24634.980469 11042.130859 -164.262848 -114.973343 -159.988510 12.848241 1.000000e+37 1.000000e+37 0.000000
349957 515 18238.039062 24554.128906 10858.329102 35.669796 63.205986 42.047817 10.129144 1.000000e+37 1.000000e+37 0.000000
349958 515 18405.833984 24560.964844 11109.724609 -50.981567 -240.662827 198.994095 9.098967 1.000000e+37 1.000000e+37 0.000000
349959 515 18232.740234 24770.785156 10901.689453 -150.420868 -64.835365 -10.235456 14.420078 1.000000e+37 1.000000e+37 0.000000
349960 515 18381.037109 24664.607422 10890.098633 -392.908112 -98.737526 -74.266884 12.937215 1.000000e+37 1.000000e+37 0.000000
349961 515 18666.810547 24708.121094 11273.518555 -214.575699 -87.725151 -22.771248 9.677999 1.000000e+37 1.000000e+37 0.000000
349962 515 18512.757812 25001.035156 10887.020508 -7.230233 -106.172150 -126.692726 12.147624 1.000000e+37 1.000000e+37 0.000000
349963 515 18375.595703 24636.814453 11146.659180 76.276138 -292.905060 -153.611710 10.607233 1.000000e+37 1.000000e+37 0.000000
349964 515 18484.980469 24836.656250 11056.465820 -351.984314 -179.532593 288.739807 8.931141 1.000000e+37 1.000000e+37 0.000000
349965 515 18481.501953 24530.636719 10932.416992 -204.126038 -328.692322 -196.959732 11.212928 1.000000e+37 1.000000e+37 0.000000
349966 515 18297.390625 24788.921875 10994.160156 145.392578 -2.575364 61.249313 10.694246 1.000000e+37 1.000000e+37 0.000000
349967 515 18511.513672 24582.265625 11019.572266 74.767265 -118.006485 -226.456985 8.405573 1.000000e+37 1.000000e+37 0.000000
349968 515 18567.322266 24861.671875 10815.504883 -249.421265 -134.322800 59.229874 12.367678 1.000000e+37 1.000000e+37 0.000000
349969 515 18481.671875 24706.519531 10862.033203 -358.686890 -2.274851 53.195358 11.803293 1.000000e+37 1.000000e+37 0.000000
349970 515 18246.462891 24565.775391 10846.083008 24.182468 -122.967300 209.174103 10.826400 1.000000e+37 1.000000e+37 0.000000
349971 515 18424.650391 24844.810547 11038.683594 -213.366196 -252.460968 173.549484 12.907390 1.000000e+37 1.000000e+37 0.000000
349972 515 18360.734375 24724.269531 11132.499023 24.350660 -107.716789 -69.138092 12.428859 1.000000e+37 1.000000e+37 0.000000
349973 515 18382.392578 24967.654297 10963.368164 -310.571564 94.256729 -97.083229 7.813631 1.000000e+37 1.000000e+37 0.000000
349974 515 18374.916016 24456.113281 11072.611328 -282.656616 63.585175 -11.347360 10.141750 1.000000e+37 1.000000e+37 0.000000
349975 515 18135.902344 24858.091797 11027.497070 -197.039474 60.673649 -25.922155 12.740026 1.000000e+37 1.000000e+37 0.000000
349976 515 18521.146484 24897.779297 10976.688477 -189.126801 -101.031082 110.748436 11.909636 1.000000e+37 1.000000e+37 0.000000
349977 515 18461.400391 24600.333984 11158.800781 -269.921234 121.361778 -104.556564 8.920224 1.000000e+37 1.000000e+37 0.000000
349978 515 18450.484375 24502.087891 10887.731445 -249.131256 -151.749283 -104.774467 12.145836 -8.442999e+00 -9.133224e+00 0.000067
349979 515 18535.023438 24996.728516 10855.406250 -261.756836 14.439630 -27.540663 9.935149 1.000000e+37 1.000000e+37 0.000000
349980 515 18522.000000 24807.490234 10906.773438 -33.255756 -43.668015 -230.661102 11.063866 1.000000e+37 1.000000e+37 0.000000
349981 515 18327.113281 24584.767578 11130.600586 -135.708115 147.527679 4.095977 10.634427 1.000000e+37 1.000000e+37 0.000000
349982 515 18602.087891 24669.396484 10963.502930 -384.713501 -153.293335 -87.124641 9.175505 1.000000e+37 1.000000e+37 0.000000
349983 515 18599.425781 24782.855469 11021.995117 76.698372 -149.320358 -139.356567 9.207096 1.000000e+37 1.000000e+37 0.000000
349984 515 18530.728516 24586.292969 10920.344727 -476.789246 -185.860458 132.759628 8.396455 1.000000e+37 1.000000e+37 0.000000
349985 515 18647.222656 24746.833984 10935.789062 -217.468491 -22.342506 -168.163635 6.993103 1.000000e+37 1.000000e+37 0.000000
349986 515 18300.466797 24863.212891 10946.674805 -302.291901 -163.364288 177.203079 8.444949 1.000000e+37 1.000000e+37 0.000000
349987 515 18511.732422 24791.111328 10843.957031 -229.280823 141.745956 -69.303177 11.073113 1.000000e+37 1.000000e+37 0.000000
349988 515 18536.718750 24773.550781 11027.040039 -366.631653 46.613697 225.686035 9.294952 1.000000e+37 1.000000e+37 0.000000
349989 515 18401.353516 24848.900391 10813.155273 -211.260696 -77.342232 135.643829 13.069542 -8.766282e+00 -9.314882e+00 0.000057
349990 515 18492.556641 24962.947266 10826.281250 50.058899 -20.129679 -22.848949 9.952644 1.000000e+37 1.000000e+37 0.000000
349991 515 18330.533203 24848.273438 11146.935547 -12.489777 -190.879028 167.722214 7.932742 1.000000e+37 1.000000e+37 0.000000
479359 3615 18806.269531 25356.242188 11363.417969 -265.795807 -169.731064 -86.604279 154.771362 -2.088243e+01 -2.124285e+01 1.472944
479360 3615 18753.746094 25394.226562 11284.166992 -367.549957 -214.181839 -10.745301 44.806198 -1.221296e+01 -1.284623e+01 0.001436
479361 3615 18891.048828 25386.210938 11266.987305 -277.781799 -144.613953 1.963795 34.706554 -1.063220e+01 -1.119814e+01 0.000301
479362 3615 18798.033203 25346.400391 11264.832031 -277.446289 -237.143097 -197.109695 23.770578 -9.639467e+00 -1.021154e+01 0.000155
479363 3615 18762.435547 25251.882812 11284.851562 -228.795609 -129.282166 -168.222046 21.257092 1.000000e+37 1.000000e+37 0.000000
479364 3615 18829.621094 25364.164062 11274.189453 -353.595154 -114.866501 -105.583061 19.335693 1.000000e+37 1.000000e+37 0.000000
479365 3615 18884.634766 25463.074219 11260.275391 -250.454605 -151.953049 -7.551003 12.739470 1.000000e+37 1.000000e+37 0.000000
479366 3615 18721.796875 25353.412109 11284.788086 -318.664825 -170.277267 -77.109650 13.527503 -9.057681e+00 -9.624890e+00 0.000096
479367 3615 18852.507812 25336.228516 11385.647461 -276.570831 -14.396490 -27.810972 16.103958 1.000000e+37 1.000000e+37 0.000000
479368 3615 18795.958984 25393.638672 11252.194336 -188.319336 -128.300201 -107.069115 11.263835 1.000000e+37 1.000000e+37 0.000000
479369 3615 18936.941406 25370.496094 11362.168945 -324.260071 -97.360130 -42.619343 10.433349 1.000000e+37 1.000000e+37 0.000000
479370 3615 18829.556641 25415.919922 11429.386719 -278.485443 -89.773178 -164.778442 9.027080 1.000000e+37 1.000000e+37 0.000000
479371 3615 18943.130859 25391.763672 11282.393555 -291.928009 -104.823395 -25.888020 9.747818 1.000000e+37 1.000000e+37 0.000000
479372 3615 18810.953125 25330.822266 11339.780273 -188.249146 -247.655701 77.609161 11.977912 1.000000e+37 1.000000e+37 0.000000
549155 9931 18286.246094 24253.378906 10535.259766 -162.328094 7.979263 127.180901 87.249405 -1.816518e+01 -1.853725e+01 0.114981
549156 9931 18196.308594 24149.535156 10568.713867 -106.283371 15.270244 82.581291 65.398491 -1.639942e+01 -1.666676e+01 0.016442
549157 9931 18362.294922 24318.828125 10498.632812 -135.531937 -44.019749 159.832260 33.830990 -1.019445e+01 -1.077144e+01 0.000242
549158 9931 18263.240234 24339.789062 10544.713867 -158.696106 4.105170 72.550659 24.789719 1.000000e+37 1.000000e+37 0.000000
549159 9931 18233.388672 24129.857422 10649.198242 -131.146622 -15.701270 85.808708 23.916134 1.000000e+37 1.000000e+37 0.000000
549160 9931 18347.001953 24253.169922 10538.062500 -164.638626 63.312317 91.108681 23.887117 1.000000e+37 1.000000e+37 0.000000
549161 9931 18197.242188 24087.515625 10577.907227 -126.031509 34.767654 123.488640 16.067753 1.000000e+37 1.000000e+37 0.000000
549162 9931 18342.025391 24334.433594 10475.222656 -172.955643 21.513363 72.160133 15.173629 1.000000e+37 1.000000e+37 0.000000
549163 9931 18296.246094 24237.882812 10527.152344 -81.243401 43.086395 6.714391 13.553842 1.000000e+37 1.000000e+37 0.000000
549164 9931 18251.759766 24267.125000 10539.057617 -62.463112 10.678341 96.393349 12.258799 1.000000e+37 1.000000e+37 0.000000
549165 9931 18271.009766 24314.806641 10534.756836 -286.850037 49.831020 -5.054677 8.672600 1.000000e+37 1.000000e+37 0.000000
549166 9931 18287.109375 24242.777344 10564.938477 -100.576721 81.287331 131.226089 13.080987 1.000000e+37 1.000000e+37 0.000000
557766 11152 18596.748047 24470.980469 10272.324219 -276.111908 50.665573 43.000473 99.635651 -1.857203e+01 -1.901253e+01 0.231164
557767 11152 18580.447266 24435.335938 10262.170898 -221.425583 21.543306 69.678329 43.053391 -1.426569e+01 -1.490229e+01 0.006918
557768 11152 18547.914062 24442.728516 10226.698242 -198.447372 2.105255 103.825615 35.458572 -8.949208e+00 -9.484426e+00 0.000049
557769 11152 18571.476562 24446.869141 10322.109375 -295.007904 126.644806 -11.980955 10.444949 1.000000e+37 1.000000e+37 0.000000
557770 11152 18536.591797 24419.128906 10272.715820 -327.404388 69.515686 81.324486 7.280636 1.000000e+37 1.000000e+37 0.000000
608386 21410 19293.970703 26117.589844 11597.933594 -268.512268 -141.184433 -37.344173 78.612694 -1.767040e+01 -1.800182e+01 0.076682
608387 21410 19341.990234 26148.185547 11598.013672 -345.837006 -145.265686 -36.976273 21.538837 1.000000e+37 1.000000e+37 0.000000
648655 33641 19040.896484 24741.578125 10136.738281 -191.373306 -11.925810 46.915413 62.610569 -1.585497e+01 -1.633231e+01 0.019090
648656 33641 19041.896484 24772.375000 10102.956055 -197.607101 -58.084934 55.172676 17.216661 1.000000e+37 1.000000e+37 0.000000
648657 33641 19014.599609 24734.130859 10110.895508 -181.540787 -66.802124 52.596497 16.570923 1.000000e+37 1.000000e+37 0.000000
649458 33924 17685.478516 24538.755859 11639.635742 -111.728592 -127.612953 -58.898846 59.815689 -1.633034e+01 -1.683461e+01 0.027395
649459 33924 17713.853516 24558.710938 11654.915039 -101.612030 -71.172340 -61.932781 22.956604 1.000000e+37 1.000000e+37 0.000000
649460 33924 17741.302734 24553.205078 11635.346680 -128.605896 -152.654419 -47.663486 20.032867 1.000000e+37 1.000000e+37 0.000000
649461 33924 17683.070312 24522.845703 11650.238281 -54.874535 -116.560440 -107.696213 20.878057 1.000000e+37 1.000000e+37 0.000000
669226 41236 19361.167969 25511.080078 11517.818359 -253.597183 -126.964897 -111.463219 59.460609 -1.573159e+01 -1.619553e+01 0.016480
669227 41236 19359.837891 25547.640625 11482.397461 -288.374207 -148.316055 -91.419739 23.513382 1.000000e+37 1.000000e+37 0.000000
706414 57475 18462.601562 24600.515625 11361.361328 -18.432108 -121.338768 22.073650 42.785629 -1.157373e+01 -1.212520e+01 0.000558
706415 57475 18548.468750 24661.080078 11424.236328 -131.024979 -99.159454 -38.002609 31.664413 -1.178105e+01 -1.236010e+01 0.000854
706416 57475 18535.554688 24622.310547 11433.951172 -111.153816 -117.921364 -90.740990 22.368279 1.000000e+37 1.000000e+37 0.000000
706417 57475 18375.916016 24649.886719 11363.084961 -46.910316 -184.075729 7.820277 18.005468 1.000000e+37 1.000000e+37 0.000000
706418 57475 18557.744141 24614.505859 11442.682617 -115.661568 -105.515022 33.763535 15.404167 1.000000e+37 1.000000e+37 0.000000
706419 57475 18357.333984 24697.089844 11354.960938 -1.091675 -87.062950 -140.077271 6.072066 1.000000e+37 1.000000e+37 0.000000
713599 60979 18821.087891 24953.056641 12401.898438 -264.930786 -90.455185 -72.674072 50.166039 -1.441891e+01 -1.485343e+01 0.004927
713600 60979 18832.556641 24971.761719 12416.391602 -285.074615 -85.416992 -126.247185 14.110621 1.000000e+37 1.000000e+37 0.000000
735233 72025 18712.462891 25277.314453 11849.624023 -255.158142 -96.277885 -125.278870 48.671684 -1.366751e+01 -1.427077e+01 0.003854
766704 89307 19190.496094 25613.246094 10864.235352 -144.129562 -195.720474 41.268116 35.725639 -1.031160e+01 -1.090162e+01 0.000285
766705 89307 19191.044922 25628.113281 10802.749023 -166.391617 -230.109879 -27.863033 23.861282 1.000000e+37 1.000000e+37 0.000000
766706 89307 19222.957031 25593.273438 10805.581055 -172.095734 -207.701569 22.764921 9.884591 1.000000e+37 1.000000e+37 0.000000
766707 89307 19218.353516 25609.398438 10824.190430 -167.170578 -223.938202 27.963715 7.952281 1.000000e+37 1.000000e+37 0.000000
771264 91890 18980.960938 25769.103516 11237.791016 -271.771637 -177.992889 -17.541439 41.201248 -1.009135e+01 -1.064073e+01 0.000170
771265 91890 18968.259766 25784.019531 11239.023438 -243.627625 -160.858521 -24.001455 19.589468 1.000000e+37 1.000000e+37 0.000000
771266 91890 18950.076172 25762.117188 11260.954102 -250.694794 -184.475204 -17.298901 12.241578 1.000000e+37 1.000000e+37 0.000000
771522 92038 19133.166016 24688.201172 10046.009766 -229.458984 19.819530 65.440605 45.190708 -1.257331e+01 -1.319211e+01 0.001706
781031 97601 18889.669922 24582.552734 10908.373047 -145.067505 -106.159325 26.916626 44.684368 -1.325506e+01 -1.391212e+01 0.003918
796199 106519 19408.279297 25985.910156 10670.189453 -137.094864 -191.966248 -24.139862 37.459423 -1.089914e+01 -1.140113e+01 0.000234
796200 106519 19409.001953 25960.695312 10690.117188 -126.615608 -174.231369 -47.944447 17.520729 1.000000e+37 1.000000e+37 0.000000
813544 116921 18412.501953 23780.154297 11385.500977 -263.715820 16.980141 10.162890 36.856350 -1.033775e+01 -1.084881e+01 0.000142
813545 116921 18431.892578 23781.955078 11375.310547 -250.983414 6.237823 33.523643 12.422403 1.000000e+37 1.000000e+37 0.000000
835963 130776 18298.683594 24510.019531 12253.666992 -211.386444 -81.528122 -87.369850 35.024399 -9.994107e+00 -1.056505e+01 0.000185
841210 134023 17712.962891 24160.677734 10563.709961 -146.971405 -20.985315 113.303902 37.605873 1.000000e+37 1.000000e+37 0.000000
850861 140136 17760.197266 24382.734375 10699.397461 -102.554573 -0.465446 2.918916 26.100000 1.000000e+37 1.000000e+37 0.000000
850862 140136 17765.675781 24353.865234 10684.230469 -118.298538 -17.610769 12.700907 16.725937 1.000000e+37 1.000000e+37 0.000000
850863 140136 17751.328125 24396.396484 10715.113281 -100.856583 -19.273203 28.679298 13.358907 1.000000e+37 1.000000e+37 0.000000
882898 160819 19308.369141 25347.031250 11942.647461 -193.001938 -145.673340 -106.228600 27.776661 1.000000e+37 1.000000e+37 0.000000
893979 168175 17408.441406 24723.875000 11495.399414 -143.987259 -128.710968 -60.668369 34.011887 -8.356193e+00 -8.924610e+00 0.000051
898402 171145 17592.365234 24651.966797 11612.960938 -132.434235 -217.793381 -66.160316 33.634895 -8.662812e+00 -9.236012e+00 0.000073
904810 175475 19203.476562 25234.576172 10985.561523 -197.027237 -220.468582 24.471031 30.651865 -9.352202e+00 -9.922825e+00 0.000132
910167 179125 18851.005859 24707.367188 10879.604492 -162.717300 -99.042671 55.117340 30.977274 -1.104618e+01 -1.162093e+01 0.000434
921089 186741 18547.894531 24603.611328 10490.242188 -249.604950 -85.314217 2.625975 32.400333 -1.277645e+01 -1.342801e+01 0.002409
921652 187135 18197.574219 24721.744141 11579.155273 -57.591553 -125.563080 -91.570023 31.103104 -1.011307e+01 -1.066353e+01 0.000193
928081 191674 18374.351562 24354.710938 10590.433594 -112.710518 -18.797182 131.859756 27.621677 1.000000e+37 1.000000e+37 0.000000
934637 196371 17537.005859 24510.951172 11691.802734 -93.237434 -136.044891 -28.499096 34.031025 -1.063847e+01 -1.121653e+01 0.000316
951828 208953 18010.675781 24605.287109 10858.258789 -29.454954 7.577672 57.231655 26.009363 1.000000e+37 1.000000e+37 0.000000
951829 208953 18034.542969 24587.394531 10867.153320 -247.123627 5.086526 -75.977364 12.702162 1.000000e+37 1.000000e+37 0.000000
956787 212610 18352.257812 23944.136719 10824.648438 -275.083954 52.153019 -0.630057 28.701971 -9.061471e+00 -9.619345e+00 0.000086
956788 212610 18342.460938 23945.507812 10835.288086 -260.539856 24.926561 -15.637591 12.481258 1.000000e+37 1.000000e+37 0.000000
957399 213071 18212.111328 24506.472656 11408.792969 -105.295288 -144.354141 31.098331 29.426870 1.000000e+37 1.000000e+37 0.000000
972985 224806 18417.830078 24460.410156 10420.507812 -251.674271 -39.665653 -34.476490 31.600826 -1.120558e+01 -1.182108e+01 0.000613
975013 226324 18393.099609 24420.253906 11383.659180 -162.940735 -18.748442 -4.746567 26.788477 -1.158639e+01 -1.219305e+01 0.000785
1003789 248487 18666.220703 24513.591797 10689.420898 -254.411972 -171.885391 -41.579994 26.672825 -8.599401e+00 -9.169184e+00 0.000065
1003790 248487 18702.808594 24521.585938 10721.137695 -90.136917 -145.924255 23.217854 10.811862 1.000000e+37 1.000000e+37 0.000000
1064161 297004 19158.839844 25132.330078 10689.873047 -288.435486 -159.634689 10.788356 23.602722 1.000000e+37 1.000000e+37 0.000000
1079769 309970 18851.990234 24535.781250 9951.957031 -235.068893 57.641403 34.381981 18.962400 1.000000e+37 1.000000e+37 0.000000
1079770 309970 18878.275391 24542.148438 9937.248047 -168.124695 -19.539131 102.120438 11.951739 1.000000e+37 1.000000e+37 0.000000
1095355 323079 19578.197266 25725.574219 10566.186523 -162.806458 -179.103149 -32.135803 19.795145 1.000000e+37 1.000000e+37 0.000000
1095356 323079 19551.966797 25737.812500 10571.650391 -153.232208 -168.969467 -34.873745 8.667603 1.000000e+37 1.000000e+37 0.000000
1101202 328011 18582.730469 24474.017578 11086.528320 -23.647326 -95.816772 4.640840 17.321148 1.000000e+37 1.000000e+37 0.000000
1104904 331144 18054.656250 24531.046875 10948.912109 -220.171494 -227.305756 -21.274809 15.777968 1.000000e+37 1.000000e+37 0.000000
1109512 335008 18783.617188 25542.035156 11356.344727 -201.498642 -178.887238 -171.291229 21.929731 1.000000e+37 1.000000e+37 0.000000
1113493 338395 19004.843750 25321.212891 11264.183594 -292.314209 -212.758301 -44.203514 26.326111 1.000000e+37 1.000000e+37 0.000000
1136010 357752 19130.367188 25500.912109 10461.889648 -230.551590 -141.806107 44.557957 22.190941 1.000000e+37 1.000000e+37 0.000000
1146882 367143 18563.048828 24881.814453 9952.670898 -190.878876 -43.971809 49.574055 21.460768 1.000000e+37 1.000000e+37 0.000000
1151647 371239 18711.283203 24956.783203 10840.603516 -114.882790 -38.954350 -151.197113 17.064112 1.000000e+37 1.000000e+37 0.000000
1185358 400827 18370.527344 24359.064453 10351.858398 -263.850891 57.981319 28.489300 19.009418 1.000000e+37 1.000000e+37 0.000000
1201464 415137 17419.380859 24552.748047 11521.338867 -117.657089 -147.720123 -34.523331 20.755705 1.000000e+37 1.000000e+37 0.000000
1205050 418350 18194.404297 24946.191406 10682.875000 -225.540787 -94.061424 15.993878 21.984024 1.000000e+37 1.000000e+37 0.000000
1208592 421526 17587.894531 24321.771484 10808.664062 -114.535324 -5.047228 -18.487917 19.815771 1.000000e+37 1.000000e+37 0.000000
1233011 443444 18007.724609 25332.712891 10846.883789 -93.600044 -223.766068 49.352825 19.658915 1.000000e+37 1.000000e+37 0.000000
1248401 457453 19217.781250 26083.101562 10886.875000 -150.555481 -206.667938 -44.740242 19.115639 1.000000e+37 1.000000e+37 0.000000
1251279 460059 18206.212891 25924.070312 11446.062500 -142.546082 -209.615097 -13.025179 19.571501 1.000000e+37 1.000000e+37 0.000000
1254139 462724 17652.220703 24130.613281 11158.132812 -87.247559 -118.276436 25.867960 20.247965 1.000000e+37 1.000000e+37 0.000000
1258559 466780 18866.390625 25557.468750 11513.722656 -290.520691 -229.318939 -84.448090 23.097048 -9.371863e+00 -9.941020e+00 0.000132
1264498 472214 18794.953125 24535.492188 10949.307617 -209.773056 12.023763 18.070238 24.974775 1.000000e+37 1.000000e+37 0.000000
1264506 472221 18880.103516 24779.919922 11112.105469 -66.771042 -178.490509 24.876240 18.194132 1.000000e+37 1.000000e+37 0.000000
1272293 479383 18222.445312 24216.093750 11153.913086 -55.255741 -11.904970 52.050621 21.468706 1.000000e+37 1.000000e+37 0.000000
1277112 483829 18865.222656 25379.406250 11780.512695 -270.211456 -86.092751 -126.764992 18.993292 1.000000e+37 1.000000e+37 0.000000
1277113 483829 18886.148438 25398.076172 11783.416016 -269.284821 -92.319344 -136.865128 9.743421 1.000000e+37 1.000000e+37 0.000000
1288571 494399 18481.335938 24733.623047 10647.514648 -303.804474 20.941267 19.080832 14.692319 1.000000e+37 1.000000e+37 0.000000
1298971 504015 19210.736328 25202.582031 10616.688477 -245.889648 -193.081314 -8.203944 21.333935 1.000000e+37 1.000000e+37 0.000000
1304186 508887 18260.013672 24586.238281 11306.250977 -158.910385 -96.200432 50.506718 13.759723 1.000000e+37 1.000000e+37 0.000000
1313324 517445 18402.628906 24500.847656 11368.515625 -85.451271 -105.449478 -42.128338 17.085709 1.000000e+37 1.000000e+37 0.000000
1330526 533484 19047.365234 24533.777344 10072.745117 -217.679581 18.891699 80.619682 19.454697 1.000000e+37 1.000000e+37 0.000000
1330530 533488 18750.310547 24708.167969 10983.543945 -370.075043 -204.510651 -129.286148 18.204401 1.000000e+37 1.000000e+37 0.000000
1361378 562504 18808.833984 25415.972656 11607.276367 -314.596649 -200.166962 -114.070320 20.776934 1.000000e+37 1.000000e+37 0.000000
1405263 604447 18007.773438 24420.554688 10818.083984 -44.258091 6.646733 -14.507697 16.340693 1.000000e+37 1.000000e+37 0.000000
1407712 606816 18988.201172 25084.027344 10589.142578 -285.640869 -139.836060 58.559460 19.595922 1.000000e+37 1.000000e+37 0.000000
1441986 639929 18789.250000 25094.730469 11014.962891 -311.369995 -213.416473 80.868355 17.456959 1.000000e+37 1.000000e+37 0.000000
1441991 639934 18171.458984 24357.179688 10718.996094 -268.796051 -95.369476 -76.541672 20.517052 1.000000e+37 1.000000e+37 0.000000
1450470 648177 18203.136719 23953.742188 11056.844727 -210.530441 34.349136 -57.356354 18.748377 1.000000e+37 1.000000e+37 0.000000
1456136 653719 18099.515625 24427.488281 10465.708984 -114.714020 20.660934 125.396477 17.728773 1.000000e+37 1.000000e+37 0.000000
1464951 662306 18769.214844 25026.003906 11304.881836 -165.784821 -145.867523 -74.016495 23.545841 -9.781401e+00 -1.034819e+01 0.000176
1470878 668120 18442.662109 25094.365234 10884.113281 -253.325333 -133.449829 -120.175743 20.904955 1.000000e+37 1.000000e+37 0.000000
1476954 674063 18099.488281 24625.585938 11212.020508 -142.097656 -213.660110 -69.176353 24.798340 1.000000e+37 1.000000e+37 0.000000
1489575 686410 18312.849609 24825.181641 11280.977539 -142.900681 -52.101906 22.825182 9.968062 1.000000e+37 1.000000e+37 0.000000
1489576 686410 18295.951172 24817.210938 11296.110352 -165.708557 -106.206551 -253.192108 8.416889 1.000000e+37 1.000000e+37 0.000000
1489593 686427 18859.324219 25612.691406 11651.621094 -156.996002 -230.183640 -77.870659 18.540844 1.000000e+37 1.000000e+37 0.000000
1489594 686428 18804.417969 25818.023438 11819.284180 -159.685791 -204.222809 -61.628033 12.308459 1.000000e+37 1.000000e+37 0.000000
1489595 686428 18809.416016 25815.654297 11801.920898 -162.779099 -208.997467 -63.137005 9.863144 1.000000e+37 1.000000e+37 0.000000
1499173 695884 18669.330078 24577.759766 10759.349609 -233.038406 42.717075 44.367847 19.422573 1.000000e+37 1.000000e+37 0.000000
1499174 695885 18921.914062 25218.310547 11893.765625 -265.384338 -73.915314 -118.832268 16.429918 1.000000e+37 1.000000e+37 0.000000
1499178 695889 18212.212891 24389.246094 12153.208984 -190.093307 -73.411079 -90.938087 17.156549 1.000000e+37 1.000000e+37 0.000000
1502582 699258 18715.908203 24891.335938 11527.666016 -174.487778 -147.275879 5.866631 21.007162 1.000000e+37 1.000000e+37 0.000000
1533346 729890 19173.107422 25744.044922 10847.344727 -125.802612 -220.082901 8.409738 13.405288 1.000000e+37 1.000000e+37 0.000000
1567074 763729 19142.025391 25393.978516 10677.062500 -267.603180 -169.776398 -25.163376 17.059361 1.000000e+37 1.000000e+37 0.000000
1575071 771763 18472.953125 24416.507812 10375.409180 -258.707550 71.647545 7.639287 16.637388 1.000000e+37 1.000000e+37 0.000000
1575077 771768 18264.275391 24558.765625 11715.959961 -184.439774 -62.853100 -147.521881 19.429060 1.000000e+37 1.000000e+37 0.000000
1583037 779785 19350.962891 25332.794922 10394.060547 -267.882935 -113.772881 14.891983 17.772089 1.000000e+37 1.000000e+37 0.000000
1591074 787929 18584.505859 25164.757812 10912.322266 -159.026703 -65.396263 -60.306789 19.320513 1.000000e+37 1.000000e+37 0.000000
1595338 792251 19594.054688 25754.181641 10729.911133 -162.304398 -178.847580 -13.335612 16.306545 1.000000e+37 1.000000e+37 0.000000
1612663 809916 18943.318359 24557.253906 10919.635742 -137.261749 -131.255615 23.759491 19.767422 1.000000e+37 1.000000e+37 0.000000
1617167 814543 19014.972656 24898.300781 9997.199219 -158.150375 -39.235191 38.021637 15.220414 1.000000e+37 1.000000e+37 0.000000
1626290 823868 18899.757812 25216.433594 11008.059570 -159.043671 -272.067383 21.442989 16.854063 1.000000e+37 1.000000e+37 0.000000
1630882 828546 17856.171875 24084.419922 11254.547852 -143.769379 35.018578 -28.490360 14.702773 1.000000e+37 1.000000e+37 0.000000
1635618 833393 18336.208984 24559.039062 12099.200195 -200.141281 -82.317017 -93.660759 16.403969 1.000000e+37 1.000000e+37 0.000000
1640234 838163 18147.542969 24115.658203 10674.060547 -119.222229 -8.424836 62.494171 17.792273 1.000000e+37 1.000000e+37 0.000000
1664238 862854 19335.117188 25706.111328 10314.935547 -310.281128 -61.667992 -23.949318 15.105765 1.000000e+37 1.000000e+37 0.000000
1684705 884046 18688.734375 24601.251953 10828.630859 -83.206314 -18.919050 -198.797089 11.789061 1.000000e+37 1.000000e+37 0.000000
1684720 884060 18598.681641 24436.509766 10528.794922 -292.517731 86.225914 19.488266 14.662107 1.000000e+37 1.000000e+37 0.000000
1684725 884065 17791.947266 24237.392578 10755.288086 -77.712265 -68.432495 -6.828463 14.553189 1.000000e+37 1.000000e+37 0.000000
1689945 889506 19191.548828 25459.144531 10977.791992 -174.657898 -207.548767 35.544949 15.330004 1.000000e+37 1.000000e+37 0.000000
1700502 900521 18390.835938 23752.650391 11261.441406 -266.253693 31.961382 25.010498 15.679817 1.000000e+37 1.000000e+37 0.000000
1717039 917832 19010.261719 24667.273438 10173.597656 -167.120514 -17.490141 73.752411 19.656311 1.000000e+37 1.000000e+37 0.000000
1722816 923821 19019.796875 25938.400391 11045.067383 -261.521942 -155.755493 -23.476046 15.804989 1.000000e+37 1.000000e+37 0.000000
1734475 936024 18446.923828 24996.001953 11246.894531 -375.046051 -111.487312 -166.015060 11.539479 1.000000e+37 1.000000e+37 0.000000
1734476 936024 18465.177734 25012.500000 11265.532227 -361.855133 -110.543564 -169.352249 9.779621 1.000000e+37 1.000000e+37 0.000000
1734486 936034 18119.466797 24237.177734 10769.516602 -223.654083 -59.354557 -61.071346 18.548820 1.000000e+37 1.000000e+37 0.000000
1746316 948499 19519.068359 25840.255859 11362.102539 -270.053131 -147.738724 -28.092726 18.481834 1.000000e+37 1.000000e+37 0.000000
1758313 961166 18294.968750 24216.416016 11138.161133 -55.059052 -9.723449 42.350800 14.542362 1.000000e+37 1.000000e+37 0.000000
1764427 967630 18882.722656 24779.074219 11252.800781 -229.700958 -149.755890 -15.144732 14.839353 1.000000e+37 1.000000e+37 0.000000
1764434 967637 17719.142578 24649.515625 11844.206055 -99.272079 -130.663910 -15.352998 16.976233 1.000000e+37 1.000000e+37 0.000000
1770612 974196 18431.335938 24467.263672 10484.802734 -160.234344 -18.855192 155.099976 14.684498 1.000000e+37 1.000000e+37 0.000000
1789851 994634 18608.623047 24549.003906 11294.896484 -41.272392 -125.529968 9.092082 13.331034 1.000000e+37 1.000000e+37 0.000000
1802999 1008666 18786.037109 24498.611328 10762.686523 -99.558228 36.949394 -88.018463 16.177773 1.000000e+37 1.000000e+37 0.000000
1803001 1008668 19559.148438 25635.542969 10739.222656 -192.679794 -167.455551 -19.241827 16.654074 1.000000e+37 1.000000e+37 0.000000
1809671 1015825 18168.314453 25957.964844 11465.337891 -132.782196 -207.239059 -19.732697 11.104955 1.000000e+37 1.000000e+37 0.000000
1830481 1038199 19261.306641 25835.160156 10805.949219 -123.984375 -214.506058 -16.578569 12.515007 1.000000e+37 1.000000e+37 0.000000
1837548 1045882 18817.392578 24885.412109 11025.373047 -226.862106 -317.161652 8.132553 12.927513 1.000000e+37 1.000000e+37 0.000000
1844812 1053651 17737.716797 24289.417969 10883.112305 -105.748367 -37.384789 47.451118 14.243933 1.000000e+37 1.000000e+37 0.000000
1852080 1061476 18811.326172 24583.527344 10773.686523 -138.729691 57.195339 -92.427223 14.002510 1.000000e+37 1.000000e+37 0.000000
1866903 1077628 18568.570312 25013.105469 10822.503906 -335.270203 -125.056793 -40.074619 12.821847 1.000000e+37 1.000000e+37 0.000000
1874723 1086088 18832.337891 25077.857422 10716.958008 -278.645416 -215.173920 61.226284 13.907567 1.000000e+37 1.000000e+37 0.000000
1890099 1102857 18355.580078 25175.638672 11190.391602 -295.293457 -152.005829 -148.772827 13.930482 1.000000e+37 1.000000e+37 0.000000
1890100 1102858 19018.593750 25897.736328 11355.215820 -266.278107 -174.472488 -50.752945 18.832703 1.000000e+37 1.000000e+37 0.000000
1898065 1111553 18223.273438 24985.859375 11364.656250 -230.571609 -146.801117 -6.086267 17.843882 1.000000e+37 1.000000e+37 0.000000
1906198 1120488 18872.564453 25013.578125 11029.636719 -195.001740 -286.975983 50.249031 15.485052 1.000000e+37 1.000000e+37 0.000000
1906206 1120495 18990.478516 25368.357422 10926.985352 -155.175797 -249.855713 11.279065 15.290549 1.000000e+37 1.000000e+37 0.000000
1914387 1129506 18454.755859 24656.099609 10719.996094 -232.911438 -79.610924 159.310532 17.542486 -8.757621e+00 -9.327766e+00 0.000076
1914394 1129512 17629.779297 24202.394531 10730.419922 -120.230453 -0.748348 -23.540815 14.562236 1.000000e+37 1.000000e+37 0.000000
1939759 1157431 18396.953125 24558.435547 11279.400391 -217.208328 -6.796309 -156.770828 12.696959 1.000000e+37 1.000000e+37 0.000000
1939767 1157440 18373.318359 25219.259766 10912.267578 -102.494820 -284.423889 52.131554 16.429453 1.000000e+37 1.000000e+37 0.000000
1948437 1166937 18384.847656 24851.572266 11357.574219 -51.136028 -157.542953 92.681801 15.466944 1.000000e+37 1.000000e+37 0.000000
1957243 1176753 18550.990234 24809.597656 11845.471680 -297.014679 -52.451290 -103.951141 13.832920 1.000000e+37 1.000000e+37 0.000000
1957244 1176754 18832.521484 25219.787109 11816.458984 -274.472748 -83.251801 -114.377357 16.074730 1.000000e+37 1.000000e+37 0.000000
1966297 1186856 18003.531250 25057.005859 11497.644531 -248.760742 -139.254028 5.057835 17.894260 1.000000e+37 1.000000e+37 0.000000
1975608 1197187 18540.273438 24304.224609 11001.226562 -46.183193 -5.768070 -132.030273 15.251991 1.000000e+37 1.000000e+37 0.000000
1994232 1218093 18493.236328 25600.917969 11059.524414 -178.996475 -46.557407 -16.285225 17.916458 1.000000e+37 1.000000e+37 0.000000
2003628 1228715 18950.453125 24561.126953 10299.284180 -197.974915 4.265913 75.405312 14.275211 1.000000e+37 1.000000e+37 0.000000
2013452 1239810 18844.421875 24969.474609 10866.113281 -213.645462 -2.467301 -110.168571 14.614896 1.000000e+37 1.000000e+37 0.000000
2023421 1251051 18456.175781 24296.222656 11164.531250 -220.253723 -1.772034 33.438217 19.377790 1.000000e+37 1.000000e+37 0.000000
2033307 1262324 18252.458984 24558.953125 11221.075195 -98.497910 -202.239365 65.584862 14.546521 1.000000e+37 1.000000e+37 0.000000
2043626 1273977 18621.199219 24724.210938 11419.659180 -213.648514 -124.765945 -2.567973 14.778405 1.000000e+37 1.000000e+37 0.000000
2054169 1286007 18306.099609 24522.664062 10560.991211 -110.290703 5.020174 167.563599 13.564236 1.000000e+37 1.000000e+37 0.000000
2064831 1298063 18341.121094 24377.416016 10390.509766 -266.463135 36.409348 33.432842 12.005681 1.000000e+37 1.000000e+37 0.000000
2075469 1310251 18638.716797 24918.240234 10745.741211 -309.155579 -49.566841 168.163727 12.839864 1.000000e+37 1.000000e+37 0.000000
2075494 1310277 18808.039062 25065.544922 12532.782227 -245.314819 -91.364754 -69.826881 14.283601 1.000000e+37 1.000000e+37 0.000000
2075495 1310278 18953.697266 25438.019531 11514.149414 -293.922028 -209.685074 -114.513023 15.915718 1.000000e+37 1.000000e+37 0.000000
2075501 1310284 19414.048828 25408.140625 10850.488281 -212.777908 -187.294067 -7.699552 18.257370 1.000000e+37 1.000000e+37 0.000000
2086530 1322939 18681.863281 24724.189453 11114.911133 -92.027351 117.056664 -109.285202 8.234787 1.000000e+37 1.000000e+37 0.000000
2086542 1322951 17698.638672 24389.974609 11426.873047 -120.464088 -13.431330 -51.682148 11.790682 1.000000e+37 1.000000e+37 0.000000
2097653 1335822 18772.460938 24662.570312 10970.543945 -107.641930 -146.557541 -38.515259 7.659944 1.000000e+37 1.000000e+37 0.000000
2097661 1335831 18217.074219 25102.580078 10990.774414 -62.570610 -279.329590 46.076359 14.868640 1.000000e+37 1.000000e+37 0.000000
2109217 1349102 18199.888672 24506.275391 10565.890625 -131.904495 -6.093268 174.913666 12.542562 1.000000e+37 1.000000e+37 0.000000
2109220 1349105 18283.771484 24660.814453 10640.081055 -268.054718 2.367206 84.005966 7.898771 1.000000e+37 1.000000e+37 0.000000
2109236 1349122 18172.980469 24424.119141 11241.976562 -217.729309 120.811928 -57.247528 15.246717 1.000000e+37 1.000000e+37 0.000000
2120870 1362582 18339.970703 24982.820312 11275.730469 -64.524155 -93.798569 121.347305 18.062670 1.000000e+37 1.000000e+37 0.000000
2120871 1362583 19344.269531 25180.865234 10885.571289 -350.069031 -61.986012 -29.509897 12.902746 1.000000e+37 1.000000e+37 0.000000
2120879 1362591 18093.900391 24392.689453 10771.122070 -54.081287 5.037761 38.454815 9.320864 1.000000e+37 1.000000e+37 0.000000
2120880 1362591 18096.640625 24411.392578 10768.915039 -45.998203 2.832165 45.623596 7.648942 1.000000e+37 1.000000e+37 0.000000
2132622 1376241 18756.119141 24586.126953 10771.069336 -149.784271 -222.751480 -51.038982 8.392185 1.000000e+37 1.000000e+37 0.000000
2132625 1376244 19122.757812 24596.033203 10050.831055 -213.770111 30.913660 68.574821 12.446413 1.000000e+37 1.000000e+37 0.000000
2132666 1376286 18809.267578 25619.109375 11441.661133 -283.889252 -207.998611 -46.062248 17.057861 1.000000e+37 1.000000e+37 0.000000
2144687 1390305 18262.355469 24943.853516 10462.756836 -287.688721 -68.360481 -89.808830 19.637327 1.000000e+37 1.000000e+37 0.000000
2182129 1434334 18304.121094 24323.435547 10830.478516 -159.671387 -130.747971 -107.067223 11.059445 1.000000e+37 1.000000e+37 0.000000
2182163 1434370 18557.429688 24841.210938 11392.132812 -180.769135 -107.904991 -122.216286 14.491364 1.000000e+37 1.000000e+37 0.000000
2182171 1434379 18274.101562 24605.806641 12251.158203 -188.871750 -81.377594 -87.053879 13.596621 1.000000e+37 1.000000e+37 0.000000
2195235 1449830 17767.054688 24269.714844 10782.863281 -161.375778 66.438660 21.437109 13.268078 1.000000e+37 1.000000e+37 0.000000
2222034 1481623 18356.478516 24958.728516 11364.437500 -80.093658 -116.063713 98.623543 13.084516 1.000000e+37 1.000000e+37 0.000000
2222044 1481633 19033.382812 25369.921875 10852.092773 -150.607635 -229.699448 44.466274 10.871366 1.000000e+37 1.000000e+37 0.000000
2222045 1481634 19013.710938 24817.513672 10046.392578 -209.133560 -97.275742 6.028648 15.576032 1.000000e+37 1.000000e+37 0.000000
2222053 1481642 19054.267578 25505.316406 10909.829102 -140.425400 -219.375519 44.445400 13.684913 1.000000e+37 1.000000e+37 0.000000
2222054 1481643 19185.724609 26177.363281 10835.309570 -152.811447 -207.327545 -45.208004 13.488709 1.000000e+37 1.000000e+37 0.000000
2236119 1498342 19085.843750 25026.935547 10304.169922 -342.652496 -59.893703 -22.233477 11.211668 1.000000e+37 1.000000e+37 0.000000
2236120 1498343 18423.566406 24591.742188 11459.108398 -151.664032 -223.984100 21.760006 12.210208 1.000000e+37 1.000000e+37 0.000000
2250369 1515283 19167.052734 25246.181641 10611.736328 -281.916656 -126.509621 40.548302 13.805874 1.000000e+37 1.000000e+37 0.000000
2250386 1515301 17761.564453 24458.169922 10709.392578 -82.464294 -26.917187 8.469167 10.448005 1.000000e+37 1.000000e+37 0.000000
2264632 1532530 18947.449219 25632.656250 11383.030273 -302.256897 -185.926453 -19.261627 11.817944 1.000000e+37 1.000000e+37 0.000000
2264644 1532543 17475.896484 24681.853516 11453.689453 -124.216225 -110.237427 -51.413628 14.212794 1.000000e+37 1.000000e+37 0.000000
2264646 1532545 18021.863281 25495.910156 10413.312500 -122.323021 -186.290726 62.734318 12.782272 1.000000e+37 1.000000e+37 0.000000
2264647 1532546 18480.785156 25984.855469 10732.921875 -126.698830 -206.976196 9.458246 11.849160 1.000000e+37 1.000000e+37 0.000000
2279342 1550448 18703.703125 24794.765625 10216.702148 -249.180115 1.016158 49.823643 15.015237 1.000000e+37 1.000000e+37 0.000000
2279343 1550449 19033.765625 25157.666016 9928.747070 -154.637360 -41.196705 28.772320 14.503482 1.000000e+37 1.000000e+37 0.000000
2279387 1550497 18044.806641 24560.443359 12081.290039 -184.112686 -76.961769 -99.066444 13.142545 1.000000e+37 1.000000e+37 0.000000
2294241 1568626 18581.585938 24345.869141 10631.707031 -211.002747 -95.629051 -97.982277 13.728706 1.000000e+37 1.000000e+37 0.000000
2309315 1587125 18467.773438 24071.994141 10901.861328 -184.787094 -122.735481 24.228025 16.968613 1.000000e+37 1.000000e+37 0.000000
2324998 1606262 18782.384766 24801.382812 10964.371094 -134.350586 49.118118 -128.818863 12.172784 1.000000e+37 1.000000e+37 0.000000
2409031 1711095 18594.458984 24501.304688 10761.000000 -75.586662 -197.459885 -21.256336 10.833356 1.000000e+37 1.000000e+37 0.000000
2409049 1711115 18606.296875 24420.886719 11706.358398 -172.913086 -141.248245 -8.934441 16.739586 1.000000e+37 1.000000e+37 0.000000
2426873 1733837 17541.804688 24267.576172 10722.857422 -180.575607 8.055998 60.303825 11.450914 1.000000e+37 1.000000e+37 0.000000
2426874 1733838 17990.613281 24287.173828 10500.735352 -116.056480 -0.192684 135.732986 12.897414 1.000000e+37 1.000000e+37 0.000000
2426919 1733884 18905.445312 24848.492188 11208.732422 -76.214500 -132.325729 64.905609 14.096601 1.000000e+37 1.000000e+37 0.000000
2426922 1733887 18320.330078 24397.519531 10854.873047 -167.013306 -7.701246 -32.705467 15.879358 1.000000e+37 1.000000e+37 0.000000
2426941 1733910 18808.732422 24696.533203 10770.487305 -182.630051 70.335030 -88.324692 11.405758 1.000000e+37 1.000000e+37 0.000000
2426942 1733911 17553.982422 24231.572266 10839.713867 -96.005333 -87.566093 -13.954565 13.279440 1.000000e+37 1.000000e+37 0.000000
2483532 1807381 18698.601562 25169.486328 11723.793945 -282.637360 -93.517090 -143.712418 12.676773 1.000000e+37 1.000000e+37 0.000000
2503316 1833865 18739.644531 23988.025391 10938.873047 -269.323456 58.451176 15.401514 11.644221 1.000000e+37 1.000000e+37 0.000000
2503358 1833909 18352.435547 25120.841797 10883.877930 -202.863220 -76.951706 -58.770069 16.913576 1.000000e+37 1.000000e+37 0.000000
2503359 1833910 18013.839844 24969.929688 11430.346680 -239.323090 -164.309143 -8.000565 17.255043 1.000000e+37 1.000000e+37 0.000000
2503360 1833911 17976.736328 26072.527344 11600.682617 -145.819229 -196.492157 -12.350708 8.821285 1.000000e+37 1.000000e+37 0.000000
2523628 1861720 18641.910156 25036.857422 10801.123047 -270.351288 -105.379494 174.408890 10.501689 1.000000e+37 1.000000e+37 0.000000
2523630 1861722 19339.673828 25862.212891 10307.016602 -298.186035 -58.568459 -32.078835 10.308661 1.000000e+37 1.000000e+37 0.000000
2523647 1861740 18070.339844 23884.230469 11553.194336 -182.649475 -15.300719 -74.576065 11.255790 1.000000e+37 1.000000e+37 0.000000
2544104 1890743 18194.787109 24712.865234 10856.149414 -169.411636 -346.966064 -112.139908 8.039001 1.000000e+37 1.000000e+37 0.000000
2544119 1890760 18831.244141 24690.650391 10726.530273 -64.148872 -115.047752 6.486788 12.354498 1.000000e+37 1.000000e+37 0.000000
2544127 1890768 19304.845703 25831.542969 10742.903320 -130.155869 -209.378632 -18.798534 11.731233 1.000000e+37 1.000000e+37 0.000000
2544128 1890769 18606.595703 26296.810547 11506.333008 -159.773209 -196.845474 -30.862204 9.887553 1.000000e+37 1.000000e+37 0.000000
2565262 1921713 18417.478516 25226.171875 11009.104492 -215.850113 -143.453827 -3.461082 9.023735 1.000000e+37 1.000000e+37 0.000000
2565319 1921779 19055.507812 26010.363281 10682.093750 -236.013199 -147.538177 -41.629368 10.026701 1.000000e+37 1.000000e+37 0.000000
2565334 1921797 19215.492188 25952.943359 10826.025391 -151.312912 -210.019119 -43.222183 13.784330 1.000000e+37 1.000000e+37 0.000000
2587255 1955191 18681.175781 25333.037109 12198.927734 -253.835831 -81.941177 -90.391029 12.313389 1.000000e+37 1.000000e+37 0.000000
2587279 1955217 19108.947266 25075.982422 10662.584961 -255.878326 -201.998245 3.438471 12.847514 1.000000e+37 1.000000e+37 0.000000
2609762 1991601 18550.875000 24915.806641 10534.302734 -250.796432 -25.808432 -70.305511 8.761335 1.000000e+37 1.000000e+37 0.000000
2609783 1991624 19300.003906 25863.210938 10829.367188 -134.292435 -204.069702 -3.729309 10.495539 1.000000e+37 1.000000e+37 0.000000
2632835 2031095 18177.966797 24749.753906 10535.220703 -222.426239 -0.638897 133.948639 11.323241 1.000000e+37 1.000000e+37 0.000000
2656451 2074575 18549.431641 24874.802734 11482.096680 -96.779961 -155.568085 -1.141598 7.943692 1.000000e+37 1.000000e+37 0.000000
2656473 2074601 17496.146484 24656.642578 11256.470703 -136.167648 -102.915466 -84.572777 11.773600 1.000000e+37 1.000000e+37 0.000000
2656474 2074602 17693.515625 24226.029297 10723.762695 -170.772110 58.402996 26.373749 9.798775 1.000000e+37 1.000000e+37 0.000000
2680783 2122208 18352.085938 24067.951172 11156.616211 -180.959198 -106.589622 39.071163 15.424465 1.000000e+37 1.000000e+37 0.000000
2705598 2174273 18535.931641 24996.197266 10757.304688 -264.567780 -150.822235 -66.024612 7.871468 1.000000e+37 1.000000e+37 0.000000
2705672 2174378 18467.712891 23964.570312 11216.542969 -267.679199 53.210846 10.093821 14.249128 1.000000e+37 1.000000e+37 0.000000
2705691 2174401 18096.158203 25258.324219 10863.484375 -88.601372 -229.678497 68.120346 9.315164 1.000000e+37 1.000000e+37 0.000000
2705693 2174403 19420.140625 25531.001953 10586.321289 -176.588547 -191.293091 -27.053440 11.323155 1.000000e+37 1.000000e+37 0.000000
2731294 2230762 18522.226562 24496.271484 11159.826172 -133.688126 -49.097519 141.124115 10.044538 1.000000e+37 1.000000e+37 0.000000
2731295 2230763 18129.228516 24592.849609 11206.529297 -176.924438 130.380142 -92.170311 10.795160 1.000000e+37 1.000000e+37 0.000000
2731296 2230765 18884.962891 25631.708984 11379.189453 -260.453827 -209.527802 -3.688767 11.633922 1.000000e+37 1.000000e+37 0.000000
2731308 2230780 17665.767578 24387.271484 11553.208984 -145.619598 -21.285578 -69.361076 6.395528 1.000000e+37 1.000000e+37 0.000000
2731316 2230789 18663.826172 25733.005859 10633.314453 -124.021233 -210.099243 41.630432 13.085529 1.000000e+37 1.000000e+37 0.000000
2731322 2230795 19170.281250 25938.689453 10819.687500 -120.777832 -211.782715 0.650966 11.952212 1.000000e+37 1.000000e+37 0.000000
2757699 2291223 18662.214844 24585.511719 9892.036133 -145.513962 4.159061 79.864349 9.847327 1.000000e+37 1.000000e+37 0.000000
2757777 2291325 18741.583984 24918.171875 11134.179688 -58.850136 -136.584732 45.677364 10.312657 1.000000e+37 1.000000e+37 0.000000
2757778 2291326 18651.941406 24777.535156 11371.996094 -390.034637 -33.968048 -129.083847 9.993629 1.000000e+37 1.000000e+37 0.000000
2757801 2291351 18306.792969 24341.771484 11006.511719 -1.660328 -105.226242 -145.518402 11.316696 1.000000e+37 1.000000e+37 0.000000
2784807 2355864 17993.601562 24801.167969 10226.968750 -108.078094 -158.298248 98.653458 11.217855 1.000000e+37 1.000000e+37 0.000000
2784873 2355969 18408.839844 24967.410156 11300.012695 -60.546722 -110.101181 100.655922 11.608745 1.000000e+37 1.000000e+37 0.000000
2784874 2355970 18687.855469 24970.613281 9921.178711 -167.728378 -71.207161 51.862144 14.173897 1.000000e+37 1.000000e+37 0.000000
2784877 2355974 18642.240234 24513.431641 11064.376953 -321.826996 -131.223007 -123.328819 15.048790 1.000000e+37 1.000000e+37 0.000000
2784878 2355975 19328.244141 25336.031250 10286.593750 -327.607147 -70.469368 -30.705585 9.322161 1.000000e+37 1.000000e+37 0.000000
2812855 2424424 18047.101562 24509.722656 11344.101562 -161.469238 -170.382385 64.532722 11.741457 1.000000e+37 1.000000e+37 0.000000
2812858 2424428 18446.599609 24423.349609 11317.653320 -128.082535 -186.203979 -19.746943 13.053530 1.000000e+37 1.000000e+37 0.000000
2812884 2424458 19411.710938 25626.761719 11819.329102 -226.110153 -110.873634 -105.582130 12.483506 1.000000e+37 1.000000e+37 0.000000
2871360 2571485 18514.179688 24877.501953 9905.809570 -206.574051 -22.989662 66.134727 10.590915 1.000000e+37 1.000000e+37 0.000000
2871361 2571486 18525.773438 24828.941406 11456.804688 -163.871078 -194.101059 35.316906 8.410308 1.000000e+37 1.000000e+37 0.000000
2871362 2571487 18566.906250 24890.275391 9864.856445 -197.970932 -36.081612 41.506660 11.912568 1.000000e+37 1.000000e+37 0.000000
2902112 2650072 18629.531250 24860.871094 10104.218750 -217.353607 3.848623 58.565464 10.609458 1.000000e+37 1.000000e+37 0.000000
2902162 2650127 17690.423828 24248.353516 11540.614258 -115.853447 -174.969513 -46.149437 11.517591 1.000000e+37 1.000000e+37 0.000000
2902201 2650168 19330.800781 25628.052734 11636.054688 -291.180908 -152.437256 -34.095161 11.344431 1.000000e+37 1.000000e+37 0.000000
2933831 2731870 17838.949219 24037.296875 10808.627930 -119.383125 -34.480446 14.195785 11.448118 1.000000e+37 1.000000e+37 0.000000
2966536 2817525 17763.437500 24235.337891 10579.581055 -148.152069 -21.082308 133.401413 10.920517 1.000000e+37 1.000000e+37 0.000000
2966537 2817526 18240.552734 24568.021484 10547.782227 -135.168900 0.428833 180.987488 12.837079 1.000000e+37 1.000000e+37 0.000000
2966653 2817690 19650.572266 25922.947266 10967.206055 -257.768616 -129.779617 -56.746353 11.101807 1.000000e+37 1.000000e+37 0.000000
3000708 2907454 18737.750000 25007.812500 10992.250000 -193.574493 16.434126 77.829338 9.126341 1.000000e+37 1.000000e+37 0.000000
3000710 2907456 18367.101562 24273.335938 10999.765625 -185.968689 116.544708 -69.974251 10.296456 1.000000e+37 1.000000e+37 0.000000
3000711 2907459 19203.763672 25102.371094 10231.715820 -335.200195 -67.034660 -33.834808 9.728167 1.000000e+37 1.000000e+37 0.000000
3000742 2907498 18006.822266 24471.675781 10731.499023 -198.653748 -15.242317 -43.694550 12.428142 1.000000e+37 1.000000e+37 0.000000
3035831 3001822 18450.332031 24054.177734 10697.143555 -286.966949 65.221672 9.410173 9.977439 1.000000e+37 1.000000e+37 0.000000
3035838 3001831 18881.396484 25224.925781 10979.060547 -288.176239 -182.553238 83.319664 10.539733 1.000000e+37 1.000000e+37 0.000000
3035869 3001870 18116.578125 25228.296875 10975.845703 -81.569763 -247.492722 46.808708 12.288780 1.000000e+37 1.000000e+37 0.000000
3035879 3001883 18777.412109 26031.175781 11285.492188 -141.434296 -215.445709 -29.285946 10.399266 1.000000e+37 1.000000e+37 0.000000
3072060 3100562 18759.748047 24853.611328 9998.032227 -206.166992 3.905443 22.068214 10.073432 1.000000e+37 1.000000e+37 0.000000
3072152 3100726 18664.330078 25036.208984 11205.421875 -142.999207 -87.142632 49.326538 10.196090 1.000000e+37 1.000000e+37 0.000000
3072154 3100730 18541.820312 25142.613281 11630.550781 -303.718933 -71.015594 -127.499084 11.353662 1.000000e+37 1.000000e+37 0.000000
3072187 3100769 18192.048828 24366.445312 11542.819336 -47.606182 -151.755280 -57.492241 10.668831 1.000000e+37 1.000000e+37 0.000000
3072188 3100770 18729.537109 26125.933594 10990.890625 -130.957001 -210.080261 -10.399371 10.600148 1.000000e+37 1.000000e+37 0.000000
3109544 3204321 18388.458984 23886.380859 11361.430664 -243.203522 20.578445 -0.378605 11.095342 1.000000e+37 1.000000e+37 0.000000
3109548 3204327 18577.167969 24898.490234 10642.140625 -312.944550 -2.540131 -26.057726 11.758953 1.000000e+37 1.000000e+37 0.000000
3109549 3204328 18554.156250 25247.373047 10987.454102 -217.156143 -227.866776 -91.164886 11.842098 1.000000e+37 1.000000e+37 0.000000
3109552 3204331 19077.878906 24961.134766 10851.829102 -379.231293 -54.802269 -24.921621 7.492171 1.000000e+37 1.000000e+37 0.000000
3109583 3204379 18734.355469 24804.384766 10793.137695 -253.886658 68.774429 -99.587448 12.982639 1.000000e+37 1.000000e+37 0.000000
3148236 3312979 18749.513672 24252.644531 10110.185547 -125.035095 -76.849220 117.257645 9.681551 1.000000e+37 1.000000e+37 0.000000
3148239 3312984 18298.406250 24317.865234 10743.845703 -153.487534 57.197811 83.287636 11.488709 1.000000e+37 1.000000e+37 0.000000
3148335 3313143 18798.326172 25548.925781 11256.889648 -260.136200 -214.255066 15.653652 11.732965 1.000000e+37 1.000000e+37 0.000000
3188344 3427290 18577.662109 24398.791016 10710.457031 -255.868637 -39.595459 -54.539219 10.847775 1.000000e+37 1.000000e+37 0.000000
3188345 3427292 18425.738281 25020.779297 11011.799805 -87.131775 -351.815918 40.704437 10.955291 1.000000e+37 1.000000e+37 0.000000
3188346 3427293 18821.628906 24962.224609 10860.892578 -89.788223 -174.145599 -40.806744 8.303197 1.000000e+37 1.000000e+37 0.000000
3188351 3427299 18837.214844 25521.773438 10681.285156 -237.218811 -170.931442 52.154118 10.008188 1.000000e+37 1.000000e+37 0.000000
3188382 3427337 17398.611328 24592.851562 11594.233398 -113.735115 -155.553757 -40.360134 10.193323 1.000000e+37 1.000000e+37 0.000000
3188386 3427347 18739.332031 24702.187500 10190.465820 -251.825653 1.810981 35.101997 10.978547 1.000000e+37 1.000000e+37 0.000000
3188387 3427348 18160.902344 24520.876953 10401.554688 -126.502525 15.546997 144.081726 10.305965 1.000000e+37 1.000000e+37 0.000000
3188401 3427367 19304.593750 25511.363281 12300.175781 -175.711273 -154.487915 -81.969772 9.349183 1.000000e+37 1.000000e+37 0.000000
3188452 3427424 19503.722656 25801.353516 11364.951172 -260.216675 -151.908112 -31.380724 8.736579 1.000000e+37 1.000000e+37 0.000000
3229812 3547662 17960.105469 24569.324219 10713.911133 -56.333153 -10.640370 50.488552 10.662701 1.000000e+37 1.000000e+37 0.000000
3229815 3547666 18815.828125 25241.318359 11409.869141 -251.825485 -188.054047 -202.212357 12.142537 1.000000e+37 1.000000e+37 0.000000
3229843 3547706 17982.716797 24459.302734 10651.026367 -81.229393 8.675707 44.242004 10.036549 1.000000e+37 1.000000e+37 0.000000
3273160 3675273 19313.761719 24725.232422 10310.877930 -340.550385 -25.667114 -25.942991 11.855791 1.000000e+37 1.000000e+37 0.000000
3273162 3675278 18023.845703 24021.388672 11410.229492 -205.768967 30.734573 -30.450686 10.599028 1.000000e+37 1.000000e+37 0.000000
3273165 3675281 18273.449219 24360.373047 11285.991211 -172.669098 -146.299881 -82.383820 11.453268 1.000000e+37 1.000000e+37 0.000000
3273168 3675284 18852.177734 25586.765625 11526.074219 -239.140854 -204.048996 -83.934784 7.483394 1.000000e+37 1.000000e+37 0.000000
3273206 3675338 19291.183594 25217.537109 10951.639648 -223.950867 -206.258224 4.416726 10.418142 1.000000e+37 1.000000e+37 0.000000
3318124 3809386 18982.300781 24993.923828 10364.521484 -352.563293 -63.646915 -15.794971 8.779550 1.000000e+37 1.000000e+37 0.000000
3318125 3809389 18289.544922 24102.123047 10981.646484 -257.906067 79.309280 -3.368910 9.358294 1.000000e+37 1.000000e+37 0.000000
3318129 3809397 18940.802734 25475.800781 11167.938477 -324.466675 -151.861343 -145.362762 7.992429 1.000000e+37 1.000000e+37 0.000000
3318154 3809434 17892.730469 24516.654297 11316.215820 -86.200081 -4.228625 -70.945602 9.255789 1.000000e+37 1.000000e+37 0.000000
3318171 3809456 18401.898438 25295.660156 11685.494141 -145.019379 -216.548035 -90.257996 8.622531 1.000000e+37 1.000000e+37 0.000000
3364923 3951582 18712.167969 24507.750000 11176.074219 -108.470795 -170.864517 -105.842377 10.692629 1.000000e+37 1.000000e+37 0.000000
3364930 3951592 18769.511719 24934.675781 11838.587891 -319.567505 -56.113892 -88.618500 10.199425 1.000000e+37 1.000000e+37 0.000000
3364966 3951645 17942.562500 23940.009766 11389.459961 -152.443680 26.829330 -24.936827 10.355471 1.000000e+37 1.000000e+37 0.000000
3364969 3951648 18278.843750 24426.757812 12232.886719 -216.735260 -62.578362 -85.893394 9.988272 1.000000e+37 1.000000e+37 0.000000
3413545 4102444 18732.207031 24875.281250 10030.622070 -116.285133 -166.187607 89.390892 10.033311 1.000000e+37 1.000000e+37 0.000000
3413547 4102446 18146.173828 24101.576172 10623.273438 -127.125053 -15.144478 46.616947 10.899477 1.000000e+37 1.000000e+37 0.000000
3413662 4102681 18634.312500 24783.699219 9850.223633 -200.017792 -21.535164 23.796932 11.922213 1.000000e+37 1.000000e+37 0.000000
3413701 4102736 17419.148438 24699.341797 11775.153320 -165.082703 -69.257469 -89.196739 11.013676 1.000000e+37 1.000000e+37 0.000000
3413717 4102761 19214.312500 25777.164062 10887.806641 -151.710648 -224.035416 -41.086666 11.491267 1.000000e+37 1.000000e+37 0.000000
3413719 4102763 18820.025391 25688.646484 11829.383789 -161.991409 -202.377167 -79.228882 9.249700 1.000000e+37 1.000000e+37 0.000000
3464161 4262435 18179.929688 24392.689453 11218.562500 25.442310 -94.731361 11.271271 8.380726 1.000000e+37 1.000000e+37 0.000000
3464165 4262444 18205.070312 24606.945312 11179.222656 -352.865143 -59.484451 -111.911125 6.486713 1.000000e+37 1.000000e+37 0.000000
3464166 4262445 19250.107422 25166.062500 10246.903320 -333.217957 -72.375504 -35.167439 10.469010 1.000000e+37 1.000000e+37 0.000000
3464167 4262446 19619.572266 25387.851562 10807.533203 -326.355499 -63.753101 -32.251633 8.038697 1.000000e+37 1.000000e+37 0.000000
3464213 4262507 19194.345703 25685.621094 10883.564453 -143.802551 -230.064926 -41.211842 7.450518 1.000000e+37 1.000000e+37 0.000000
3464217 4262511 19279.380859 25391.728516 11809.613281 -192.294037 -140.377258 -110.640640 13.205635 1.000000e+37 1.000000e+37 0.000000
3516666 4432226 18694.851562 25347.681641 10265.158203 -244.447510 -150.168335 43.889465 11.373248 1.000000e+37 1.000000e+37 0.000000
3516700 4432283 17487.302734 24750.380859 11523.259766 -148.496582 -131.620544 -53.207100 12.065339 1.000000e+37 1.000000e+37 0.000000
3516701 4432288 17590.605469 24312.857422 11417.155273 -127.535347 -16.688560 -37.366573 8.950252 1.000000e+37 1.000000e+37 0.000000
3516706 4432297 18232.750000 24341.783203 11091.056641 -12.943479 -134.919113 -139.950806 11.974910 1.000000e+37 1.000000e+37 0.000000
3516707 4432298 18912.904297 24592.484375 10826.591797 -312.098053 -244.782883 22.800848 10.237599 1.000000e+37 1.000000e+37 0.000000
3516720 4432315 19234.363281 25213.091797 10671.214844 -288.134918 -152.574203 5.604163 9.545395 1.000000e+37 1.000000e+37 0.000000
3516722 4432317 19290.111328 25479.560547 11201.000977 -295.816162 -156.237732 -30.029524 9.773283 1.000000e+37 1.000000e+37 0.000000
3570893 4612588 18312.347656 25063.353516 10979.894531 -246.357193 -221.114014 -69.370728 12.639733 1.000000e+37 1.000000e+37 0.000000
3571041 4612885 19066.585938 25348.544922 11211.091797 -153.528183 -65.580299 8.033931 11.393844 1.000000e+37 1.000000e+37 0.000000
3571042 4612887 18939.501953 25021.611328 12451.473633 -273.627167 -81.846886 -57.577099 10.940074 1.000000e+37 1.000000e+37 0.000000
3571043 4612888 19382.316406 25164.759766 11830.921875 -317.887939 -59.767487 -46.114216 9.496118 1.000000e+37 1.000000e+37 0.000000
3571103 4612975 19028.416016 24972.863281 10642.467773 -292.808228 -175.670624 34.732883 5.942551 1.000000e+37 1.000000e+37 0.000000
3628257 4805385 18629.482422 24810.568359 10796.469727 -382.462708 -266.369415 70.038559 7.481975 1.000000e+37 1.000000e+37 0.000000
3628258 4805386 18370.095703 24302.750000 10438.692383 -141.243652 40.486198 95.278061 5.722686 1.000000e+37 1.000000e+37 0.000000
3628400 4805716 18340.791016 25021.158203 11213.994141 -300.207855 -143.060211 -201.945908 8.615021 1.000000e+37 1.000000e+37 0.000000
3628401 4805719 18460.255859 24066.771484 11161.433594 -272.580536 63.987694 -4.154289 10.124700 1.000000e+37 1.000000e+37 0.000000
3628407 4805728 18630.230469 25591.068359 10749.104492 -252.982391 -180.490051 4.405887 10.396726 1.000000e+37 1.000000e+37 0.000000
3628449 4805798 18490.162109 24499.085938 11500.583984 -163.272125 -177.400146 -30.728313 11.772228 1.000000e+37 1.000000e+37 0.000000
3628453 4805804 18781.380859 24694.093750 10671.205078 -171.941910 0.075753 -122.087776 10.626108 1.000000e+37 1.000000e+37 0.000000
3687821 5011169 18872.164062 24299.472656 10061.538086 -125.237854 -80.274078 103.741226 8.928036 1.000000e+37 1.000000e+37 0.000000
3687822 5011170 19068.400391 24533.232422 10009.844727 -175.127502 -7.013549 89.029793 11.488955 1.000000e+37 1.000000e+37 0.000000
3687999 5011546 18359.041016 24328.326172 11223.975586 -151.653229 -84.674667 91.438148 11.392855 1.000000e+37 1.000000e+37 0.000000
3688035 5011608 18493.806641 24147.091797 10920.919922 -186.447769 -114.025475 47.116322 11.390943 1.000000e+37 1.000000e+37 0.000000
3688037 5011617 18020.142578 25353.775391 10791.830078 -104.367455 -234.232208 45.170177 8.780029 1.000000e+37 1.000000e+37 0.000000
3688043 5011629 19163.251953 25301.187500 11677.324219 -202.750443 -141.035538 -136.059937 8.134649 1.000000e+37 1.000000e+37 0.000000
3750319 5231572 18526.455078 24597.738281 10030.450195 -203.041245 -120.397820 63.129028 8.799170 1.000000e+37 1.000000e+37 0.000000
3750468 5231930 18131.781250 24618.646484 11059.085938 -89.079750 137.683441 -73.640663 9.152409 1.000000e+37 1.000000e+37 0.000000
3750527 5232043 18146.009766 25693.150391 11442.091797 -131.917603 -215.131180 -27.218613 10.495628 1.000000e+37 1.000000e+37 0.000000
3815931 5468223 19098.394531 24930.011719 10010.226562 -147.458115 -24.036058 26.075251 9.376158 1.000000e+37 1.000000e+37 0.000000
3816090 5468604 18953.316406 25003.677734 10396.213867 -350.860229 -63.597095 -10.779112 9.879733 1.000000e+37 1.000000e+37 0.000000
3816094 5468613 18599.156250 24693.640625 12033.809570 -290.425659 -51.265621 -79.787231 9.738554 1.000000e+37 1.000000e+37 0.000000
3816095 5468615 18373.683594 24212.058594 12060.743164 -241.150360 -34.071045 -69.806152 8.271420 1.000000e+37 1.000000e+37 0.000000
3816096 5468617 18697.099609 24514.708984 10846.366211 -378.568634 -226.850067 68.976257 9.930881 1.000000e+37 1.000000e+37 0.000000
3816097 5468619 18834.820312 25059.296875 12403.680664 -251.563446 -111.148705 -65.266266 9.178785 1.000000e+37 1.000000e+37 0.000000
3816098 5468621 18403.400391 24320.615234 10992.898438 -235.733170 40.832043 31.482319 10.933078 1.000000e+37 1.000000e+37 0.000000
3816099 5468622 18862.355469 25773.939453 10660.893555 -131.664291 -199.113647 49.724258 10.403269 1.000000e+37 1.000000e+37 0.000000
3816144 5468697 17837.203125 24507.648438 11460.177734 -127.936020 -13.424837 -88.318550 9.324421 1.000000e+37 1.000000e+37 0.000000
3816149 5468710 18352.388672 24291.248047 11083.367188 -56.866146 47.823605 5.124199 11.713714 1.000000e+37 1.000000e+37 0.000000
3816155 5468721 17953.320312 24472.753906 11567.186523 -97.184113 -87.022049 -85.846336 9.204214 1.000000e+37 1.000000e+37 0.000000
3816169 5468741 19118.705078 25142.371094 11140.068359 -219.424042 -221.475296 26.500725 10.608446 1.000000e+37 1.000000e+37 0.000000
3816170 5468743 19172.923828 25223.878906 10780.418945 -206.245193 -235.095901 -11.467528 8.942330 1.000000e+37 1.000000e+37 0.000000
3816171 5468745 18412.541016 26308.832031 11539.902344 -153.514603 -194.758499 -19.937328 7.848673 1.000000e+37 1.000000e+37 0.000000
3884314 5721971 19125.156250 24378.257812 10246.801758 -148.790451 -74.275391 83.643028 8.061891 1.000000e+37 1.000000e+37 0.000000
3884316 5721975 19029.919922 24588.875000 10087.250000 -220.190125 26.007816 64.871643 8.402065 1.000000e+37 1.000000e+37 0.000000
3884338 5722010 18120.826172 24341.035156 10934.922852 -219.945526 120.267273 3.244446 8.298690 1.000000e+37 1.000000e+37 0.000000
3884511 5722415 18595.500000 23984.033203 10417.565430 -292.190582 43.272976 2.994632 8.762193 1.000000e+37 1.000000e+37 0.000000
3884512 5722417 18636.423828 25190.304688 11178.855469 -245.988007 -128.633759 -163.327347 10.226397 1.000000e+37 1.000000e+37 0.000000
3884515 5722428 18908.621094 25252.921875 11018.041016 -149.717773 -276.053497 22.508657 7.059642 1.000000e+37 1.000000e+37 0.000000
3884517 5722431 19416.472656 24859.939453 12122.119141 -301.996246 -62.075893 -36.010406 10.244344 1.000000e+37 1.000000e+37 0.000000
3884571 5722537 19058.324219 25459.097656 10870.092773 -139.972946 -223.284241 54.587856 7.828275 1.000000e+37 1.000000e+37 0.000000
3956923 5995989 18826.046875 24016.628906 10513.309570 -281.426392 56.157688 17.424438 8.454000 1.000000e+37 1.000000e+37 0.000000
3956933 5996002 18112.638672 24546.771484 11398.726562 -124.103447 -169.751617 62.769108 8.264974 1.000000e+37 1.000000e+37 0.000000
3956934 5996007 18396.099609 23699.792969 11433.606445 -274.239075 19.051590 6.159991 9.119161 1.000000e+37 1.000000e+37 0.000000
3956942 5996017 18727.632812 24558.492188 10888.615234 -106.381516 -21.286518 -204.042099 9.137952 1.000000e+37 1.000000e+37 0.000000
3956944 5996020 19049.734375 25479.970703 11201.691406 -220.961960 -206.107895 -62.435059 12.949509 1.000000e+37 1.000000e+37 0.000000
3956946 5996022 18808.332031 25184.640625 10959.515625 -272.296753 -207.343430 90.627121 9.879451 1.000000e+37 1.000000e+37 0.000000
3957012 5996126 17636.517578 24577.835938 11559.316406 -137.365616 -21.115362 -62.074013 8.064344 1.000000e+37 1.000000e+37 0.000000
3957128 5996279 19453.855469 26151.029297 11204.294922 -275.240540 -127.990852 -36.446381 8.135428 1.000000e+37 1.000000e+37 0.000000
4032777 6290833 18724.707031 25081.314453 11009.046875 -180.364120 -8.166079 25.149693 7.769402 1.000000e+37 1.000000e+37 0.000000
4032778 6290834 19161.109375 24958.085938 9965.084961 -191.516739 -93.874306 -23.912266 11.403218 1.000000e+37 1.000000e+37 0.000000
4032779 6290835 18758.251953 24523.724609 10204.652344 -159.950806 -19.686699 119.592041 9.435945 1.000000e+37 1.000000e+37 0.000000
4032801 6290876 17765.750000 24065.746094 10673.576172 -118.597099 -120.838104 97.256508 9.081965 1.000000e+37 1.000000e+37 0.000000
4032982 6291345 18164.955078 24613.865234 11340.426758 -107.166031 -181.031876 118.202042 8.770646 1.000000e+37 1.000000e+37 0.000000
4032983 6291349 18806.039062 24902.439453 11105.384766 -155.412720 -15.691236 76.173759 6.133867 1.000000e+37 1.000000e+37 0.000000
4032988 6291365 18973.671875 24379.058594 11474.033203 -338.573730 -24.304323 -51.729801 8.716910 1.000000e+37 1.000000e+37 0.000000
4032991 6291370 18667.669922 25569.675781 11617.454102 -238.594223 -99.841476 -132.481003 7.862880 1.000000e+37 1.000000e+37 0.000000
4032992 6291372 19042.146484 25438.734375 11160.227539 -304.545349 -108.646637 -46.733597 10.924920 1.000000e+37 1.000000e+37 0.000000
4032995 6291376 18809.068359 25118.730469 10949.250977 -322.205933 -176.224319 84.661880 6.187711 1.000000e+37 1.000000e+37 0.000000
4032996 6291378 18783.449219 25761.345703 10640.585938 -127.487091 -200.238159 50.114231 9.749157 1.000000e+37 1.000000e+37 0.000000
4033055 6291493 18369.810547 24344.566406 12191.341797 -206.427856 -69.223633 -90.788193 7.061977 1.000000e+37 1.000000e+37 0.000000
4033056 6291495 18371.568359 24308.947266 12034.056641 -203.552689 -80.104439 -100.060555 11.378482 1.000000e+37 1.000000e+37 0.000000
4033057 6291497 18963.519531 25140.470703 11527.175781 -150.914398 -69.807045 -9.858208 11.448717 1.000000e+37 1.000000e+37 0.000000
4033070 6291517 17956.171875 24256.076172 10877.889648 -79.907043 -22.539858 27.420837 6.989656 1.000000e+37 1.000000e+37 0.000000
4033087 6291547 19448.191406 25561.718750 10468.256836 -210.755798 -159.931473 -32.634739 12.282848 1.000000e+37 1.000000e+37 0.000000
4112623 6611109 18003.984375 24416.080078 11289.903320 -174.449844 -174.932068 40.048801 6.953228 1.000000e+37 1.000000e+37 0.000000
4112627 6611130 19142.439453 25785.757812 10758.006836 -260.319977 -143.999008 -32.641594 7.529003 1.000000e+37 1.000000e+37 0.000000
4112684 6611245 18012.740234 24898.326172 11645.159180 -226.059906 -136.925964 3.706317 11.838613 1.000000e+37 1.000000e+37 0.000000
4112693 6611258 18293.083984 24576.207031 10674.597656 -62.138115 -19.534075 63.941292 11.873320 1.000000e+37 1.000000e+37 0.000000
4112712 6611286 17991.371094 24781.779297 11046.891602 -171.058594 22.081444 -22.181488 12.381075 1.000000e+37 1.000000e+37 0.000000
4112714 6611289 18801.435547 26022.568359 11232.654297 -145.486542 -215.043289 -27.152161 8.420687 1.000000e+37 1.000000e+37 0.000000
4112715 6611290 17596.728516 25319.357422 12096.193359 -171.141022 -184.150330 -52.115990 8.653716 1.000000e+37 1.000000e+37 0.000000
4195815 6958774 18633.052734 24471.480469 10857.717773 -412.996002 -182.217087 32.537506 11.061895 1.000000e+37 1.000000e+37 0.000000
4196046 6959433 18807.242188 24850.134766 9933.277344 -196.885773 0.000022 16.659185 8.765933 1.000000e+37 1.000000e+37 0.000000
4196052 6959452 18906.828125 25675.937500 11281.952148 -190.602966 -156.551361 -88.119057 10.503487 1.000000e+37 1.000000e+37 0.000000
4196053 6959456 18999.689453 25743.025391 11356.722656 -291.948669 -163.222382 -17.790537 6.759153 1.000000e+37 1.000000e+37 0.000000
4196054 6959462 18181.212891 25030.171875 11252.594727 -123.978035 -129.179825 -40.255924 10.964789 1.000000e+37 1.000000e+37 0.000000
4196055 6959464 18859.185547 25091.244141 10995.596680 -183.839737 -290.387329 16.567024 7.515114 1.000000e+37 1.000000e+37 0.000000
4196107 6959568 18624.031250 24193.568359 10715.978516 -250.418533 -131.272903 -29.011795 12.389081 1.000000e+37 1.000000e+37 0.000000
4196116 6959585 18542.984375 24974.849609 11162.693359 -354.229645 -277.388092 43.257080 10.640353 1.000000e+37 1.000000e+37 0.000000
4196118 6959589 18839.138672 25091.349609 10487.254883 -226.318146 -89.654366 91.925896 10.322199 1.000000e+37 1.000000e+37 0.000000
4196119 6959591 18637.683594 24697.916016 10098.118164 -172.003525 18.416943 82.608185 9.567534 1.000000e+37 1.000000e+37 0.000000
4196126 6959605 17809.556641 23925.310547 10876.561523 -125.139709 -49.440071 10.515502 6.169934 1.000000e+37 1.000000e+37 0.000000
4196130 6959611 18155.257812 25168.875000 10805.597656 -83.061218 -235.204987 86.226196 7.660067 1.000000e+37 1.000000e+37 0.000000
4196131 6959612 17748.304688 24932.662109 11038.287109 -67.437637 -199.995834 47.482132 10.049872 1.000000e+37 1.000000e+37 0.000000
4196146 6959642 19125.560547 25501.406250 10801.355469 -132.641617 -221.114319 32.293015 9.483990 1.000000e+37 1.000000e+37 0.000000
4196147 6959644 19219.835938 25683.902344 10867.966797 -153.488785 -226.597885 -42.484001 9.804277 1.000000e+37 1.000000e+37 0.000000
4196149 6959648 18315.361328 26234.707031 11512.090820 -149.355469 -195.192978 -16.794178 8.880803 1.000000e+37 1.000000e+37 0.000000
4282139 7337579 18804.363281 24492.644531 10702.657227 -109.443199 -191.556396 -25.352663 9.912303 1.000000e+37 1.000000e+37 0.000000
4282171 7337642 18112.908203 24294.833984 10616.455078 -78.238548 -21.375900 99.353325 10.382110 1.000000e+37 1.000000e+37 0.000000
4282174 7337651 17818.974609 23971.027344 11048.803711 -119.520622 -67.691101 57.081009 5.620713 1.000000e+37 1.000000e+37 0.000000
4282379 7338331 18701.982422 24843.667969 9906.214844 -231.994415 15.381899 51.855747 10.340297 1.000000e+37 1.000000e+37 0.000000
4282390 7338349 18579.091797 25062.666016 10745.180664 -246.366699 -106.297363 174.440598 7.713767 1.000000e+37 1.000000e+37 0.000000
4282391 7338352 18781.873047 24976.810547 12342.906250 -264.990295 -112.332069 -73.978432 9.652031 1.000000e+37 1.000000e+37 0.000000
4282393 7338358 18431.664062 25448.269531 11275.862305 -249.131561 -135.346054 -83.250465 10.048868 1.000000e+37 1.000000e+37 0.000000
4282486 7338550 19232.384766 25350.677734 11759.101562 -194.637207 -139.648605 -122.205002 7.544698 1.000000e+37 1.000000e+37 0.000000
