#subID	 x	 y	 z	 vx	 yv	 yz	 vmax	 B_MAG
#subID	 kpc/h	 kpc/h	 kpc/h	 km/s	 km/s	 km/s	 km/s	 mags
408565 70609.828125 68989.007812 69815.171875 191.761993 -157.497955 -130.415146 187.629517 -2.087004e+01
408566 70764.546875 68684.523438 69654.460938 84.500320 -106.625793 -101.216820 167.142242 -2.109643e+01
408567 70444.632812 69023.203125 69905.414062 75.757439 -148.025696 -156.195633 25.910959 -8.906758e+00
408568 70526.835938 69170.351562 69836.640625 144.450943 -88.379616 -181.197113 22.981543 1.000000e+37
408569 70645.578125 68939.015625 69934.429688 310.303772 -72.678436 -60.548882 23.608543 -8.692564e+00
408570 70613.796875 69024.429688 69996.281250 174.411469 -25.572708 -123.213509 16.329542 1.000000e+37
408571 70765.093750 68693.187500 69591.296875 204.562820 -144.555618 84.233498 17.546068 1.000000e+37
408572 70647.460938 68610.859375 69611.273438 51.732414 -25.348907 -110.669601 15.910357 1.000000e+37
408573 70665.289062 69031.648438 69868.179688 267.007141 -29.903530 -171.834595 22.616182 -9.026404e+00
408574 70666.250000 69013.757812 69814.625000 342.142456 -157.929016 6.812396 18.039295 -1.004992e+01
408575 70529.429688 68956.234375 69721.804688 166.674118 -188.242462 -62.559513 21.509035 1.000000e+37
408576 70728.039062 68772.148438 69606.734375 28.919018 -35.718399 6.602434 14.485919 1.000000e+37
408577 70504.257812 68970.414062 69862.460938 229.953903 -61.687630 -44.573402 15.014825 1.000000e+37
408578 70542.281250 68933.367188 69900.265625 221.779724 -297.651581 -53.345493 14.070046 1.000000e+37
408579 70652.000000 68815.867188 69773.445312 65.849953 -82.508728 -15.970635 9.040494 1.000000e+37
408580 70712.492188 68976.648438 69782.812500 176.189102 -277.308258 -132.500000 19.901733 1.000000e+37
408581 70605.460938 68931.750000 69825.437500 78.115631 -12.682984 -150.312424 16.667934 1.000000e+37
408582 70865.289062 68678.710938 69714.750000 93.486404 -152.199722 8.680889 12.246912 1.000000e+37
408583 70552.015625 68919.773438 69874.109375 142.878799 -195.758713 -217.364426 16.932356 1.000000e+37
408584 70530.109375 69126.750000 69785.960938 138.189423 -120.175171 -252.894516 10.146894 1.000000e+37
408585 70653.328125 68938.570312 69759.007812 230.959625 -90.268158 21.943293 12.761243 1.000000e+37
408586 70595.335938 68955.960938 69759.125000 65.684029 -287.500031 1.795623 11.506228 1.000000e+37
408587 70573.164062 69025.242188 69883.484375 287.587708 -21.655516 -180.408112 13.027235 1.000000e+37
408588 70875.179688 68621.593750 69659.437500 -37.807907 -59.778881 -113.362183 9.733205 1.000000e+37
408589 70624.382812 68901.265625 69774.335938 340.762939 -138.998459 -77.755867 11.539031 1.000000e+37
408590 70759.781250 68600.101562 69591.382812 83.020370 37.533909 -159.765015 11.222806 1.000000e+37
408591 70578.218750 68976.671875 69814.929688 389.996277 59.098179 -121.398422 14.315000 1.000000e+37
408592 70617.539062 69051.507812 69963.742188 182.441086 -15.563312 -154.002930 6.976914 1.000000e+37
408593 70568.203125 68901.164062 69627.187500 186.573532 -207.382309 25.403301 6.732255 1.000000e+37
408594 70552.359375 69049.734375 69870.960938 214.819534 -223.390137 -214.717850 7.845015 -9.373992e+00
614784 69858.578125 69076.789062 70554.070312 208.222305 -101.053223 -130.254761 66.555847 -1.744838e+01
614785 69845.585938 69153.703125 70590.109375 218.407059 -146.337601 -98.155037 17.298790 1.000000e+37
614786 69825.335938 69096.679688 70512.179688 247.849213 -74.593468 -176.644638 16.255606 1.000000e+37
614787 69837.968750 69131.187500 70544.453125 203.519470 -103.293770 -84.504173 11.215370 1.000000e+37
614788 69826.664062 69080.656250 70497.289062 163.315582 -84.845032 -93.270996 10.120050 1.000000e+37
635560 70574.734375 69184.843750 70338.179688 113.491226 -151.874939 -179.237442 70.238716 -1.666247e+01
635561 70637.718750 69171.953125 70401.921875 116.818497 -181.349533 -211.855759 9.769616 1.000000e+37
635562 70568.421875 69187.757812 70319.226562 132.176468 -170.899323 -209.349579 16.235285 -9.171991e+00
639464 69735.593750 67350.273438 69673.867188 189.767349 -124.755981 -134.638947 60.465450 -1.564850e+01
639465 69754.773438 67344.687500 69654.937500 153.821548 -113.938309 -141.345139 37.972569 -1.316347e+01
639466 69739.695312 67406.429688 69682.281250 186.293900 -177.960693 -112.228416 16.262980 1.000000e+37
639467 69761.437500 67411.570312 69658.187500 168.643204 -169.387741 -117.734177 8.740945 1.000000e+37
639468 69711.031250 67283.203125 69676.976562 191.239105 -74.935608 -115.144096 8.694715 1.000000e+37
644405 69736.898438 70370.695312 69495.750000 130.843033 -159.378937 -98.988937 68.155479 -1.641707e+01
644406 69810.976562 70365.882812 69543.664062 103.078728 -176.763016 -86.423386 11.789994 1.000000e+37
647864 70629.281250 67035.710938 69921.921875 166.100372 -116.628014 -152.284332 65.602921 -1.619363e+01
647865 70685.695312 67018.414062 69921.585938 197.343307 -120.498360 -129.218323 9.096358 1.000000e+37
647866 70616.390625 67084.218750 69910.679688 126.777588 -163.947418 -162.839371 9.341917 1.000000e+37
655260 70139.062500 69770.906250 69168.476562 138.461258 -166.845871 -88.390686 61.710670 -1.533960e+01
655261 70122.414062 69727.648438 69162.031250 145.576111 -165.444214 -62.287643 15.675800 1.000000e+37
655262 70115.953125 69764.664062 69208.601562 136.001465 -175.660248 -83.273849 16.761242 1.000000e+37
655263 70110.382812 69797.039062 69110.578125 77.297615 -213.913315 -87.813171 8.639828 1.000000e+37
697185 70170.445312 69431.617188 68018.703125 122.705399 -177.766525 -131.681183 38.100994 1.000000e+37
697186 70098.375000 69413.335938 67968.023438 139.117447 -201.133179 -103.872581 33.013680 -1.030175e+01
697187 70159.851562 69428.656250 68026.609375 160.621902 -173.481140 -115.479500 37.335632 1.000000e+37
697188 70059.867188 69411.593750 67970.968750 140.370651 -176.040100 -99.160416 9.599083 1.000000e+37
698075 70462.203125 67572.765625 68224.914062 197.350693 -134.442337 -151.943771 56.346539 -1.407421e+01
702717 71831.976562 68191.007812 69719.218750 121.397934 -157.564713 -141.132645 45.546436 -1.312551e+01
702718 71812.539062 68189.625000 69715.445312 111.131630 -165.766891 -98.934456 31.510496 -8.849541e+00
702719 71852.203125 68207.453125 69719.156250 117.064468 -169.390472 -107.725349 29.682081 1.000000e+37
702720 71843.648438 68220.101562 69734.414062 95.443237 -124.889091 -169.823822 13.272293 1.000000e+37
702721 71833.226562 68185.554688 69747.328125 138.322952 -119.307915 -153.172745 11.499070 1.000000e+37
722643 70312.031250 68660.484375 69726.015625 246.665665 -61.660595 -123.060883 49.061058 -1.296489e+01
722644 70289.023438 68617.734375 69763.851562 217.301544 -65.935287 -117.431953 16.335724 1.000000e+37
722645 70361.843750 68673.226562 69724.789062 211.552872 -48.435600 -86.075287 11.172894 1.000000e+37
738043 70455.804688 69325.320312 71283.507812 118.218193 -154.434952 -109.876366 54.252628 -1.326516e+01
738044 70452.304688 69334.257812 71272.406250 78.273682 -123.271172 -61.361607 13.181978 1.000000e+37
762149 70093.351562 70031.171875 69424.453125 137.819962 -159.425980 -107.452263 41.458851 -1.169320e+01
763954 70429.570312 67798.218750 68596.304688 199.062134 -124.665543 -143.230545 43.381310 -1.262042e+01
766009 70520.578125 70114.289062 68299.171875 78.008095 -185.152435 -120.911240 41.398746 -1.188360e+01
780372 70157.015625 70211.117188 69489.296875 144.486420 -154.015030 -115.283279 39.593330 -1.036026e+01
780373 70148.835938 70194.460938 69519.515625 146.401306 -182.345383 -131.397568 19.039274 1.000000e+37
831042 70424.187500 69612.257812 68452.046875 160.015091 -163.263153 -104.229317 34.577324 1.000000e+37
831043 70427.187500 69630.507812 68488.593750 159.883331 -174.516769 -126.164597 19.425650 1.000000e+37
831044 70413.640625 69617.812500 68467.304688 178.319061 -186.526550 -128.386261 18.345284 1.000000e+37
832756 70266.015625 70002.125000 68844.734375 76.918976 -196.197159 -105.310814 27.536682 1.000000e+37
832757 70237.554688 69982.968750 68864.015625 88.668686 -175.006729 -120.848213 25.244928 1.000000e+37
855163 70464.835938 68621.804688 69529.367188 176.855103 -151.582611 -32.798023 26.418608 1.000000e+37
855164 70456.070312 68586.632812 69495.601562 183.103745 -169.950653 -15.697659 21.546871 1.000000e+37
876891 69551.890625 69041.117188 70899.710938 206.000092 -94.715912 -128.138779 26.143221 1.000000e+37
876892 69541.351562 69063.468750 70881.570312 193.304016 -115.058899 -141.570374 10.889331 1.000000e+37
891496 71752.515625 67877.820312 68372.515625 140.331207 -177.695450 -139.844666 25.314234 1.000000e+37
897874 69819.500000 70401.031250 68694.656250 122.638046 -169.599167 -100.699265 31.825356 -8.489428e+00
907143 70150.414062 69888.937500 69305.109375 144.010681 -157.942688 -115.613533 26.334373 1.000000e+37
950039 70152.367188 68372.398438 69753.335938 218.688126 -75.145264 -125.329407 29.560654 -8.844937e+00
951716 70211.773438 70116.843750 69112.921875 168.879074 -166.286285 -92.297134 25.927254 1.000000e+37
956980 70675.335938 69457.125000 70883.234375 139.023117 -138.577179 -140.089020 26.079523 1.000000e+37
975858 71251.046875 69110.804688 70933.898438 125.140137 -145.432678 -124.302139 21.485382 1.000000e+37
975859 71262.281250 69106.906250 70925.773438 123.570190 -145.440186 -114.264908 16.624279 1.000000e+37
981504 69558.375000 69010.117188 70685.257812 203.021896 -118.435143 -133.854797 24.663452 1.000000e+37
985475 69949.812500 69556.734375 70816.000000 194.209305 -127.921364 -120.375481 23.890900 1.000000e+37
997010 70803.078125 67328.875000 70112.093750 158.782974 -118.013046 -166.192078 25.489100 1.000000e+37
997011 70826.476562 67360.765625 70129.625000 143.845596 -127.076050 -155.042877 10.541451 1.000000e+37
1059145 71343.929688 68944.679688 70772.367188 120.464020 -148.225296 -122.092293 20.018717 1.000000e+37
1059146 71337.007812 68938.218750 70780.796875 126.503197 -148.012970 -131.792847 14.782801 1.000000e+37
1063949 69582.992188 67163.695312 69933.429688 197.334000 -129.083420 -153.536499 19.265295 1.000000e+37
1084794 70870.328125 68226.046875 68417.859375 139.770737 -161.560455 -124.226105 22.982351 1.000000e+37
1089463 71279.882812 68035.343750 69180.750000 90.416992 -190.862244 -104.431946 24.608742 1.000000e+37
1115584 70075.976562 70137.593750 70185.828125 167.980988 -144.020386 -93.385574 21.950993 1.000000e+37
1116371 70043.000000 67958.968750 69616.609375 199.095688 -103.710922 -133.538605 23.195385 1.000000e+37
1125377 70545.687500 68447.445312 68218.976562 120.361008 -204.775818 -124.340652 22.210535 1.000000e+37
1138434 70301.250000 69478.937500 68051.062500 119.815956 -173.771240 -117.650444 16.584019 1.000000e+37
1138435 70317.679688 69510.179688 68068.703125 114.824051 -169.031433 -116.629799 10.762169 1.000000e+37
1170895 70432.796875 66909.117188 70150.851562 170.930313 -114.653389 -167.266663 18.982983 1.000000e+37
1182877 70368.875000 69551.070312 70736.429688 159.916031 -143.848602 -135.884476 19.332312 1.000000e+37
1183960 70834.953125 68514.882812 68332.296875 155.890381 -168.319199 -115.391449 17.497824 1.000000e+37
1183962 70026.640625 70213.390625 70221.148438 170.386566 -147.998734 -95.666100 20.740040 1.000000e+37
1186035 70464.023438 69563.937500 68095.250000 145.891937 -168.199646 -132.452255 21.805239 1.000000e+37
1195049 71368.750000 68425.718750 69607.203125 75.881302 -155.957748 -136.196014 21.887081 1.000000e+37
1197400 70799.929688 68905.070312 69639.679688 33.484440 -93.607780 -134.551270 13.108890 1.000000e+37
1208126 71475.835938 68231.070312 69019.226562 110.948250 -162.898056 -108.827339 21.921343 1.000000e+37
1208127 69340.734375 69211.703125 70913.625000 211.068802 -121.496689 -92.412987 18.655951 1.000000e+37
1216807 70590.421875 68400.406250 67975.320312 114.635506 -207.659393 -130.407135 22.185793 1.000000e+37
1216808 70730.664062 68528.867188 69511.515625 146.908585 -76.458672 -20.230263 17.166054 1.000000e+37
1216809 70721.906250 68510.453125 69505.218750 157.346802 -119.225380 -3.349499 15.112840 1.000000e+37
1225733 69760.437500 70596.867188 70140.351562 122.605759 -135.299316 -98.619629 21.434975 1.000000e+37
1227124 70762.492188 68806.539062 68189.085938 166.989548 -180.053055 -119.911964 22.378288 1.000000e+37
1243589 69867.976562 70237.375000 69544.203125 113.224953 -157.024399 -81.876709 18.839880 1.000000e+37
1249290 70663.914062 69348.078125 70745.382812 115.683891 -139.235840 -154.036896 20.843891 -8.443479e+00
1274864 70985.945312 67956.726562 67911.593750 116.282921 -196.305695 -145.367828 20.650345 1.000000e+37
1296524 69701.062500 67219.203125 69817.625000 204.673843 -119.332291 -148.937790 16.282389 1.000000e+37
1296525 69720.953125 67227.484375 69829.703125 181.272598 -118.926010 -160.731888 8.825395 1.000000e+37
1303524 70591.390625 68398.507812 68370.210938 133.590378 -190.173355 -121.709526 18.524893 1.000000e+37
1305281 70665.773438 69259.375000 69833.148438 212.247452 -130.828995 -163.606125 10.227992 1.000000e+37
1305282 71865.953125 68331.796875 70688.554688 140.571304 -150.490814 -117.923325 19.567881 1.000000e+37
1307136 69987.406250 70006.429688 69125.554688 133.542114 -177.982025 -76.367462 19.311640 1.000000e+37
1310786 70673.398438 68216.468750 68670.968750 138.909317 -166.018784 -109.272041 19.588207 1.000000e+37
1337753 70006.054688 69065.539062 70518.390625 190.963531 -87.982750 -157.100174 20.371424 1.000000e+37
1337754 69992.257812 69047.132812 70510.453125 192.703461 -75.263206 -166.914734 10.171402 1.000000e+37
1339779 70929.664062 68635.671875 68675.960938 170.538391 -166.315125 -97.466042 18.956881 1.000000e+37
1339780 69708.164062 69957.312500 69422.132812 117.405571 -168.064423 -99.314796 14.519854 1.000000e+37
1339781 69706.234375 69945.507812 69436.648438 109.149818 -156.814117 -97.127304 10.728891 1.000000e+37
1345860 69872.328125 70342.593750 70945.226562 176.055176 -108.632149 -94.078239 13.794772 1.000000e+37
1362770 70492.523438 69000.046875 69980.320312 154.776321 -217.110107 -216.449829 16.713545 1.000000e+37
1362771 70480.953125 69015.156250 70010.703125 118.891335 -206.893967 -98.547966 6.618685 1.000000e+37
1364965 71046.765625 68487.960938 70451.257812 115.274521 -148.239899 -150.423386 19.448011 1.000000e+37
1378387 70940.140625 68255.992188 68261.398438 136.883087 -157.296661 -125.672592 16.799126 1.000000e+37
1394610 70483.414062 68229.289062 70074.632812 171.823166 -74.756546 -165.078842 17.450941 1.000000e+37
1406812 71114.234375 68200.710938 67854.054688 125.366867 -173.961411 -151.542786 19.013950 1.000000e+37
1409254 70722.031250 68184.539062 67943.234375 191.130325 -137.382141 -148.481003 11.351457 1.000000e+37
1409255 70691.968750 68178.875000 67941.210938 203.575729 -137.616669 -149.070511 10.590228 1.000000e+37
1409256 70857.218750 68455.851562 68072.132812 156.370026 -165.892624 -128.558105 18.307247 1.000000e+37
1414340 70423.375000 68278.562500 69176.398438 208.344955 -100.168770 -106.094574 17.637461 1.000000e+37
1432907 70639.906250 69308.773438 70018.554688 213.704285 -123.264854 -184.261063 21.411322 1.000000e+37
1435527 70407.765625 68768.414062 69732.062500 235.582443 -166.107468 -229.908356 18.317163 1.000000e+37
1438223 70718.078125 67209.117188 69983.296875 154.784500 -127.253761 -165.146683 17.577456 1.000000e+37
1455073 70421.140625 68983.789062 70673.195312 127.554565 -166.515457 -149.982910 17.811880 1.000000e+37
1469728 69398.031250 69053.804688 71123.765625 192.423981 -99.118019 -121.645485 13.100401 1.000000e+37
1482088 69965.242188 67776.625000 69670.976562 198.704651 -111.386856 -133.157028 19.505026 1.000000e+37
1485305 70788.242188 68531.531250 68500.429688 169.056473 -169.671814 -109.902824 13.700705 1.000000e+37
1488415 70590.734375 68879.367188 67710.382812 143.341965 -181.066071 -142.806580 15.725506 1.000000e+37
1488416 71902.875000 68416.382812 70704.296875 135.372467 -161.770462 -110.784401 12.737103 1.000000e+37
1488417 71899.156250 68444.320312 70723.953125 129.771622 -155.227692 -121.016304 12.761702 1.000000e+37
1491615 70628.835938 68331.062500 68139.164062 110.308670 -197.817993 -130.441696 16.260227 1.000000e+37
1494822 70558.390625 69065.460938 69552.625000 183.037552 -133.266373 -79.432304 13.729747 1.000000e+37
1494823 70558.164062 69045.031250 69523.414062 191.746246 -128.932785 -93.577927 6.808568 1.000000e+37
1497986 70619.914062 69334.250000 69855.476562 197.446594 -155.014221 -186.852310 20.698711 1.000000e+37
1504614 70849.671875 68372.234375 67877.187500 155.279236 -183.668427 -132.451523 14.597500 1.000000e+37
1507958 70829.125000 68832.640625 69823.585938 110.686691 -171.632187 -136.433197 26.533031 -1.023460e+01
1514621 72310.070312 67712.242188 69315.296875 153.388214 -176.636948 -123.495384 17.586918 1.000000e+37
1518033 69996.531250 67916.929688 69719.562500 205.535706 -104.997696 -134.455368 15.923746 1.000000e+37
1521386 70809.179688 68873.414062 69150.179688 175.707840 -118.633934 -59.201420 17.205633 1.000000e+37
1521387 70315.570312 69981.906250 68747.625000 73.488136 -180.806198 -102.329163 15.827529 1.000000e+37
1535476 70744.960938 68860.171875 68072.953125 166.046844 -181.274506 -119.326721 16.990200 1.000000e+37
1535478 70815.343750 68418.843750 69586.718750 89.635033 -53.778477 -169.159668 18.676573 1.000000e+37
1553927 69855.062500 70294.007812 68539.734375 123.896324 -166.633759 -101.134392 15.391140 1.000000e+37
1557826 69455.109375 67731.492188 70104.492188 180.353943 -115.660591 -147.364761 16.835846 1.000000e+37
1561652 69940.195312 69474.281250 69473.132812 143.670273 -185.407013 -108.527725 19.367458 1.000000e+37
1561653 70072.273438 70079.164062 68241.687500 125.791100 -171.572601 -117.803963 13.749301 1.000000e+37
1569605 69829.304688 70394.250000 69368.210938 104.992668 -164.957489 -112.274651 18.183115 1.000000e+37
1573553 70966.945312 68573.750000 68348.164062 164.711121 -158.934372 -119.040581 15.612910 1.000000e+37
1577580 70752.906250 68810.890625 69833.421875 107.432137 -139.890625 -204.296219 14.449223 1.000000e+37
1615461 70496.531250 67210.273438 70699.507812 165.934906 -116.264511 -151.024124 16.162266 1.000000e+37
1667416 70241.179688 68270.257812 69622.281250 198.205154 -75.966370 -117.733505 18.084221 1.000000e+37
1698517 71366.601562 68337.765625 70133.406250 109.021568 -140.417252 -150.815872 15.772586 1.000000e+37
1703939 69694.031250 69568.531250 70465.617188 214.658463 -130.618973 -98.602127 15.663479 1.000000e+37
1709434 69821.679688 69041.507812 70749.429688 205.104553 -87.718575 -154.323792 14.331226 1.000000e+37
1720587 70887.125000 68550.859375 69477.710938 71.981178 -126.022240 -136.356339 23.012478 1.000000e+37
1720590 70211.554688 70152.992188 68758.882812 176.602585 -153.982025 -94.012009 14.468142 1.000000e+37
1726391 71079.359375 68058.617188 69663.398438 69.721008 -157.676331 -114.976494 12.994994 1.000000e+37
1744031 70691.070312 68687.476562 69396.906250 42.134331 -149.018448 -150.769272 16.532631 1.000000e+37
1744032 70417.539062 68653.546875 69697.382812 137.631226 -179.514893 -22.297077 13.280041 1.000000e+37
1750103 70148.304688 70263.070312 69012.523438 172.324509 -162.847107 -89.328514 14.974874 1.000000e+37
1762116 70247.851562 69983.414062 68918.757812 173.389725 -161.547928 -88.829353 12.376274 1.000000e+37
1793878 69826.703125 70384.164062 69885.992188 132.256943 -145.197769 -113.018280 17.284178 1.000000e+37
1800558 69945.585938 70422.640625 69380.085938 119.425743 -168.820557 -100.597458 15.672109 1.000000e+37
1800563 70345.671875 69503.398438 70234.742188 196.159866 -192.889816 -109.193802 15.483624 1.000000e+37
1807157 69926.406250 68000.789062 69313.773438 193.463699 -107.170937 -119.926514 15.493618 1.000000e+37
1807158 70560.015625 69292.914062 69892.750000 189.202515 -116.220932 -188.182495 15.337394 1.000000e+37
1807159 70998.890625 68443.734375 67866.890625 173.802536 -153.187073 -139.953125 12.863168 1.000000e+37
1820788 71989.695312 68114.984375 69739.789062 113.288528 -155.097504 -116.233681 14.459396 1.000000e+37
1842042 70879.757812 68522.328125 67890.101562 181.308685 -158.529724 -134.060333 12.451372 1.000000e+37
1842043 70424.890625 69319.773438 69899.945312 247.793228 -217.524826 -96.260567 11.984755 1.000000e+37
1849394 69854.718750 70250.468750 69297.367188 126.118614 -166.834351 -70.981689 15.945529 1.000000e+37
1856709 70063.195312 69413.203125 68391.906250 143.187332 -184.636795 -116.785454 14.651354 1.000000e+37
1856710 70297.484375 70132.390625 68416.375000 97.825966 -185.629608 -111.267754 11.872243 1.000000e+37
1871787 70536.679688 67926.828125 68136.101562 171.921616 -130.559464 -153.987076 13.406956 1.000000e+37
1879491 70828.195312 68752.789062 69850.539062 161.802002 -144.982117 -93.518768 15.136214 1.000000e+37
1887086 70937.976562 68346.398438 68366.203125 119.420311 -165.449097 -125.321053 10.692977 1.000000e+37
1887087 70744.570312 68283.148438 68721.500000 135.236938 -161.656693 -109.587021 17.075748 1.000000e+37
1903101 70265.140625 69233.187500 69236.445312 99.342384 -208.952377 -83.425369 13.743921 1.000000e+37
1911218 70625.625000 69693.546875 71604.914062 141.383026 -119.806557 -107.186134 12.023962 1.000000e+37
1911222 69548.898438 67251.000000 70122.726562 195.589340 -132.922501 -146.008148 16.569304 1.000000e+37
1911225 69964.015625 70384.210938 68521.937500 171.584427 -150.715240 -102.876968 14.241160 1.000000e+37
1919451 70852.671875 68654.835938 68161.125000 182.660522 -150.468033 -121.324165 12.804623 1.000000e+37
1927818 70562.710938 69379.734375 67782.148438 148.553696 -174.924835 -128.694031 15.630183 1.000000e+37
1927822 70774.765625 67294.851562 69986.039062 159.087112 -129.486694 -142.667862 12.237295 1.000000e+37
1945177 70278.343750 69025.250000 67708.054688 121.629158 -190.396927 -139.411728 14.492052 1.000000e+37
1962882 70571.804688 68762.765625 69575.453125 118.870728 -146.388641 -145.617630 14.680737 1.000000e+37
1972049 70604.078125 68942.523438 70014.390625 114.739281 -66.570648 -97.982819 11.234225 1.000000e+37
1972050 70791.570312 68671.523438 68603.156250 178.156403 -140.442169 -104.426880 15.279532 1.000000e+37
2000037 70414.546875 68340.445312 70062.031250 181.083252 -70.942070 -169.243881 12.554617 1.000000e+37
2029659 70919.609375 68791.195312 68141.320312 175.824097 -173.930298 -117.343948 12.651126 1.000000e+37
2029660 70235.734375 70073.046875 69020.171875 166.754593 -164.685074 -82.861389 11.859608 1.000000e+37
2029664 70570.257812 66873.218750 69405.085938 168.647446 -127.241112 -143.139038 13.037485 1.000000e+37
2029670 69993.023438 69798.437500 68479.195312 196.048798 -143.970932 -113.669777 14.899684 1.000000e+37
2050192 70768.023438 68732.296875 68458.773438 175.369186 -184.179871 -108.081985 15.167077 1.000000e+37
2050193 71267.929688 68569.937500 70775.671875 123.871185 -148.250702 -128.889053 15.092384 1.000000e+37
2050203 70050.859375 70261.054688 70446.578125 170.965363 -136.162155 -93.698929 13.500106 1.000000e+37
2060681 71669.304688 67924.625000 68571.898438 139.655014 -173.580292 -137.413147 14.471524 1.000000e+37
2060682 71489.843750 69068.789062 71290.867188 139.856567 -136.953400 -108.974533 13.609345 1.000000e+37
2060683 71193.898438 69283.320312 71193.515625 131.188568 -140.943573 -114.135178 15.630299 1.000000e+37
2060692 70243.382812 68422.906250 69905.312500 224.173248 -71.851608 -153.335632 14.329209 1.000000e+37
2082276 70444.203125 69015.265625 70773.500000 128.621628 -167.114197 -142.319351 13.996276 1.000000e+37
2093351 70900.070312 68724.765625 68589.921875 176.818970 -184.234619 -101.560623 15.443454 1.000000e+37
2093352 70458.804688 69588.359375 68834.531250 186.193268 -150.043320 -96.705475 11.815106 1.000000e+37
2093369 69922.679688 70506.265625 70604.023438 164.455734 -120.177185 -84.788399 13.571761 1.000000e+37
2093370 70937.054688 69263.125000 70205.796875 171.395874 -131.881668 -109.920013 16.149553 1.000000e+37
2104799 69572.445312 69116.421875 70918.085938 194.240799 -102.793839 -134.227585 13.254353 1.000000e+37
2116420 70767.335938 68817.781250 69028.429688 185.067978 -132.052826 -67.451309 9.949522 1.000000e+37
2116421 70666.648438 68782.710938 69600.757812 201.614273 -150.492432 25.524370 13.444175 1.000000e+37
2116425 70364.593750 69089.007812 70293.179688 228.062790 -102.033051 -172.157822 14.745739 1.000000e+37
2128007 70516.640625 67924.281250 68202.593750 195.037155 -141.293106 -145.128281 15.007802 1.000000e+37
2128013 71967.851562 67328.054688 69757.195312 184.761856 -124.724777 -148.949936 13.385964 1.000000e+37
2152268 70643.312500 68767.273438 69527.187500 187.860123 -146.095078 17.528456 10.642582 1.000000e+37
2152269 70047.726562 69567.500000 68495.671875 201.294708 -142.270691 -115.112320 14.055434 1.000000e+37
2152270 70704.015625 69351.445312 70713.632812 130.689987 -148.399399 -145.123627 15.040884 1.000000e+37
2164686 70024.320312 70583.257812 69659.070312 139.622833 -162.294083 -102.362885 12.622275 1.000000e+37
2177313 71724.281250 68695.367188 70940.031250 141.067856 -150.111679 -116.402412 13.021353 1.000000e+37
2190169 70301.445312 69174.164062 69876.796875 286.360199 -96.376663 -144.226135 11.967680 1.000000e+37
2190170 71046.789062 68655.148438 69841.617188 109.119804 -68.066269 -203.115417 13.084866 1.000000e+37
2203406 70461.500000 68755.335938 69955.679688 263.720093 -158.780853 -56.872429 13.803876 1.000000e+37
2216802 69591.070312 69061.179688 70786.265625 183.327103 -132.241074 -138.733810 11.915584 1.000000e+37
2230682 71026.093750 68500.492188 68366.031250 125.148933 -173.086594 -122.006096 11.010810 1.000000e+37
2230684 70149.554688 69174.531250 69891.570312 254.839417 -89.977409 -147.822037 13.914326 1.000000e+37
2244987 70164.906250 69064.687500 69482.195312 166.785385 -200.011658 -61.062424 12.039506 1.000000e+37
2244988 70404.929688 68681.937500 68264.195312 121.788101 -204.877762 -127.237671 11.452290 1.000000e+37
2244996 69416.007812 67246.085938 69835.578125 195.281693 -133.791122 -145.767517 10.174415 1.000000e+37
2245002 70401.890625 69172.445312 69991.898438 154.198563 -101.576485 -177.440826 16.057766 1.000000e+37
2273688 70110.851562 68341.500000 69728.179688 200.682724 -61.642715 -117.767128 12.700838 1.000000e+37
2273689 70945.648438 68742.539062 68881.140625 127.654442 -166.674820 -86.331848 13.349396 1.000000e+37
2273690 69818.593750 69825.929688 69605.398438 128.999359 -166.386780 -119.063843 13.591259 1.000000e+37
2288448 70923.609375 68334.523438 68401.789062 128.843155 -158.388336 -131.889557 12.158548 1.000000e+37
2288465 70208.398438 68481.210938 69631.031250 216.069626 -61.409378 -132.693619 11.956882 1.000000e+37
2303512 70744.492188 68782.234375 69136.398438 177.273056 -136.782440 -54.748852 12.129756 1.000000e+37
2303514 70687.007812 68296.625000 68899.460938 137.235596 -148.463791 -97.870277 13.560966 1.000000e+37
2303517 70337.804688 69590.218750 70766.820312 157.196793 -147.220322 -143.525879 10.786598 1.000000e+37
2318945 69398.710938 68927.500000 70668.179688 194.775223 -74.821861 -126.726921 12.515709 1.000000e+37
2335020 70761.140625 68762.750000 68946.882812 197.184204 -134.320145 -72.730080 10.320824 1.000000e+37
2335021 71107.679688 68479.218750 69874.242188 79.335930 -121.162689 -175.988876 12.509624 1.000000e+37
2351197 70643.312500 67710.781250 70103.734375 168.941055 -102.448631 -158.457275 12.986828 1.000000e+37
2367838 70427.953125 69042.281250 70809.000000 111.389320 -158.416138 -146.745850 13.507436 1.000000e+37
2367839 71700.453125 67731.382812 69866.203125 111.374229 -174.497513 -128.528625 12.841183 1.000000e+37
2367860 69490.414062 67292.968750 70227.867188 196.444077 -133.186264 -141.274597 12.998486 1.000000e+37
2367861 69615.195312 69011.382812 70910.515625 212.657471 -121.204155 -102.278961 10.993858 1.000000e+37
2402285 70896.953125 68653.343750 68977.609375 167.495895 -159.945496 -73.302444 10.985965 1.000000e+37
2420135 69859.000000 67434.320312 69693.562500 148.387604 -121.847168 -156.372635 12.887454 1.000000e+37
2420136 70904.570312 66916.570312 69717.140625 154.352310 -115.528564 -152.647568 13.361937 1.000000e+37
2420160 70609.460938 67959.390625 69008.312500 193.839035 -112.176903 -123.731544 12.138794 1.000000e+37
2438370 70009.515625 70305.601562 69037.625000 161.545319 -166.233582 -87.570808 11.358263 1.000000e+37
2438371 70178.351562 70222.367188 69581.164062 129.772980 -172.234436 -89.629448 13.561690 1.000000e+37
2438372 70208.578125 69134.171875 67878.132812 123.234016 -176.931122 -131.738022 13.747772 1.000000e+37
2438376 69673.187500 67341.632812 69614.859375 203.158005 -100.099579 -96.362396 11.012198 1.000000e+37
2438377 72169.898438 67389.507812 69534.070312 187.259613 -130.594986 -145.246994 12.117286 1.000000e+37
2476146 70004.781250 70204.609375 70346.093750 175.856018 -134.623138 -97.081680 11.566066 1.000000e+37
2476147 72381.546875 68231.054688 69499.007812 151.282257 -152.379807 -124.377655 14.808488 1.000000e+37
2476150 70377.914062 69836.937500 70712.742188 153.385376 -139.288986 -132.008591 10.841872 1.000000e+37
2476155 70897.609375 67340.085938 69254.500000 169.702637 -117.933044 -145.668777 13.138163 1.000000e+37
2495770 70257.101562 70088.476562 69848.468750 168.556641 -154.927856 -106.264420 12.919159 1.000000e+37
2495771 70020.656250 69442.007812 68652.031250 130.471176 -165.279282 -107.957047 13.409073 1.000000e+37
2495772 71449.093750 68169.093750 69627.750000 111.849007 -125.939102 -116.218887 12.783421 1.000000e+37
2495786 70028.046875 70183.085938 69124.773438 196.530487 -143.758835 -91.149834 13.891519 1.000000e+37
2515939 70276.679688 69311.500000 67806.609375 133.272018 -173.683090 -124.877274 14.084174 1.000000e+37
2515944 69818.500000 67795.359375 69809.968750 174.319473 -108.494293 -157.508072 11.754277 1.000000e+37
2515945 69458.210938 67536.164062 70007.257812 183.220978 -124.662888 -148.919907 11.847929 1.000000e+37
2536268 70015.429688 70554.015625 69250.406250 173.231293 -148.452942 -82.815605 12.497281 1.000000e+37
2536273 71796.164062 68224.648438 70698.789062 140.784271 -147.861282 -122.907822 12.118082 1.000000e+37
2557242 70163.609375 69360.890625 68122.125000 149.685257 -175.873672 -140.812790 15.147376 1.000000e+37
2557243 71192.703125 68068.593750 69281.117188 82.145226 -196.488831 -102.149696 9.253988 1.000000e+37
2578834 70754.234375 68850.421875 69555.414062 205.946823 -180.258835 -69.327057 14.093415 1.000000e+37
2578835 71799.476562 68385.648438 68904.468750 134.747162 -141.304428 -126.632568 11.471473 1.000000e+37
2578838 70382.625000 68736.171875 68010.828125 117.296745 -199.661331 -132.104111 10.438066 1.000000e+37
2578841 70085.906250 69631.187500 70931.382812 166.461258 -94.425400 -141.291214 11.348857 1.000000e+37
2601226 71281.148438 68627.437500 69479.156250 67.654182 -145.175201 -93.502647 11.947388 1.000000e+37
2601227 70333.492188 70002.250000 69455.492188 157.105972 -155.763550 -96.934303 10.930402 1.000000e+37
2601235 69458.789062 67212.289062 69880.976562 175.532547 -122.380348 -153.621414 11.918042 1.000000e+37
2623969 71212.476562 68224.617188 68481.687500 122.913574 -166.745621 -126.489609 12.711753 1.000000e+37
2623970 70259.062500 69914.476562 68941.882812 177.882721 -157.743683 -83.703239 10.359946 1.000000e+37
2623971 70968.375000 68148.132812 69643.781250 59.408424 -148.480392 -102.675537 12.129912 1.000000e+37
2647499 70480.375000 69248.695312 69688.359375 183.970200 -165.280975 -169.576248 15.629157 1.000000e+37
2647500 70721.796875 68748.328125 68946.070312 180.996094 -135.251389 -70.968895 10.114275 1.000000e+37
2647501 69983.937500 70185.039062 70556.734375 173.404800 -131.913712 -98.886147 7.735657 1.000000e+37
2647502 70402.234375 69641.242188 68704.867188 191.293121 -148.784668 -99.623291 10.313276 1.000000e+37
2647507 70567.953125 66860.804688 69687.828125 172.033157 -118.076462 -135.436218 11.226357 1.000000e+37
2647508 70846.132812 66932.335938 69759.921875 155.911896 -111.829552 -145.857468 12.506512 1.000000e+37
2647512 70334.632812 66912.195312 69192.742188 170.114105 -129.088974 -146.071198 10.236933 1.000000e+37
2671524 70807.523438 68863.960938 69907.726562 110.684181 -143.415085 -194.251297 14.351923 1.000000e+37
2671534 69963.585938 67683.023438 69327.328125 170.448502 -111.399712 -131.304138 11.258152 1.000000e+37
2696080 70216.187500 69728.765625 71035.148438 163.727585 -98.996246 -134.592148 10.433206 1.000000e+37
2696082 69397.609375 69040.148438 71170.007812 203.443436 -83.765266 -111.591682 8.285484 1.000000e+37
2721342 70245.187500 69148.867188 67926.960938 121.365631 -175.249664 -136.510818 9.732698 1.000000e+37
2721343 69586.210938 70374.242188 69545.828125 147.641769 -170.833725 -78.894424 13.609575 1.000000e+37
2721347 70246.617188 69740.750000 70965.039062 156.766693 -136.750397 -119.495407 9.568179 1.000000e+37
2721350 70362.007812 69048.804688 70108.781250 212.014313 -173.709229 -101.759453 13.450101 1.000000e+37
2747567 71754.507812 68550.414062 70543.742188 129.244797 -169.652466 -122.512489 11.535799 1.000000e+37
2774370 70755.882812 68639.460938 68728.437500 178.345703 -172.558487 -94.578163 10.527341 1.000000e+37
2774371 70735.453125 68597.601562 69000.234375 177.537552 -164.397232 -71.245087 12.085996 1.000000e+37
2774372 70321.718750 70013.039062 69422.515625 147.316971 -153.056015 -110.717957 12.760188 1.000000e+37
2774375 71288.421875 68380.367188 69363.757812 96.484909 -130.328079 -93.405792 12.033489 1.000000e+37
2774376 71359.828125 69347.132812 71609.140625 138.183334 -135.597458 -90.800636 13.372626 1.000000e+37
2774406 70446.468750 69623.601562 68783.679688 177.971207 -154.489548 -97.084305 12.238904 1.000000e+37
2802043 70954.546875 68525.328125 68099.226562 171.008545 -149.037704 -132.111313 9.306642 1.000000e+37
2802045 71243.578125 68206.718750 69107.328125 83.806229 -208.739716 -98.257614 11.790685 1.000000e+37
2802048 72294.867188 67903.421875 70144.929688 152.793671 -166.589142 -131.429886 10.782229 1.000000e+37
2802074 69838.476562 69989.703125 68422.726562 192.726807 -141.269775 -115.453857 10.054441 1.000000e+37
2830577 70775.757812 68629.960938 68060.328125 177.665207 -155.045059 -126.629074 10.682368 1.000000e+37
2830581 71844.093750 68044.945312 69540.726562 128.333542 -151.617798 -109.901550 10.872388 1.000000e+37
2859672 71641.289062 69507.453125 68448.500000 86.053154 -208.392822 -119.442581 12.410841 1.000000e+37
2859716 70309.500000 68768.859375 69375.929688 168.612213 -186.601715 -39.665531 9.756502 1.000000e+37
2859719 70197.429688 69565.617188 69323.101562 160.180252 -169.798996 -107.347054 11.287486 1.000000e+37
2859720 71149.937500 67903.710938 68523.765625 109.891876 -194.432236 -127.475601 9.554586 1.000000e+37
2859722 72230.687500 67458.039062 69766.921875 155.293289 -177.208298 -123.042038 13.089646 1.000000e+37
2890331 70524.882812 69767.515625 68413.460938 76.924698 -187.770493 -117.804489 11.114375 1.000000e+37
2890333 71675.648438 67992.023438 68486.921875 129.094116 -184.417435 -140.492554 10.024549 1.000000e+37
2921666 70665.179688 68820.921875 69567.523438 248.570816 -61.052017 -33.350368 10.709779 1.000000e+37
2921667 69894.437500 69734.773438 68976.960938 142.618744 -173.624344 -84.739098 11.801918 1.000000e+37
2921668 70665.523438 68658.390625 67993.601562 152.068832 -185.707108 -126.813759 12.542339 1.000000e+37
2921674 69633.125000 67599.562500 69718.671875 185.654526 -128.816833 -155.570938 11.746583 1.000000e+37
2954019 71888.718750 67911.460938 70816.546875 135.372665 -173.256912 -105.906334 12.128113 1.000000e+37
2954022 71596.359375 68615.046875 71204.445312 144.354828 -149.973145 -110.795242 9.635541 1.000000e+37
2954024 71207.859375 67497.320312 70006.062500 161.188400 -110.513466 -150.976486 10.985973 1.000000e+37
2954046 70108.695312 69886.929688 70727.507812 188.023041 -133.295715 -109.266357 10.080443 1.000000e+37
2987598 70938.109375 68301.031250 68247.820312 127.319298 -166.221146 -126.777924 7.482864 1.000000e+37
2987605 71307.671875 68537.992188 70901.710938 130.684448 -149.941406 -129.386444 12.175766 1.000000e+37
3022291 72293.554688 67801.242188 69822.359375 153.112534 -166.606079 -131.983002 9.968615 1.000000e+37
3058160 70948.460938 68621.929688 68450.375000 170.582108 -154.524414 -118.555786 11.386338 1.000000e+37
3058164 71262.179688 67738.906250 68749.093750 122.835297 -178.883286 -126.714172 10.606040 1.000000e+37
3058165 70376.851562 70133.351562 68460.437500 81.923424 -191.610107 -120.883469 9.791637 1.000000e+37
3058166 71999.703125 68137.617188 69704.242188 108.054726 -164.253403 -120.858910 11.777271 1.000000e+37
3094963 70743.046875 68762.179688 69853.140625 157.729477 -219.849396 -162.633118 11.811509 1.000000e+37
3094966 70478.906250 69749.992188 68614.000000 173.960831 -161.659637 -109.641243 8.376084 1.000000e+37
3094979 70760.007812 69199.234375 70148.820312 143.280716 -150.283325 -120.840790 13.496983 1.000000e+37
3095015 68849.453125 69558.289062 69566.101562 193.101028 -117.708405 -105.508179 8.464923 1.000000e+37
3133297 70734.015625 68674.992188 68673.195312 159.616516 -163.527420 -101.493248 5.862270 1.000000e+37
3133298 69886.960938 70457.023438 70639.398438 170.561768 -122.455589 -82.318329 9.203678 1.000000e+37
3133310 71048.039062 67576.734375 70114.257812 157.831741 -110.370880 -156.602844 9.660857 1.000000e+37
3172992 70760.296875 68881.148438 69394.937500 185.781555 -132.174179 -13.287561 9.390885 1.000000e+37
3172993 72066.062500 68151.531250 68765.148438 147.907623 -152.825439 -138.084763 11.544085 1.000000e+37
3172995 71597.898438 67917.242188 68222.851562 143.480682 -183.499786 -138.024612 12.781104 1.000000e+37
3173053 68850.289062 69327.539062 69049.695312 191.475983 -123.301971 -117.437965 11.389334 1.000000e+37
3213631 70845.500000 68415.882812 67728.398438 161.781509 -190.828583 -138.540726 9.803084 1.000000e+37
3256446 70842.171875 68928.789062 69619.476562 135.108994 -157.257858 8.093845 7.594503 1.000000e+37
3256447 70666.062500 69260.492188 69888.414062 217.348602 -103.876297 -152.710068 9.161676 1.000000e+37
3256451 70052.750000 70014.578125 70493.179688 178.271454 -140.118423 -103.332657 9.705772 1.000000e+37
3256452 71815.546875 68424.429688 70471.156250 136.132156 -154.571091 -126.877762 8.698291 1.000000e+37
3256459 70857.953125 66795.648438 69609.742188 162.463104 -120.360176 -146.050522 11.183513 1.000000e+37
3256495 70281.945312 68735.906250 69725.117188 258.247955 -67.247505 -126.731941 12.079972 1.000000e+37
3300701 70082.765625 69260.054688 69453.554688 155.218979 -191.609589 -80.352516 9.896426 1.000000e+37
3300703 70447.953125 70113.820312 68241.757812 70.554062 -183.116302 -114.534599 8.101402 1.000000e+37
3300704 70755.679688 68610.890625 70429.000000 109.174675 -140.460968 -162.140549 8.714433 1.000000e+37
3300741 70067.546875 67571.960938 69479.445312 185.533325 -114.135162 -119.198547 10.214032 1.000000e+37
3300746 69240.164062 68127.218750 70617.171875 191.015594 -107.643509 -119.506851 10.005336 1.000000e+37
3300763 70458.679688 68369.187500 69229.992188 203.044449 -90.663231 -106.820854 7.422568 1.000000e+37
3346844 70276.367188 70271.617188 68644.546875 77.955589 -195.069565 -115.674171 8.813985 1.000000e+37
3346854 69260.539062 69097.742188 71188.265625 184.961258 -108.956100 -117.325516 9.019052 1.000000e+37
3346895 69862.492188 68142.718750 69881.718750 213.660492 -101.768166 -140.404877 12.030379 1.000000e+37
3394804 71413.062500 68299.007812 70159.539062 114.540779 -136.329346 -151.996628 11.546147 1.000000e+37
3394813 70703.843750 67304.515625 70347.992188 164.558228 -114.513481 -163.799515 9.730813 1.000000e+37
3394874 70179.140625 70070.937500 68506.789062 171.697647 -156.481918 -104.162193 8.799810 1.000000e+37
3444481 70000.156250 70465.851562 69505.000000 121.332672 -156.674683 -106.969002 10.113065 1.000000e+37
3444483 70068.742188 69562.476562 69161.179688 142.085220 -156.155426 -89.963127 11.590405 1.000000e+37
3444484 70575.343750 68379.031250 68341.335938 132.414352 -194.211609 -110.142929 8.849177 1.000000e+37
3444524 69636.328125 67190.460938 69893.656250 204.817993 -119.312523 -141.465729 10.058053 1.000000e+37
3444555 69045.890625 69111.632812 71004.101562 203.981033 -105.480103 -86.185875 10.164125 1.000000e+37
3496172 71205.976562 68730.023438 69527.312500 47.646351 -162.214798 -131.251709 13.202229 1.000000e+37
3496177 69812.015625 70316.929688 70903.671875 161.012436 -119.406334 -86.248184 8.904742 1.000000e+37
3496179 70212.375000 69438.257812 68087.515625 107.421028 -175.833847 -147.662582 7.863753 1.000000e+37
3496181 71397.679688 67677.781250 68919.757812 125.379654 -168.585770 -127.503189 9.063360 1.000000e+37
3496240 70281.984375 68217.242188 69565.007812 197.433365 -80.268707 -115.448181 10.869987 1.000000e+37
3550102 70559.898438 68926.390625 69532.648438 179.163437 -206.819366 1.020444 9.122511 1.000000e+37
3550106 70981.820312 68566.789062 69592.500000 9.728893 -96.462051 -138.203720 9.937498 1.000000e+37
3550109 70076.429688 69952.062500 69417.546875 123.765434 -148.161240 -105.214798 7.912568 1.000000e+37
3550110 70377.382812 70158.382812 68486.406250 97.680229 -187.829803 -113.518486 10.249527 1.000000e+37
3550111 71010.664062 68266.562500 70231.531250 111.834145 -142.963287 -159.471283 9.719035 1.000000e+37
3550112 71001.414062 68105.507812 69743.312500 71.801018 -142.219177 -130.542831 11.372351 1.000000e+37
3550122 70179.687500 69163.109375 69952.640625 260.807312 -82.664780 -149.376389 9.403132 1.000000e+37
3606181 71061.242188 68462.617188 69481.343750 60.624344 -131.518738 -67.181679 8.420293 1.000000e+37
3606185 70167.687500 69725.695312 69056.960938 69.269241 -182.298828 -97.814873 7.281767 1.000000e+37
3606187 70449.234375 68616.203125 68246.539062 117.651375 -201.983002 -125.246689 7.386875 1.000000e+37
3606188 70888.117188 68065.070312 68230.640625 102.730392 -190.089279 -135.539871 10.592321 1.000000e+37
3606197 71765.718750 68461.687500 70599.828125 127.541260 -152.816757 -115.923538 11.577074 1.000000e+37
3606200 71626.445312 68160.039062 70812.640625 142.305084 -160.905289 -122.529549 10.219942 1.000000e+37
3606203 70358.531250 69681.640625 71074.859375 152.274933 -141.734589 -115.759415 11.558563 1.000000e+37
3664986 70568.015625 68392.929688 69344.546875 114.720276 -168.435516 -47.670895 9.685304 1.000000e+37
3664992 71379.398438 69124.085938 71122.203125 127.556808 -150.021942 -116.324066 10.374578 1.000000e+37
3664995 71207.804688 68528.046875 70714.117188 125.619370 -149.992508 -133.177277 9.720726 1.000000e+37
3664996 70376.851562 69211.796875 70758.546875 121.269089 -180.347565 -130.259491 9.379585 1.000000e+37
3665002 69933.718750 68318.617188 69691.320312 199.513962 -83.203987 -151.138092 9.717491 1.000000e+37
3665003 69678.265625 69071.960938 70701.515625 174.122955 -72.976227 -164.229492 9.147367 1.000000e+37
3665005 69407.585938 67319.195312 70266.710938 166.880615 -121.196968 -151.745270 9.631293 1.000000e+37
3665006 71062.843750 66816.421875 69732.312500 166.517593 -116.205383 -152.179337 10.816236 1.000000e+37
3665054 69446.015625 68355.421875 70464.734375 198.414505 -98.812241 -123.239609 6.932003 1.000000e+37
3665077 70289.726562 68187.914062 69528.125000 197.955078 -82.559624 -112.433624 9.651470 1.000000e+37
3726320 71666.828125 68482.921875 70468.328125 122.196014 -161.991180 -122.564331 8.726003 1.000000e+37
3726341 69750.273438 67211.062500 69696.710938 174.914154 -95.229988 -125.138786 9.741807 1.000000e+37
3790598 70837.367188 68607.343750 68329.523438 181.413208 -149.110336 -119.969582 7.633644 1.000000e+37
3790599 70515.195312 67758.546875 68051.335938 190.120956 -145.481461 -148.262222 7.790516 1.000000e+37
3790600 70649.765625 68708.226562 69513.289062 236.784470 -50.245949 -46.467499 7.490016 1.000000e+37
3790603 70622.914062 68746.750000 69585.296875 216.226181 -172.415909 14.493048 8.893755 1.000000e+37
3790605 70943.000000 68087.500000 69251.484375 115.061623 -137.519547 -91.455818 9.362423 1.000000e+37
3790606 70419.523438 68937.750000 70522.453125 107.003181 -126.726677 -164.568039 11.185070 1.000000e+37
3790608 70586.671875 69643.460938 68435.250000 76.864426 -189.121643 -117.489090 11.162488 1.000000e+37
3790613 71469.921875 68548.179688 69572.148438 79.938087 -166.300293 -131.466202 11.827297 1.000000e+37
3790618 69713.179688 69651.492188 71152.039062 188.468506 -114.217194 -107.761063 5.845477 1.000000e+37
3790620 70355.906250 67169.234375 70921.000000 167.101089 -115.152039 -144.882858 8.372383 1.000000e+37
3790622 70992.500000 67514.281250 70109.187500 157.082733 -110.744713 -156.864304 9.603477 1.000000e+37
3858139 70427.554688 68845.125000 69821.304688 159.716873 -104.199913 -27.951160 9.723051 1.000000e+37
3858141 70437.289062 69349.109375 67772.312500 141.857315 -175.353546 -128.799789 6.583455 1.000000e+37
3858143 70116.882812 69315.742188 69393.414062 141.497726 -190.879181 -81.238861 9.857058 1.000000e+37
3858147 71559.921875 68142.023438 69032.804688 124.074760 -146.357269 -116.254639 8.709317 1.000000e+37
3858150 72220.601562 68370.398438 71010.773438 149.325546 -153.182495 -90.278938 9.271833 1.000000e+37
3858162 69728.664062 69091.367188 70583.117188 184.152924 -79.850471 -182.976730 8.843518 1.000000e+37
3858211 69163.046875 69275.367188 70991.515625 204.178925 -118.217972 -90.458366 8.026548 1.000000e+37
3858212 69349.609375 69212.507812 71092.484375 176.855438 -111.710365 -122.093491 6.237681 1.000000e+37
3858231 70217.203125 69832.804688 70252.742188 181.687927 -163.125183 -99.934883 11.084901 1.000000e+37
3858232 68848.109375 69549.632812 70079.468750 191.698578 -111.954666 -95.413857 8.169763 1.000000e+37
3858233 69932.273438 67976.468750 69665.593750 194.102005 -103.312187 -138.391174 9.018785 1.000000e+37
3928857 70879.648438 68495.421875 68335.046875 162.172089 -162.256989 -122.727745 9.147595 1.000000e+37
3928861 71010.429688 68336.921875 68366.507812 121.601372 -165.146255 -129.548019 6.975246 1.000000e+37
3928863 70063.476562 69431.468750 68425.289062 136.465546 -175.535721 -115.709770 12.644244 1.000000e+37
3928864 71403.578125 68201.523438 70156.195312 118.620270 -138.287231 -150.348892 7.685743 1.000000e+37
3928875 70694.367188 69247.757812 69975.492188 159.446625 -151.379028 -109.733917 11.179704 1.000000e+37
3928877 69976.171875 69141.562500 70132.351562 230.219131 -80.763657 -133.127228 9.914078 1.000000e+37
3928943 70512.031250 67772.710938 68725.312500 180.706696 -128.425827 -139.622635 10.732445 1.000000e+37
4003548 70529.187500 67809.734375 68076.828125 194.789871 -147.011063 -146.907150 8.596162 1.000000e+37
4003549 70590.820312 68793.007812 69601.859375 146.066147 -27.970903 -96.051102 10.864805 1.000000e+37
4003552 70527.460938 68902.312500 67710.203125 147.353073 -176.527390 -143.844955 10.129675 1.000000e+37
4003554 70358.460938 68774.148438 69837.710938 250.983749 -197.316940 -51.028980 7.956439 1.000000e+37
4003563 71739.492188 68445.218750 70431.273438 123.521202 -160.255585 -120.712753 8.425526 1.000000e+37
4003570 70585.265625 67053.148438 70169.312500 166.186249 -120.155983 -173.110916 9.313068 1.000000e+37
4003648 70148.835938 70072.210938 70114.484375 165.347168 -150.822968 -91.562233 8.037667 1.000000e+37
4081701 71012.117188 68412.156250 69083.000000 107.697838 -146.016846 -82.228172 10.669007 1.000000e+37
4081702 70810.359375 68634.578125 68670.468750 164.360352 -183.898666 -99.963074 8.315474 1.000000e+37
4081704 70397.421875 69572.585938 68770.750000 76.917160 -192.089081 -111.578041 7.395095 1.000000e+37
4081710 70359.835938 69119.390625 69672.625000 217.330673 -54.314758 -110.718407 9.490547 1.000000e+37
4081711 70846.000000 68263.492188 69705.445312 71.235550 -98.743210 -148.269257 11.208454 1.000000e+37
4081716 71896.039062 68487.835938 70707.648438 129.311584 -173.091934 -110.715538 8.849123 1.000000e+37
4081720 70287.000000 69866.664062 71123.765625 154.780777 -129.174316 -112.257393 7.298995 1.000000e+37
4081722 70553.515625 68005.710938 70106.593750 172.266220 -86.058846 -161.483231 10.884692 1.000000e+37
4081727 70851.460938 67180.781250 69451.101562 166.333252 -121.141281 -144.412781 7.430563 1.000000e+37
4081785 70530.968750 69040.070312 69570.101562 203.648453 -144.272507 -60.181210 11.761642 1.000000e+37
4163721 70525.976562 69136.734375 70105.390625 218.834183 -233.027878 -166.836487 7.449474 1.000000e+37
4163724 69986.937500 69493.429688 68692.906250 135.786423 -167.936035 -107.663017 7.407884 1.000000e+37
4163726 70746.960938 68303.109375 69640.281250 79.819786 -85.238274 -168.543365 10.410014 1.000000e+37
4163731 71609.484375 68005.828125 68642.335938 133.521118 -162.057404 -136.932709 7.307116 1.000000e+37
4163755 70209.039062 67518.226562 69089.570312 170.328384 -114.224861 -140.985779 9.787927 1.000000e+37
4248999 71055.976562 68241.976562 68093.109375 129.941605 -170.212387 -136.444107 8.403008 1.000000e+37
4249000 69858.500000 70717.031250 69754.468750 122.057671 -144.469696 -109.277954 6.834949 1.000000e+37
4249002 70327.976562 69475.156250 69436.023438 149.476761 -190.833405 -92.135818 9.669296 1.000000e+37
4249019 70104.531250 67455.335938 69788.117188 162.417679 -112.612144 -151.871384 8.196702 1.000000e+37
4249035 70567.195312 66856.039062 69487.593750 168.802872 -122.157547 -144.278000 7.660457 1.000000e+37
4249080 69380.554688 69120.710938 70911.914062 187.247437 -120.342239 -128.322052 7.402750 1.000000e+37
4249084 69574.000000 68960.703125 71004.937500 208.177185 -74.056984 -112.238136 9.886249 1.000000e+37
4249107 70168.734375 70222.820312 68857.578125 175.084076 -159.131973 -93.265533 8.315928 1.000000e+37
4249108 71012.484375 68401.062500 68257.500000 190.031357 -135.323715 -128.157227 8.020749 1.000000e+37
4337979 70774.179688 68799.835938 69039.765625 200.257904 -127.038147 -70.450470 7.882243 1.000000e+37
4337980 71125.421875 68496.476562 69792.578125 62.290272 -144.312119 -176.889343 5.460623 1.000000e+37
4337984 71147.031250 68394.562500 68094.281250 131.676208 -176.605438 -132.558304 7.536237 1.000000e+37
4337987 70258.375000 70176.406250 69430.039062 151.087173 -164.442444 -80.940437 8.346746 1.000000e+37
4337990 70664.671875 68278.718750 68124.500000 106.914848 -189.439209 -132.801926 7.191554 1.000000e+37
4337993 70334.117188 69064.656250 67888.234375 93.575928 -200.231857 -134.301590 8.724503 1.000000e+37
4338000 71920.804688 67978.585938 69487.062500 132.015656 -155.317078 -112.318863 8.699900 1.000000e+37
4338013 69880.234375 69050.703125 70628.304688 168.732025 -98.592567 -117.607010 8.514574 1.000000e+37
4338014 69843.867188 68002.257812 69729.132812 184.555527 -102.002884 -153.612778 8.277219 1.000000e+37
4338068 69983.992188 67505.671875 69560.046875 178.916412 -118.802124 -118.489357 9.295581 1.000000e+37
4338095 69154.000000 69158.617188 71063.242188 179.748657 -95.657440 -120.657646 8.278820 1.000000e+37
4338125 70149.343750 70106.187500 68439.898438 171.615952 -155.779175 -107.022507 7.339349 1.000000e+37
