#subID	 x	 y	 z	 vx	 yv	 yz	 vmax	 B_MAG
#subID	 kpc/h	 kpc/h	 kpc/h	 km/s	 km/s	 km/s	 km/s	 mags
374306 45836.230469 52297.773438 59360.125000 -98.364571 -35.709923 -148.160675 223.329086 -2.196271e+01
374307 45880.609375 52466.878906 59399.042969 -144.099609 -96.589340 -114.442833 86.572884 -1.789360e+01
374308 45885.968750 52188.355469 59446.472656 -72.981102 -144.699249 -23.488262 50.833492 -1.747128e+01
374309 45951.574219 52252.828125 59598.054688 -238.847137 -73.997971 -175.441086 55.994434 -1.547782e+01
374310 45923.808594 52099.562500 59349.582031 53.098103 -50.822754 -199.380630 52.413353 -1.513851e+01
374311 45823.335938 52329.656250 59437.562500 -140.720200 81.508286 10.864475 42.978161 -1.667686e+01
374312 45785.847656 52314.460938 59220.468750 9.091670 -52.691486 -247.409027 47.456375 -1.436693e+01
374313 45962.941406 52450.156250 59204.738281 -199.239807 -130.368423 -82.853645 40.008091 -1.379467e+01
374314 46001.148438 52286.382812 59300.687500 49.616978 -86.098724 35.235638 35.234066 -1.127459e+01
374315 45696.773438 52278.718750 59259.847656 -162.075684 -128.459549 -319.333313 31.226990 -1.329390e+01
374316 45706.203125 52234.976562 59462.750000 -134.228485 199.600998 -216.572372 31.521126 -1.130289e+01
374317 46033.714844 52277.425781 59549.390625 -327.814758 -57.990669 -156.400146 25.753239 -8.815215e+00
374318 46076.683594 52316.429688 59366.660156 -11.003017 -122.358589 -278.493896 25.440241 1.000000e+37
374319 45698.351562 52212.082031 59420.398438 150.251968 -97.800613 -100.768112 27.803579 1.000000e+37
374320 45997.453125 52597.628906 59458.921875 -185.696396 -193.972519 -92.789528 21.360212 1.000000e+37
374321 45722.742188 52267.312500 59354.945312 105.671417 197.754257 -44.637691 26.987617 1.000000e+37
374322 45966.347656 52241.039062 59623.121094 -90.094971 -18.133736 -243.240280 30.173923 -1.283219e+01
374323 45927.636719 52106.039062 59568.886719 -98.523430 -92.889565 -56.976238 28.417276 -1.186935e+01
374324 45936.710938 52411.378906 59328.109375 36.913002 120.613640 -299.475128 25.415464 -9.572294e+00
374325 45866.464844 52156.917969 59425.644531 -113.342522 -345.452423 -22.318489 26.093964 -9.807404e+00
374326 45827.683594 52622.796875 59415.078125 -95.665115 -202.917419 -42.055710 19.132008 1.000000e+37
374327 45823.421875 52352.562500 59422.644531 -433.182068 -85.937218 -235.149490 25.999800 1.000000e+37
374328 45874.410156 52349.066406 59472.582031 -378.646667 -41.857414 -260.969696 26.634901 1.000000e+37
374329 45928.003906 52404.671875 59451.144531 -222.915482 -44.787518 -248.767654 30.635452 -1.115556e+01
374330 45889.363281 52184.304688 59434.488281 -88.373436 -157.987610 42.730057 17.106216 1.000000e+37
374331 45790.683594 52317.316406 59284.359375 218.822296 -163.368500 -192.725845 22.567816 1.000000e+37
374332 45890.531250 52219.429688 59342.304688 36.895439 -19.238930 -133.997925 20.183628 -1.241323e+01
374333 45721.390625 52276.167969 59172.765625 -73.275787 -87.710732 -212.611328 23.015669 1.000000e+37
374334 45985.269531 52464.625000 59380.949219 3.815811 -141.021118 -187.902802 20.721014 1.000000e+37
374335 45806.203125 52236.175781 59228.867188 128.618439 81.327171 -226.166046 18.438217 1.000000e+37
374336 45930.882812 52353.378906 59408.542969 -328.078003 85.887718 -296.506989 24.339018 -9.042036e+00
374337 45854.992188 52361.578125 59410.617188 -243.016998 -235.556076 -52.858391 26.326332 -1.013723e+01
374338 46106.640625 52275.378906 59396.437500 -288.136200 -74.022003 -267.485840 17.063566 1.000000e+37
374339 45758.808594 52220.628906 59335.503906 -337.832245 77.221207 -110.789948 21.974857 1.000000e+37
374340 45901.367188 52228.847656 59488.855469 -171.918152 162.368942 -258.043701 23.963291 -8.545483e+00
374341 45725.320312 52331.703125 59339.027344 -75.190804 -4.540793 -99.084335 20.998968 -1.259202e+01
374342 46110.062500 52352.773438 59396.167969 -120.972221 -158.549561 -153.098633 19.719309 1.000000e+37
374343 46035.351562 52396.988281 59514.710938 -251.125122 -90.230072 -112.362732 19.514700 1.000000e+37
374344 45731.035156 52300.519531 59164.910156 -123.941208 -168.992279 -221.162140 19.029570 1.000000e+37
374345 45627.027344 52152.542969 59362.859375 -90.767609 -153.058121 -167.157898 18.067167 1.000000e+37
374346 46029.109375 52279.875000 59445.000000 -113.587669 23.634733 -54.526485 22.108244 -9.770988e+00
374347 45841.773438 52113.199219 59514.417969 -207.738739 116.536560 -119.447815 16.102650 1.000000e+37
374348 45949.167969 52096.781250 59480.488281 -206.190506 9.646176 -122.948189 18.940201 1.000000e+37
374349 45801.476562 52277.347656 59295.914062 -85.548592 17.717159 149.720215 20.338499 -1.139043e+01
374350 45768.953125 52335.722656 59376.902344 20.990255 270.362823 -40.736053 18.490519 1.000000e+37
374351 45756.769531 52352.867188 59285.867188 173.863678 -173.317154 -254.387146 16.371817 1.000000e+37
374352 46084.605469 52326.066406 59564.285156 -100.640800 -65.435341 -226.973923 19.665350 1.000000e+37
374353 46051.625000 52359.789062 59448.015625 -145.530502 -188.473358 -225.524124 17.478020 1.000000e+37
374354 45662.390625 52245.898438 59246.539062 -126.088585 -119.440643 -226.216858 17.077799 1.000000e+37
374355 45814.972656 52368.972656 59427.945312 181.669342 121.032089 -251.244537 16.884550 1.000000e+37
374356 45768.250000 52347.519531 59418.511719 42.960270 171.375610 -278.016815 17.928095 1.000000e+37
374357 45666.246094 52283.886719 59355.988281 -79.007927 206.823380 -91.967552 15.537675 1.000000e+37
374358 45821.191406 52313.152344 59302.691406 232.912216 -223.722260 -179.686523 17.301960 1.000000e+37
374359 45953.570312 52316.332031 59582.097656 -152.660446 27.758968 -129.475143 21.624828 -9.385618e+00
374360 45741.183594 52426.167969 59503.667969 -35.543552 -188.659164 -240.942963 15.425420 1.000000e+37
374361 45916.019531 52533.105469 59429.113281 -234.695786 47.606358 -290.435669 12.493706 1.000000e+37
374362 46090.320312 52332.566406 59441.800781 -163.403809 -22.093561 -69.689865 18.177782 1.000000e+37
374363 45964.609375 52456.714844 59333.773438 -132.199005 116.612137 -24.831099 12.718273 1.000000e+37
374364 45864.101562 52188.375000 59376.718750 -118.431892 -342.809570 -128.683350 15.043365 -9.278396e+00
374365 46055.570312 52464.445312 59217.140625 -135.516373 -52.772060 -220.311142 14.145179 1.000000e+37
374366 46002.226562 52396.847656 59481.441406 80.634232 -63.724270 -274.332184 13.734940 1.000000e+37
374367 46070.207031 52406.609375 59352.832031 25.950096 -91.730804 -267.481110 12.740242 1.000000e+37
374368 45857.535156 52351.722656 59249.210938 95.328911 0.110589 -187.127792 13.125070 1.000000e+37
374369 46076.085938 52443.679688 59381.937500 -92.747810 21.573942 1.863549 13.683663 1.000000e+37
374370 45909.113281 52338.097656 59466.308594 -272.372009 -0.929950 -296.735657 15.759490 -8.608963e+00
374371 45733.621094 52248.062500 59424.394531 36.204937 -20.742794 -421.428040 14.281299 1.000000e+37
374372 45912.753906 52355.101562 59490.925781 -5.751219 -269.678131 -178.051575 12.784116 1.000000e+37
374373 45871.093750 52416.734375 59426.253906 -310.256195 -80.291618 -208.653778 16.092293 1.000000e+37
374374 45814.683594 52283.757812 59247.730469 -92.532822 -181.444138 -166.303757 16.426722 -9.500656e+00
374375 46066.554688 52390.089844 59287.710938 -69.736771 -10.922984 32.148357 10.424051 1.000000e+37
374376 45825.765625 52282.753906 59268.332031 85.616600 -158.141052 30.787138 17.739195 1.000000e+37
374377 45827.871094 52356.734375 59451.902344 103.986351 3.799618 -86.206825 13.364045 1.000000e+37
374378 45657.324219 52236.667969 59253.085938 118.046265 -123.085373 -71.260254 13.291220 1.000000e+37
374379 45725.519531 52357.503906 59413.097656 -76.684647 108.695305 -347.523132 14.445032 1.000000e+37
374380 45620.832031 52333.132812 59410.882812 107.069412 50.047794 -69.016441 11.267684 1.000000e+37
374381 46120.902344 52375.941406 59350.046875 -144.102966 -141.420074 -151.252106 12.701576 1.000000e+37
374382 45795.015625 52370.722656 59381.890625 -265.516113 -38.702911 149.405075 13.504803 1.000000e+37
374383 45752.132812 52199.449219 59416.554688 10.661946 -233.038315 -15.155477 13.341937 1.000000e+37
374384 45666.468750 52254.507812 59350.230469 27.952421 -152.321426 51.124599 11.776197 1.000000e+37
374385 45916.656250 52155.531250 59365.335938 -89.881081 -155.611786 -169.283417 10.718790 1.000000e+37
374386 46047.136719 52428.679688 59320.394531 -72.235069 28.553417 13.624296 9.420642 1.000000e+37
374387 45790.312500 52278.023438 59444.972656 -164.673065 138.763657 -376.210083 13.732452 1.000000e+37
374388 45685.617188 52279.710938 59231.656250 -54.852650 -169.328049 69.845818 11.984866 1.000000e+37
374389 45702.230469 52380.265625 59368.437500 -52.734138 77.441200 -62.789318 13.752469 1.000000e+37
374390 45858.386719 52466.984375 59263.410156 -262.871948 -187.498428 -110.812927 12.534618 1.000000e+37
374391 45660.796875 52348.683594 59531.753906 46.750076 -188.911301 -203.890991 12.775661 1.000000e+37
374392 45625.457031 52283.664062 59290.582031 -297.877136 5.533906 -146.753067 9.412886 1.000000e+37
374393 45964.761719 52235.781250 59405.304688 69.693932 -51.618149 -12.450219 12.176886 1.000000e+37
374394 46102.972656 52270.871094 59407.027344 -137.637421 71.832794 -95.875252 13.428214 1.000000e+37
374395 45972.746094 52517.152344 59359.238281 -85.555435 1.378519 -69.279785 10.534796 1.000000e+37
374396 45969.468750 52550.917969 59478.371094 -190.301102 -208.428802 -84.290314 9.079685 1.000000e+37
374397 45771.562500 52222.769531 59334.265625 -344.225922 113.989777 -136.667664 13.573966 1.000000e+37
374398 45931.488281 52247.199219 59305.144531 -386.242035 -94.205994 -264.894745 11.119901 1.000000e+37
374399 45679.218750 52302.390625 59382.449219 94.010345 -145.736984 -125.807846 12.960751 1.000000e+37
374400 46034.218750 52482.117188 59373.679688 -99.376724 70.273277 -42.255966 10.916725 1.000000e+37
374401 45814.332031 52430.398438 59258.933594 -71.054649 105.812675 -282.486267 9.473494 1.000000e+37
374402 45908.433594 52015.859375 59341.593750 -245.207642 80.633949 -139.787964 9.752625 1.000000e+37
374403 45707.671875 52317.679688 59268.656250 -31.791847 97.150856 0.305945 11.975026 1.000000e+37
374404 46089.843750 52352.015625 59387.429688 -125.536163 -176.036209 -165.811798 12.157421 1.000000e+37
374405 45806.691406 52186.660156 59357.488281 -149.049973 -326.583374 -260.160065 10.573683 1.000000e+37
374406 46058.171875 52239.535156 59549.261719 -276.584564 48.946468 -188.388672 11.293946 1.000000e+37
374407 45925.695312 52288.800781 59293.359375 -381.162750 -45.833977 9.698412 8.745544 1.000000e+37
374408 45952.523438 52287.710938 59615.000000 -234.988113 66.767448 -269.681793 8.765385 1.000000e+37
374409 45763.054688 52247.480469 59302.675781 30.393656 -53.145069 6.032221 13.237111 1.000000e+37
374410 45832.261719 52438.636719 59328.558594 -341.542419 17.434168 -40.484890 10.876787 1.000000e+37
374411 45642.570312 52257.847656 59359.445312 -140.168716 -227.413498 -175.949478 8.911840 1.000000e+37
374412 45854.199219 52208.378906 59603.347656 -185.349777 100.067665 -224.395782 10.394262 1.000000e+37
468099 46370.511719 51780.656250 59675.496094 -170.799133 38.242825 -148.518356 176.170227 -2.087684e+01
468100 46279.917969 51652.316406 59816.132812 -194.835632 107.128426 -174.077087 35.756836 -1.108867e+01
468101 46324.699219 51700.824219 59782.402344 -143.366409 -37.485683 -185.855377 38.377167 -1.114681e+01
468102 46474.285156 51801.007812 59696.859375 -131.344391 159.811340 -255.799866 16.382154 1.000000e+37
468103 46406.714844 51845.535156 59520.039062 -182.896683 91.295830 -44.984383 14.124249 1.000000e+37
468104 46417.417969 51698.207031 59630.300781 -269.298218 1.117830 -182.389984 16.748692 1.000000e+37
468105 46413.437500 51779.296875 59667.167969 -134.633835 157.519577 -309.186188 14.039397 1.000000e+37
468106 46440.746094 51852.601562 59700.257812 -124.422424 -84.201759 -197.778976 10.910981 1.000000e+37
468107 46331.277344 51805.636719 59644.632812 -130.606079 31.028967 10.882666 12.334652 1.000000e+37
468108 46375.679688 51899.328125 59689.515625 -217.937988 7.686758 -84.096344 12.296227 1.000000e+37
468109 46395.136719 51713.847656 59750.843750 -44.021698 159.936066 -198.576126 7.449172 1.000000e+37
468110 46390.292969 51685.167969 59755.453125 -224.652847 149.663803 -145.541946 10.587644 1.000000e+37
468111 46353.636719 51825.996094 59663.226562 -282.502563 -94.402039 -160.279007 13.711296 1.000000e+37
468112 46332.453125 51788.492188 59670.480469 -352.266449 61.735783 -265.842407 11.507371 1.000000e+37
468113 46472.886719 51738.089844 59682.410156 -96.171974 -24.958799 -216.814224 8.526296 1.000000e+37
531856 44528.847656 51809.488281 60811.210938 -127.875671 -58.169022 -159.971771 15.433214 1.000000e+37
551506 46309.812500 50652.726562 60206.640625 -92.479309 -9.181156 -185.749481 91.313087 -1.827824e+01
551507 46266.371094 50692.445312 60255.417969 -104.598068 -34.446327 -252.855698 23.891363 1.000000e+37
551508 46352.734375 50754.179688 60175.308594 -84.381927 -56.286453 -187.126785 13.396479 1.000000e+37
551509 46348.000000 50662.195312 60240.070312 -159.695297 -91.984840 -140.507507 11.183365 1.000000e+37
551510 46256.492188 50697.949219 60193.007812 -78.677658 36.577118 -146.469498 13.023183 1.000000e+37
551511 46333.597656 50750.531250 60164.824219 -77.466293 -61.723717 -190.435379 8.071285 1.000000e+37
610339 46751.527344 51640.660156 59661.773438 -163.349930 74.040237 -186.743729 79.327263 -1.755115e+01
627265 47113.644531 52580.894531 59598.808594 -142.846878 -46.463955 -209.970596 71.241035 -1.712297e+01
627266 47138.824219 52656.902344 59578.261719 -109.818787 -55.025211 -244.380402 16.657959 1.000000e+37
627267 47091.984375 52623.667969 59638.554688 -163.633804 -73.988220 -231.996063 16.733238 1.000000e+37
632260 47680.578125 53002.925781 59750.125000 -123.607246 -53.095367 -199.067337 69.930916 -1.654468e+01
632261 47713.218750 52981.371094 59778.472656 -106.617073 -55.559891 -170.069397 11.752452 1.000000e+37
632262 47713.582031 52992.210938 59748.726562 -69.496780 -71.597527 -191.050491 9.453863 1.000000e+37
632263 47744.203125 53022.242188 59766.875000 -135.686447 -34.840118 -196.039963 10.124900 1.000000e+37
637506 44511.777344 53079.878906 59421.152344 -106.418625 -53.674622 -158.890747 70.502876 -1.659351e+01
637507 44498.652344 53069.203125 59361.152344 -82.647781 -12.661056 -171.492371 10.658331 1.000000e+37
640406 46253.246094 50286.335938 60428.488281 -100.407028 -2.296279 -198.595474 66.123390 -1.625814e+01
643489 44490.648438 51087.855469 58597.417969 -109.885956 11.704759 -132.655869 67.957985 -1.613743e+01
643490 44519.824219 51077.800781 58654.460938 -140.317047 38.739254 -121.984627 15.243113 1.000000e+37
649778 45619.117188 51282.253906 60020.203125 -103.566895 14.920596 -229.241135 68.457596 -1.631010e+01
656151 45215.031250 51762.320312 58940.894531 -70.460678 41.511082 -99.083870 63.942410 -1.615384e+01
656152 45194.417969 51765.515625 58934.109375 -99.941345 22.013044 -38.001324 17.812630 1.000000e+37
656153 45259.093750 51771.917969 58956.707031 -56.963802 37.096630 -94.571198 8.643398 1.000000e+37
656154 45178.425781 51765.476562 59002.781250 -48.702324 14.692755 -91.206284 8.789218 1.000000e+37
658651 45573.062500 52521.703125 59989.988281 -129.591522 -75.524002 -271.436279 62.557156 -1.555506e+01
693888 46451.531250 50741.984375 60356.476562 -142.529678 24.943151 -168.704132 55.773941 -1.559503e+01
693889 46470.054688 50782.199219 60358.312500 -96.608467 -67.207542 -186.107132 12.470024 1.000000e+37
693890 46474.562500 50765.328125 60373.078125 -139.079422 -21.166138 -163.828491 12.861142 1.000000e+37
693891 46407.796875 50693.773438 60339.203125 -136.831558 32.183014 -209.385559 11.070579 1.000000e+37
695950 45479.453125 52663.605469 60314.285156 -114.202644 -55.907116 -254.649460 53.514759 -1.419695e+01
695951 45457.433594 52636.066406 60282.957031 -122.964600 -72.853317 -283.129730 14.972109 1.000000e+37
699420 46546.972656 50577.609375 60027.164062 -145.214905 5.409725 -171.598282 54.708279 -1.470470e+01
699421 46575.046875 50594.203125 60028.066406 -121.319664 2.585620 -150.409149 21.119919 1.000000e+37
719097 46370.144531 52024.394531 59331.859375 -137.372406 45.619320 -152.657761 49.609558 -1.351373e+01
725238 46383.480469 52347.957031 59486.460938 -209.458282 -83.925156 -251.358093 48.772640 -1.367030e+01
725592 45672.375000 51830.738281 59991.039062 -79.287598 2.599106 -265.540375 49.716770 -1.306658e+01
725593 45696.765625 51841.972656 59974.933594 -45.133106 -40.905857 -259.283600 8.644341 1.000000e+37
729477 47372.625000 52731.898438 59712.117188 -147.042404 -38.628021 -206.607986 47.018421 -1.301600e+01
729478 47378.796875 52697.371094 59705.957031 -160.553436 -40.968502 -196.727203 8.332220 1.000000e+37
731342 45644.714844 51867.496094 59598.996094 -52.597672 46.117268 -253.184753 51.694614 -1.388795e+01
745468 46627.945312 53544.011719 58402.164062 -124.982132 -49.229485 -169.337692 45.871609 -1.176569e+01
745469 46644.429688 53506.785156 58442.285156 -121.443146 -35.493294 -193.945419 13.011798 1.000000e+37
767310 45820.433594 53359.644531 60163.265625 -124.579483 -85.193291 -208.879211 42.547447 -1.190995e+01
767311 45809.390625 53360.851562 60164.769531 -122.686607 -147.243210 -204.250961 14.912267 1.000000e+37
789799 45560.613281 51445.968750 59970.429688 -90.755257 2.575354 -231.832001 36.461273 1.000000e+37
795263 47254.179688 51625.093750 59443.445312 -161.519562 -18.032568 -98.752777 41.264149 -1.018501e+01
800651 46711.832031 50984.531250 59581.230469 -137.199799 33.363262 -165.716568 37.601799 -1.073816e+01
800652 46684.140625 51001.609375 59602.546875 -123.655525 46.660492 -157.813873 21.475698 1.000000e+37
803275 47356.824219 50965.878906 59900.476562 -137.214615 -29.763409 -101.096085 37.545773 -1.022648e+01
808384 45917.281250 51937.398438 59260.992188 -236.575668 48.052963 -132.992981 39.352654 -1.095673e+01
811345 45620.359375 51368.640625 60347.878906 -56.164318 20.070290 -192.804428 32.993649 1.000000e+37
811346 45619.062500 51365.441406 60366.121094 -83.524925 -1.067893 -215.562378 20.768547 1.000000e+37
813957 44377.691406 53190.570312 59415.015625 -93.159325 -58.330486 -175.798096 42.641010 -1.235736e+01
814730 44900.062500 53288.246094 59100.832031 -125.540443 -101.670288 -154.351151 39.121059 -1.019660e+01
831303 45546.234375 51704.531250 59810.867188 -61.305473 19.353834 -238.916687 26.402866 1.000000e+37
831304 45536.062500 51713.679688 59802.433594 -63.772850 19.523861 -243.049576 20.729986 1.000000e+37
831305 45532.957031 51705.042969 59824.695312 -59.322826 18.845846 -255.100555 12.858391 1.000000e+37
838121 45588.390625 52284.218750 59572.378906 -42.021114 -61.959087 -335.927704 31.314251 1.000000e+37
840927 47628.402344 52459.710938 58998.781250 -126.021034 -12.400565 -112.923096 32.205162 -9.162601e+00
870507 47174.691406 53427.398438 58609.949219 -125.519302 -6.133511 -117.986076 28.254864 1.000000e+37
881758 44667.945312 53378.046875 59218.457031 -126.474892 -95.894791 -164.705704 27.826202 1.000000e+37
913183 47055.074219 53421.515625 58775.437500 -119.276917 -14.039907 -113.627380 25.083048 1.000000e+37
913184 47043.414062 53474.113281 58733.937500 -116.982826 -7.841225 -110.914467 13.085512 1.000000e+37
913185 47044.269531 53463.160156 58730.437500 -117.974670 -5.311930 -110.857262 8.915440 1.000000e+37
942822 44872.960938 51560.316406 60472.437500 -109.745155 -1.460876 -217.353836 24.618740 1.000000e+37
942823 44875.875000 51541.152344 60460.652344 -121.655296 1.295970 -200.826569 11.142831 1.000000e+37
946065 45863.406250 51988.757812 59570.917969 -100.930550 87.644493 -287.563385 28.910177 1.000000e+37
968026 44891.910156 51757.460938 60691.226562 -118.041000 -20.258644 -205.837646 27.081963 -9.605500e+00
972189 44598.203125 52498.875000 58492.082031 -119.744843 8.442769 -91.234734 24.332195 1.000000e+37
972545 46074.375000 52546.609375 59039.140625 -151.936096 -53.203667 -172.550476 28.420429 1.000000e+37
972546 46089.773438 52518.281250 59054.625000 -191.328720 -149.305527 -72.082283 16.626612 1.000000e+37
972547 46066.140625 52527.734375 59077.312500 -91.863258 -58.817974 -214.976669 11.035172 1.000000e+37
972889 45643.457031 52034.042969 59762.328125 -88.888588 19.825169 -288.434784 22.535799 1.000000e+37
972890 45639.562500 52041.519531 59758.789062 -72.032867 25.280392 -296.074097 18.920231 1.000000e+37
994203 46133.898438 50386.269531 58824.582031 -111.904579 14.423397 -96.760208 25.836065 1.000000e+37
994204 46128.835938 50396.355469 58823.550781 -93.558434 -12.390132 -98.217773 11.166043 1.000000e+37
994975 44960.843750 52097.085938 60312.414062 -105.258354 -37.582359 -236.277542 25.631865 1.000000e+37
1005344 47948.410156 52352.750000 59400.445312 -126.323486 -29.102726 -168.621140 23.748089 1.000000e+37
1006549 45512.429688 51690.453125 59893.207031 -73.115280 6.270883 -258.431671 25.779039 1.000000e+37
1014570 46269.023438 50442.308594 60575.222656 -108.357628 22.040857 -192.028030 24.432306 1.000000e+37
1014571 46294.843750 50443.484375 60603.984375 -130.982666 12.659866 -155.034546 9.299634 1.000000e+37
1015507 46693.808594 50695.316406 59840.898438 -137.402786 1.341696 -174.359451 25.726549 -9.806365e+00
1018699 45254.988281 50534.597656 58526.449219 -125.433884 6.341526 -97.879135 22.965776 1.000000e+37
1038037 46379.308594 51773.812500 59252.316406 -173.967896 93.317307 -180.483795 27.787064 1.000000e+37
1038529 45131.433594 51613.773438 60344.558594 -101.080780 -8.237082 -227.309982 22.872372 1.000000e+37
1039561 46528.757812 51822.417969 59432.253906 -119.527054 80.531624 -97.201645 23.754671 1.000000e+37
1039562 46500.167969 51812.343750 59417.414062 -106.138947 64.141685 -87.545822 8.659835 1.000000e+37
1052216 47003.324219 52077.074219 59311.710938 -186.205276 -36.180973 -163.109344 22.980381 1.000000e+37
1052217 46984.839844 52083.105469 59293.613281 -174.138474 -27.074188 -150.239807 13.937006 1.000000e+37
1053976 45365.636719 51055.613281 60538.500000 -71.947296 4.861541 -174.460327 22.461895 1.000000e+37
1059780 46751.875000 51450.078125 59796.207031 -156.255814 83.069389 -190.618225 23.782593 1.000000e+37
1059781 46731.375000 51435.542969 59787.425781 -213.151840 22.803854 -74.818497 10.105304 1.000000e+37
1063996 44498.613281 52788.175781 59806.214844 -119.650101 -13.290512 -200.660233 19.991686 1.000000e+37
1070034 44992.722656 51456.691406 58879.851562 -76.986877 30.604458 -110.848122 23.853390 1.000000e+37
1071222 46614.875000 53479.027344 58686.613281 -120.295685 -0.571380 -86.583527 21.737898 1.000000e+37
1081511 45871.164062 51518.851562 59532.472656 -99.338730 46.104774 -226.486649 22.477160 1.000000e+37
1082870 46184.679688 52158.339844 59510.058594 -107.607498 110.591248 -229.453568 19.058823 1.000000e+37
1098003 44353.617188 52853.019531 59871.277344 -131.124588 -6.765955 -192.414749 17.907906 1.000000e+37
1098004 44355.851562 52846.707031 59888.492188 -138.585800 -4.252494 -199.589844 11.720437 1.000000e+37
1106146 46264.628906 52216.421875 59557.707031 -177.608063 -30.990494 -174.152695 27.685873 1.000000e+37
1107735 47543.613281 52823.003906 59622.109375 -148.415756 -22.482008 -194.912628 22.673435 1.000000e+37
1108466 44494.007812 52019.035156 58466.335938 -113.126030 12.784399 -108.178085 24.286341 1.000000e+37
1112472 44756.890625 52729.457031 58434.445312 -110.237694 -6.868097 -98.853897 21.416443 1.000000e+37
1116451 46112.828125 52599.484375 59163.863281 -126.821297 -117.269997 -126.684601 28.776892 -1.004990e+01
1126341 45153.437500 53260.070312 60875.105469 -99.723412 -54.673817 -217.496246 19.846781 1.000000e+37
1135749 44827.449219 51638.964844 60692.156250 -114.166084 -14.261336 -197.233643 21.071321 1.000000e+37
1145721 45586.882812 51865.210938 59438.339844 -30.645975 18.930750 -266.431580 20.937931 1.000000e+37
1158924 47270.312500 52914.128906 59713.882812 -112.877281 -77.503510 -202.016571 18.541975 1.000000e+37
1158925 47241.640625 52903.425781 59722.648438 -100.065750 -69.397278 -199.620911 10.044469 1.000000e+37
1168881 44916.582031 52975.652344 59000.347656 -113.557358 -103.755508 -155.589828 19.989342 1.000000e+37
1177554 44226.800781 52841.656250 59770.554688 -131.007950 -23.045715 -166.072083 19.916138 1.000000e+37
1185091 46132.472656 51749.902344 57902.437500 -125.279434 13.822049 -84.336548 20.841141 1.000000e+37
1199878 45886.582031 51582.429688 59426.707031 -109.731659 50.935974 -221.720947 20.387575 1.000000e+37
1201081 46567.195312 52735.742188 59428.832031 -162.104630 -101.492638 -204.657974 21.019869 1.000000e+37
1201082 46348.160156 51419.769531 59898.855469 -100.211655 30.679836 -223.607025 23.998777 1.000000e+37
1203470 46582.453125 53372.484375 59460.730469 -125.523071 -87.435089 -205.064178 20.524250 1.000000e+37
1207088 47433.105469 52989.402344 59635.207031 -112.266602 -59.283627 -221.593933 19.736677 1.000000e+37
1218201 44563.738281 52951.800781 60205.019531 -115.745766 2.563805 -203.683975 19.329981 1.000000e+37
1250856 47194.269531 50350.761719 59767.273438 -111.454346 -32.409374 -190.594727 21.175810 1.000000e+37
1252313 45041.257812 53015.882812 61013.203125 -96.401245 -40.628025 -232.355637 20.632113 1.000000e+37
1252314 46606.410156 52669.097656 59491.816406 -160.185028 -95.056976 -218.198563 17.388628 1.000000e+37
1255115 44541.828125 52490.070312 60574.136719 -104.747177 -14.517447 -189.752136 23.170584 1.000000e+37
1262594 45830.554688 52744.601562 59511.031250 -166.374557 -164.745743 -108.490829 20.748199 1.000000e+37
1276636 46148.578125 50669.066406 60019.875000 -49.855301 -14.890366 -193.255203 17.036966 1.000000e+37
1276639 44517.500000 52247.570312 58460.039062 -127.321678 13.093606 -90.030823 21.047989 1.000000e+37
1279761 47783.687500 52333.582031 59412.195312 -128.859299 -30.221054 -168.278732 17.247416 1.000000e+37
1283042 47528.691406 52047.605469 59067.906250 -135.996658 -8.533647 -99.833649 19.415619 1.000000e+37
1293192 44977.960938 52188.675781 60305.773438 -118.160858 -44.201157 -253.957275 17.252522 1.000000e+37
1300191 45619.492188 52636.574219 59379.152344 -32.078495 -139.058182 -27.934841 20.747536 1.000000e+37
1300192 46955.542969 52146.136719 59287.757812 -181.512253 -50.993359 -143.921295 17.158180 1.000000e+37
1320311 44289.859375 52589.019531 60324.394531 -99.828201 -13.090666 -208.753372 19.121031 1.000000e+37
1324093 44871.996094 52169.246094 60604.195312 -129.141769 -41.134220 -247.945633 19.536682 1.000000e+37
1333826 44829.753906 52763.335938 59845.800781 -100.218262 -39.764168 -210.386459 17.515253 1.000000e+37
1352207 45899.917969 52782.152344 59524.750000 -167.379242 -156.615143 -88.766174 18.241919 1.000000e+37
1354330 46234.054688 51844.738281 59356.398438 -233.914154 -53.888695 -189.567368 11.304655 1.000000e+37
1354331 46213.640625 51833.054688 59346.078125 -221.843750 -41.516441 -182.303101 10.825737 1.000000e+37
1354332 46226.445312 51851.343750 59351.097656 -234.348099 -50.199020 -170.764572 11.305360 1.000000e+37
1374028 46507.972656 51512.953125 59377.246094 -151.379944 84.195862 -121.695435 18.788010 1.000000e+37
1374032 45492.253906 50793.937500 58778.230469 -125.888771 11.681490 -83.399590 17.757763 1.000000e+37
1374033 45479.593750 50790.554688 58761.078125 -123.192444 13.245892 -85.646111 9.720517 1.000000e+37
1385384 44625.222656 52731.582031 59682.335938 -105.247589 -21.539888 -200.678848 19.476410 1.000000e+37
1387690 45830.433594 52115.125000 59602.242188 -24.537102 -91.247040 -70.364830 8.900189 1.000000e+37
1427727 47954.343750 52689.199219 58769.804688 -108.888847 -4.273952 -126.927635 18.678225 1.000000e+37
1444018 45174.000000 51529.445312 59018.941406 -112.409821 52.764050 -79.846054 16.935978 1.000000e+37
1446854 46199.507812 52241.457031 59356.808594 -248.718414 -89.395340 -263.873108 9.130715 1.000000e+37
1446855 46356.035156 51834.238281 59474.671875 -53.031525 86.011642 -145.591736 18.430037 1.000000e+37
1464089 45078.175781 52996.769531 59385.109375 -60.386032 -63.149471 -122.615196 18.159412 1.000000e+37
1479204 46307.968750 50782.167969 60193.597656 -76.698868 -81.265114 -177.755722 18.563507 1.000000e+37
1501501 44388.933594 52939.425781 60014.980469 -150.638443 -20.671721 -204.767563 16.510654 1.000000e+37
1504881 46604.808594 50992.437500 60175.226562 -112.703400 24.563202 -146.606323 16.060898 1.000000e+37
1511470 45796.316406 52100.449219 59224.910156 -97.930534 174.872299 -206.340820 16.100222 1.000000e+37
1514889 44751.925781 52046.640625 58732.367188 -93.714180 14.112220 -95.949593 15.683845 1.000000e+37
1514890 44678.378906 52762.816406 58272.933594 -110.827599 2.938397 -103.997734 17.186562 1.000000e+37
1514894 44536.738281 52606.140625 60493.519531 -102.321342 -14.079288 -187.575165 16.363863 1.000000e+37
1514895 44560.878906 52571.039062 60485.285156 -104.717842 -8.864103 -190.242767 9.956521 1.000000e+37
1525211 46103.328125 51539.832031 59345.050781 -108.675224 53.231640 -214.516403 14.845620 1.000000e+37
1528755 47940.000000 52706.882812 59627.898438 -123.104538 -24.678585 -204.690506 17.410753 1.000000e+37
1528756 44656.281250 51335.300781 60833.054688 -123.883736 -8.638764 -214.545639 17.471447 1.000000e+37
1543188 45566.812500 51493.785156 59859.109375 -76.821625 22.981926 -220.356415 18.763309 1.000000e+37
1554244 46025.625000 51646.195312 57804.585938 -121.691452 18.070314 -83.471268 17.464991 1.000000e+37
1558142 45626.710938 51779.351562 60027.070312 -69.907547 27.296139 -263.160156 14.425588 1.000000e+37
1558145 48112.371094 52596.140625 59477.546875 -114.056236 -39.061684 -169.930969 15.671503 1.000000e+37
1565946 45895.246094 51986.242188 59494.410156 -230.726166 74.804611 -131.210770 19.072618 1.000000e+37
1573890 46525.511719 53443.972656 58860.230469 -112.075546 -64.484367 -131.500275 18.304701 1.000000e+37
1602709 46427.730469 50882.289062 60320.722656 -99.812462 -49.269302 -183.824966 15.169887 1.000000e+37
1611379 46244.136719 51721.562500 59812.246094 -47.577435 70.222443 -231.368866 12.857116 1.000000e+37
1611380 46900.289062 51169.683594 59621.378906 -162.548340 24.374699 -129.874802 13.523791 1.000000e+37
1629504 46601.980469 52246.097656 59360.757812 -208.099274 -44.777763 -206.654922 12.633704 1.000000e+37
1634214 45131.859375 51658.820312 59041.707031 -104.088783 63.532360 -79.486717 15.444006 1.000000e+37
1653044 45214.910156 52411.457031 60269.226562 -106.116096 -41.094990 -257.338623 13.716951 1.000000e+37
1653046 46082.929688 52517.832031 59114.343750 -108.568443 -52.897007 -201.127380 15.259322 1.000000e+37
1662819 45216.261719 52513.925781 59156.140625 -33.185661 -125.358917 -144.609863 16.966749 1.000000e+37
1667851 46031.996094 52141.984375 59530.507812 -248.413223 78.115959 -242.564301 10.506753 1.000000e+37
1672981 45374.753906 52342.902344 59340.800781 5.001704 18.745657 -49.023434 13.175218 1.000000e+37
1688413 45329.984375 52367.375000 59163.109375 -4.770855 -128.445618 -135.269684 18.374187 1.000000e+37
1688414 46511.582031 51629.656250 59529.785156 -178.664734 115.820633 -118.307442 17.280447 1.000000e+37
1704382 45544.949219 52451.324219 59841.074219 -101.742332 -59.777790 -279.655609 14.730911 1.000000e+37
1704401 45351.238281 52734.710938 59134.671875 -12.326436 -26.912863 -84.611153 15.598252 1.000000e+37
1709892 46008.269531 50458.140625 58933.914062 -112.453262 10.707364 -91.040382 14.080091 1.000000e+37
1721098 46412.054688 50733.367188 60274.812500 -46.521759 -58.164284 -217.477127 14.373177 1.000000e+37
1721099 46523.812500 52034.515625 59758.214844 -225.278580 -53.324066 -127.631943 14.988172 1.000000e+37
1721122 44827.800781 52870.785156 59234.621094 -48.657425 2.964076 -142.220596 17.108780 1.000000e+37
1738534 47604.984375 52291.113281 59313.417969 -142.322174 -42.471096 -155.266449 13.113733 1.000000e+37
1750610 46352.519531 51553.191406 59834.089844 -216.368820 57.723522 -141.940338 15.996111 1.000000e+37
1756545 45655.707031 52505.671875 59488.554688 -45.688576 -149.631927 -191.618942 18.749674 1.000000e+37
1756546 45571.238281 52329.300781 59280.054688 -57.077721 -164.918640 8.469089 15.202122 1.000000e+37
1756547 46232.511719 51837.812500 59208.902344 -143.003662 57.969421 -128.994034 15.069295 1.000000e+37
1762625 46710.316406 51211.886719 59582.777344 -154.974243 52.721554 -142.703018 15.679894 1.000000e+37
1775027 45536.585938 53193.695312 60974.429688 -158.059387 -34.975574 -186.700577 16.148649 1.000000e+37
1775028 45340.476562 51722.058594 60348.648438 -79.255608 -16.614305 -227.079178 15.695047 1.000000e+37
1807713 47551.941406 52162.253906 59095.765625 -136.869888 -13.973973 -108.001076 13.206794 1.000000e+37
1814537 46130.500000 52318.011719 59291.582031 -61.442249 -119.415634 -217.593369 13.303928 1.000000e+37
1814540 46518.011719 53352.980469 58644.863281 -116.933159 -70.509499 -161.192566 16.004608 1.000000e+37
1814541 47475.984375 52313.519531 59348.285156 -143.737091 -39.885696 -153.610748 13.360826 1.000000e+37
1821363 44278.683594 53009.406250 59846.601562 -120.759529 -11.994847 -227.928040 19.520498 1.000000e+37
1828454 45884.894531 51150.550781 60300.480469 -73.401245 23.952118 -187.156021 13.442546 1.000000e+37
1835449 46245.300781 52165.871094 59299.984375 -140.793472 97.150749 -167.237976 14.402322 1.000000e+37
1835450 45138.242188 51284.667969 60723.921875 -91.870926 0.789634 -189.522247 13.455339 1.000000e+37
1842650 44459.582031 51881.152344 60689.859375 -74.008835 -40.989220 -199.693619 4.282129 1.000000e+37
1842672 46398.625000 53306.738281 58933.078125 -124.982368 -72.286659 -125.230949 12.688840 1.000000e+37
1842673 46291.835938 53076.546875 59126.535156 -134.569077 -99.511772 -105.410141 16.442265 1.000000e+37
1849994 45036.914062 51518.750000 60367.457031 -99.517136 -0.899274 -216.363342 13.419983 1.000000e+37
1857334 46397.585938 52062.027344 59404.835938 -196.964355 8.884851 -112.536369 16.678984 1.000000e+37
1857335 46303.160156 51288.218750 59466.050781 -117.162498 47.341572 -210.932724 15.472668 1.000000e+37
1864710 47492.332031 52360.753906 59108.984375 -127.243156 -18.716402 -115.065781 14.542544 1.000000e+37
1864714 47348.679688 50936.847656 59583.871094 -110.442184 8.160535 -144.771774 14.737034 1.000000e+37
1872495 44947.035156 52883.226562 59910.328125 -70.762375 -18.131830 -174.437317 14.608941 1.000000e+37
1880147 46618.769531 51664.414062 59885.667969 -138.265518 108.903854 -75.978714 15.229319 1.000000e+37
1880161 44317.500000 52868.695312 59080.644531 -77.734848 13.586853 -140.202042 13.025732 1.000000e+37
1920151 45483.343750 52224.109375 59349.625000 29.816534 56.487988 -55.766155 14.781139 1.000000e+37
1928554 46631.609375 53447.660156 58588.917969 -107.023575 -73.771126 -164.589996 11.461091 1.000000e+37
1928555 45953.589844 53084.550781 58928.953125 -108.351830 -76.973572 -70.324524 13.115960 1.000000e+37
1928560 45787.671875 50705.882812 58957.351562 -117.603600 14.044859 -84.446007 12.062412 1.000000e+37
1937213 45267.261719 52162.281250 60272.808594 -59.722301 -3.831113 -203.657867 13.680937 1.000000e+37
1945894 47093.226562 53297.226562 60284.406250 -115.248596 -43.608948 -218.884003 15.338430 1.000000e+37
1945895 45608.218750 52470.269531 59290.914062 -6.175470 -113.778328 -142.339584 12.010021 1.000000e+37
1945896 45603.925781 52402.152344 59175.316406 80.375732 -91.622330 -146.631058 11.776421 1.000000e+37
1945897 45900.429688 51303.816406 59970.136719 -67.802353 51.952152 -150.647095 13.812800 1.000000e+37
1945900 47889.679688 51941.902344 59081.812500 -124.129677 -11.838941 -114.442444 14.726643 1.000000e+37
1954616 46681.531250 53417.449219 58806.859375 -130.343475 1.232823 -91.436829 15.837154 1.000000e+37
1972820 45302.859375 53024.640625 58780.566406 -97.993668 -39.216888 -73.327850 16.136860 1.000000e+37
1972821 47168.875000 52267.078125 59311.343750 -155.483627 -24.526899 -102.884972 14.281892 1.000000e+37
1982096 46159.097656 52132.699219 59592.605469 -128.249359 -83.531487 -28.590912 14.037676 1.000000e+37
1982107 44879.390625 51567.042969 58667.699219 -84.450623 29.200485 -124.771156 13.841806 1.000000e+37
2000823 45953.628906 52040.281250 59074.039062 -145.435638 -100.533539 -145.173782 15.954234 1.000000e+37
2010543 45812.019531 52061.878906 59296.406250 -18.411180 -136.960358 -300.281006 11.518622 1.000000e+37
2020513 46247.570312 52239.472656 59451.402344 -222.211212 44.268600 -119.880348 11.215167 1.000000e+37
2051089 46876.785156 53224.054688 58963.562500 -140.382217 -16.296349 -117.272858 14.400369 1.000000e+37
2051090 47204.421875 52446.464844 59602.789062 -167.642654 -21.939875 -178.794327 12.648173 1.000000e+37
2051097 46542.328125 50631.015625 60495.335938 -116.616310 52.744167 -137.708313 17.281139 1.000000e+37
2072377 46218.980469 52262.898438 59381.835938 -244.532516 -87.608559 -266.486237 9.819903 1.000000e+37
2072378 45548.101562 52244.949219 59459.074219 53.884613 81.420860 -92.625031 10.749455 1.000000e+37
2072381 46338.890625 52239.882812 59503.871094 -221.433624 16.669235 -123.387299 16.812061 1.000000e+37
2083206 46474.062500 51985.714844 59342.566406 -114.242462 60.786575 -169.296417 16.305925 1.000000e+37
2083222 45426.136719 50813.121094 58732.046875 -122.505264 9.237057 -80.133514 12.031639 1.000000e+37
2094288 47303.585938 51041.101562 59893.582031 -103.063545 18.843082 -164.210632 9.897138 1.000000e+37
2094289 47311.238281 51044.257812 59880.332031 -107.719269 10.386416 -165.586075 7.996257 1.000000e+37
2117401 45891.449219 51933.695312 59735.453125 -39.875980 -59.666992 -154.115768 17.237379 -8.944030e+00
2117415 45911.570312 51105.582031 59756.988281 -77.022186 57.634602 -123.417786 13.566867 1.000000e+37
2129050 45767.148438 52527.359375 59186.050781 -171.603210 -91.986855 -246.208008 7.433533 1.000000e+37
2129051 44403.359375 53090.832031 59488.929688 -95.065758 -68.822922 -172.529785 16.415092 1.000000e+37
2129053 46304.472656 51270.656250 59420.207031 -113.798553 39.239029 -206.074219 11.939296 1.000000e+37
2141097 45651.695312 52945.531250 59795.636719 -117.869583 -117.329720 -226.290314 12.528605 1.000000e+37
2153301 46078.523438 52774.566406 59327.066406 -134.247330 -142.301437 -55.855232 10.704984 1.000000e+37
2153340 44322.945312 52468.328125 60431.136719 -101.748947 -18.747946 -204.614731 12.207584 1.000000e+37
2165711 46079.996094 50662.164062 60079.105469 -80.519226 -19.878185 -152.502762 11.632420 1.000000e+37
2191321 45735.558594 52503.179688 59291.246094 -146.910919 -230.244202 -142.076889 15.759542 -8.971154e+00
2191322 47059.140625 53423.589844 58681.132812 -122.792725 0.659428 -111.056602 16.209917 1.000000e+37
2217946 46224.035156 52820.820312 59198.230469 -162.671432 -137.045074 -206.823807 13.120299 1.000000e+37
2217947 45857.070312 52460.960938 58983.722656 -198.405075 -158.776352 -93.146095 13.659937 1.000000e+37
2217948 47052.585938 51117.183594 59654.125000 -143.883133 22.863459 -128.269394 10.294980 1.000000e+37
2217949 47089.777344 52723.242188 59558.835938 -130.804840 -54.058235 -234.188141 16.084248 1.000000e+37
2231944 46463.531250 53190.535156 59328.894531 -131.148804 -99.903839 -204.551254 11.791172 1.000000e+37
2231966 45247.691406 50971.210938 58611.964844 -130.072891 12.116932 -79.318237 11.472272 1.000000e+37
2246155 46161.335938 52257.195312 59523.441406 -23.263611 -112.981941 -108.646629 7.315327 1.000000e+37
2246156 46316.449219 53382.191406 58973.726562 -129.433090 -68.157082 -116.837929 12.149152 1.000000e+37
2246157 46020.914062 53066.101562 58778.527344 -154.135620 -96.359535 -140.960281 11.752661 1.000000e+37
2246168 46347.382812 51352.210938 60070.546875 -72.809311 25.034336 -197.441422 13.788424 1.000000e+37
2260354 46473.625000 52402.289062 59587.472656 -187.886932 -64.215271 -284.322449 11.592642 1.000000e+37
2260355 47069.250000 52208.535156 60005.718750 -144.614868 -38.356979 -244.716324 13.040664 1.000000e+37
2260357 44329.921875 52698.074219 59957.824219 -123.301346 -14.029364 -182.543457 12.997672 1.000000e+37
2260369 46453.191406 51476.496094 59933.851562 -100.444939 38.155464 -221.431702 14.353366 1.000000e+37
2274982 45886.476562 51376.871094 61012.390625 -130.690872 -46.130108 -232.334579 11.556125 1.000000e+37
2274984 46051.132812 52623.210938 59123.183594 -96.548073 -38.199677 -202.786469 12.593271 1.000000e+37
2304770 46403.578125 51573.937500 59298.394531 -106.849686 70.760544 -197.728821 13.322610 1.000000e+37
2304786 45509.253906 50650.429688 58638.218750 -119.406059 16.651661 -102.740570 9.858147 1.000000e+37
2320285 46934.078125 50631.359375 59654.632812 -134.674652 -23.510731 -203.838425 10.950812 1.000000e+37
2320286 46942.289062 50646.304688 59651.621094 -135.030472 -25.089491 -210.158417 9.078189 1.000000e+37
2320287 45493.226562 53274.238281 60919.097656 -115.043343 -23.968380 -187.521088 12.599371 1.000000e+37
2320288 45308.062500 53085.660156 60916.199219 -133.074066 -27.318857 -207.413956 13.373018 1.000000e+37
2320290 45495.992188 52959.320312 60692.976562 -149.499741 -52.955753 -222.759399 14.216520 1.000000e+37
2320292 46949.707031 53320.617188 58841.296875 -133.826691 -7.267019 -123.043861 12.062253 1.000000e+37
2320293 47032.445312 51595.980469 59593.464844 -179.692520 -8.708977 -91.181335 15.287379 1.000000e+37
2336402 44951.351562 53017.285156 59481.253906 -77.217468 -61.093334 -121.218819 13.832506 1.000000e+37
2336403 45488.765625 51951.441406 59819.808594 -82.781990 19.118361 -256.729126 16.034819 1.000000e+37
2336404 47574.347656 52322.539062 59362.835938 -140.910736 -30.357632 -166.633789 10.095243 1.000000e+37
2336450 45585.843750 51941.433594 59599.414062 7.257282 78.212746 -172.365967 11.985988 1.000000e+37
2352587 45477.109375 51827.156250 59875.468750 -58.461086 8.032217 -250.083908 11.902303 1.000000e+37
2369287 46136.546875 52215.367188 59395.437500 -261.612000 -54.154457 -280.653564 8.162696 1.000000e+37
2369291 45589.996094 51778.230469 59974.714844 -62.883049 2.383265 -272.347229 14.272791 1.000000e+37
2369347 44398.554688 52277.589844 60619.910156 -80.132195 -39.962940 -197.293762 12.968806 1.000000e+37
2386362 46025.902344 52406.699219 59097.464844 -76.108795 1.876588 -145.016220 10.172949 1.000000e+37
2386363 45583.949219 52277.464844 59429.437500 24.852894 -30.243134 -333.535004 9.290298 1.000000e+37
2386367 46176.125000 52586.109375 59921.316406 -155.080231 -94.757454 -263.435242 10.836697 1.000000e+37
2386429 44703.125000 52330.277344 60595.890625 -100.862335 -16.088505 -183.367355 12.964221 1.000000e+37
2403812 45925.476562 52120.953125 59243.183594 -189.390091 103.481544 -88.383850 14.442405 1.000000e+37
2403813 46009.546875 51719.515625 59695.882812 -130.467850 31.502623 -174.617294 13.177651 1.000000e+37
2403861 45405.015625 51494.851562 60536.781250 -75.297218 6.874119 -202.523834 12.250258 1.000000e+37
2421703 46467.039062 53094.292969 59265.878906 -140.130219 -106.000626 -196.282089 13.534460 1.000000e+37
2421704 45239.820312 53734.007812 58844.808594 -114.518112 -84.771011 -159.059067 11.186416 1.000000e+37
2439971 45067.269531 51634.304688 60319.421875 -94.081970 -1.744880 -213.256546 10.776062 1.000000e+37
2439972 45677.457031 53092.359375 60512.902344 -127.355362 -76.072098 -214.740402 12.309272 1.000000e+37
2439974 46131.539062 51513.332031 59697.972656 -79.262550 57.811821 -214.556686 11.086057 1.000000e+37
2458853 46541.257812 50887.601562 59544.582031 -128.259506 1.929629 -212.501389 12.393472 1.000000e+37
2458854 46267.699219 50604.316406 60287.925781 -16.294952 -0.761649 -181.005341 13.934148 1.000000e+37
2477835 46046.457031 52631.949219 59245.921875 -26.976509 150.141098 -132.021194 7.608871 1.000000e+37
2477840 46725.894531 52127.546875 59530.484375 -200.661316 -35.068905 -98.211662 12.717016 1.000000e+37
2477900 45304.222656 51030.125000 60608.777344 -69.867577 8.957303 -174.315308 12.998050 1.000000e+37
2497451 47494.210938 53289.539062 59978.074219 -110.459816 -46.821732 -223.635391 11.064027 1.000000e+37
2497456 45182.222656 53110.796875 61026.601562 -94.869232 -51.342525 -222.599258 14.113150 1.000000e+37
2497458 46752.027344 53662.933594 58513.781250 -126.719711 -47.533836 -185.124496 12.039880 1.000000e+37
2497460 46031.363281 52833.203125 59438.820312 -142.828461 -135.869980 -65.346367 10.109963 1.000000e+37
2497461 46619.968750 51475.921875 59888.839844 -205.481445 58.118740 -96.360916 11.155922 1.000000e+37
2497474 47486.589844 50828.343750 59616.195312 -85.114540 13.651122 -75.071732 12.682448 1.000000e+37
2497478 45983.769531 50119.476562 58815.195312 -110.772926 1.764390 -90.520798 11.600959 1.000000e+37
2517692 46558.851562 51308.394531 59457.136719 -135.831894 68.366516 -145.298660 10.480394 1.000000e+37
2517694 47493.457031 52262.589844 59113.101562 -128.322647 -10.255678 -103.937714 12.314028 1.000000e+37
2538051 47235.949219 52560.539062 61192.597656 -112.695671 -49.508533 -205.301056 10.751595 1.000000e+37
2538052 46886.875000 52357.484375 59725.195312 -157.197189 -39.901588 -253.484711 12.173487 1.000000e+37
2538081 45610.992188 50660.738281 58825.656250 -121.620064 12.939600 -90.931236 10.433533 1.000000e+37
2558979 45540.835938 53429.390625 60278.761719 -116.579323 -85.992973 -207.711456 11.229150 1.000000e+37
2558981 46405.160156 51927.941406 59795.847656 -229.746353 -30.251612 -156.379730 17.173363 1.000000e+37
2558982 46748.917969 50797.679688 59811.593750 -131.551041 8.455297 -169.949234 14.281753 1.000000e+37
2558985 45886.570312 52872.546875 58851.312500 -157.904663 -117.488365 -121.588097 13.501920 1.000000e+37
2580742 45674.054688 53101.527344 59942.894531 -120.109550 -101.922691 -217.585190 7.592533 1.000000e+37
2580746 47353.242188 52327.832031 59463.746094 -153.504929 -33.922329 -179.823044 11.029132 1.000000e+37
2580747 46990.628906 51145.054688 59838.644531 -172.769012 -13.227156 -110.496780 13.244494 1.000000e+37
2580791 46177.015625 51931.058594 57770.191406 -122.503654 10.306709 -84.832169 11.044733 1.000000e+37
2603084 45512.269531 53046.171875 60705.660156 -127.507660 -34.636032 -227.033539 11.298747 1.000000e+37
2603088 45878.621094 53370.996094 58690.074219 -110.034653 -102.623283 -170.484650 8.410583 1.000000e+37
2603089 46631.027344 53543.277344 58478.828125 -121.219666 -29.195116 -181.873581 10.430699 1.000000e+37
2603090 46171.910156 52048.664062 59648.773438 -61.577839 106.704651 -211.396118 10.510479 1.000000e+37
2603096 47598.679688 53213.847656 59706.574219 -103.267593 -74.241501 -182.589905 12.742334 1.000000e+37
2625954 46434.449219 52639.742188 59679.183594 -164.116180 -88.570610 -260.673340 12.190537 1.000000e+37
2625962 45818.699219 52596.179688 59221.000000 -16.914122 -179.383469 -123.108910 12.080217 1.000000e+37
2649514 46163.507812 52290.058594 59627.507812 -118.684448 -56.418468 -24.561779 9.766914 1.000000e+37
2649518 45880.257812 52070.230469 59782.320312 -58.520771 71.190681 -255.275131 10.550362 1.000000e+37
2649519 46144.074219 51562.582031 59461.484375 -245.675735 3.424081 -142.325119 9.563303 1.000000e+37
2673550 45779.000000 52508.429688 59243.359375 -221.177368 -69.823395 -233.034927 9.905508 1.000000e+37
2673551 46633.519531 52218.593750 59354.554688 -207.422409 -48.283192 -215.715897 11.706311 1.000000e+37
2698143 46147.523438 53032.753906 58701.210938 -142.242584 -87.805801 -119.897095 8.464447 1.000000e+37
2698144 44481.914062 52967.863281 59319.496094 -116.323051 -70.416420 -130.982941 12.250010 1.000000e+37
2698146 44318.589844 52935.953125 59968.734375 -80.498055 -18.285591 -253.429199 15.622919 1.000000e+37
2698147 46612.144531 51312.066406 59451.191406 -106.255325 60.086250 -178.826096 12.271065 1.000000e+37
2698166 46262.601562 51512.835938 59965.589844 -68.834503 47.796272 -206.554245 11.096034 1.000000e+37
2698167 46057.703125 50775.906250 60378.941406 -46.783432 12.238215 -158.089218 13.181024 1.000000e+37
2698177 46796.308594 50220.453125 59089.746094 -98.266068 3.907929 -84.280556 10.863003 1.000000e+37
2698204 44564.597656 53056.046875 60163.691406 -119.693474 -3.462119 -196.811417 11.772423 1.000000e+37
2723557 45945.507812 52358.964844 59116.308594 -132.722900 -21.225328 -305.738098 8.741262 1.000000e+37
2723563 46611.832031 52159.167969 59521.218750 -208.260071 -55.053051 -211.376282 9.738629 1.000000e+37
2723593 46533.039062 51953.601562 59799.421875 -196.561386 114.017151 -148.258347 11.006542 1.000000e+37
2723604 45681.089844 50654.085938 58805.824219 -123.569763 17.677885 -88.614891 9.307980 1.000000e+37
2749881 45576.140625 52311.269531 59323.605469 -134.870789 -3.950830 -215.119629 9.899113 1.000000e+37
2749882 46158.023438 51675.886719 61355.781250 -128.414047 -47.861050 -223.970230 10.770602 1.000000e+37
2749887 46624.031250 53814.699219 58692.394531 -103.448524 -39.408321 -133.537659 11.512166 1.000000e+37
2749888 45348.929688 52715.652344 59310.402344 15.271480 -20.078129 -139.540314 14.463833 1.000000e+37
2749889 47395.292969 52602.089844 59053.339844 -130.339981 -23.667929 -113.171089 11.765348 1.000000e+37
2749893 47409.390625 52930.835938 59759.898438 -104.234627 -78.907372 -198.733582 8.519787 1.000000e+37
2776679 45771.273438 51820.726562 59465.792969 -61.202633 124.792969 -118.233406 9.156842 1.000000e+37
2776680 46987.062500 53280.753906 58704.300781 -117.738976 -13.766618 -118.260605 12.417435 1.000000e+37
2776681 46207.593750 52291.230469 59200.585938 -267.120514 -58.705601 -88.163185 8.981238 1.000000e+37
2776684 47155.031250 52562.085938 59059.671875 -142.773544 -21.046869 -100.995255 12.411517 1.000000e+37
2776718 45226.054688 50999.867188 58576.378906 -125.694626 8.885538 -83.244545 10.355941 1.000000e+37
2776758 44784.816406 51210.886719 58505.246094 -110.446297 15.964260 -138.854446 13.073722 1.000000e+37
2804466 45297.863281 52609.929688 59138.355469 -9.482128 -89.268311 -157.731522 12.648963 1.000000e+37
2804486 45481.222656 50996.078125 60520.562500 -77.614578 12.589152 -167.183578 10.281870 1.000000e+37
2833026 44363.046875 51841.269531 60652.488281 -114.160179 37.893688 -190.692001 10.131090 1.000000e+37
2833032 45503.125000 52480.117188 59439.812500 14.253305 -103.336205 -260.715363 10.016949 1.000000e+37
2833035 46364.785156 52913.695312 58865.425781 -137.229416 -106.146637 -123.675880 11.994020 1.000000e+37
2833036 44567.761719 53222.535156 58907.339844 -110.753426 -23.689255 -135.987198 9.113207 1.000000e+37
2833039 46347.269531 52032.542969 59630.562500 -206.865051 24.563940 -75.491821 13.829695 1.000000e+37
2833040 47736.816406 52294.132812 59352.937500 -131.749603 -40.493744 -156.543228 12.381463 1.000000e+37
2833041 47760.328125 52622.726562 59216.031250 -127.340843 -42.731407 -161.394516 8.820349 1.000000e+37
2833043 47264.746094 52607.175781 59556.039062 -145.804230 -82.696037 -217.713562 10.535132 1.000000e+37
2862331 45885.835938 51979.312500 59137.628906 -146.024399 -35.927963 -88.611351 13.752192 1.000000e+37
2862333 46524.027344 53092.500000 59004.421875 -160.824753 -78.237541 -185.041428 8.788424 1.000000e+37
2862334 46511.582031 52224.703125 59184.242188 -220.105118 -52.708824 -118.297173 13.716160 1.000000e+37
2862426 45990.683594 51913.937500 59143.339844 -145.336258 -91.055061 -112.092720 12.246936 1.000000e+37
2892959 46505.906250 51787.734375 59462.535156 -147.063263 28.446520 -65.734497 10.195018 1.000000e+37
2892961 47011.273438 51176.605469 59857.125000 -171.228409 -13.596811 -101.660309 11.176979 1.000000e+37
2893001 45355.292969 50907.855469 58712.253906 -122.041229 12.846117 -91.954857 11.455619 1.000000e+37
2924377 45738.925781 53199.515625 60397.398438 -124.960106 -78.327255 -214.366180 11.395342 1.000000e+37
2924414 46517.839844 50986.402344 60166.300781 -118.344124 17.534353 -155.001053 12.840123 1.000000e+37
2924416 47660.359375 50904.003906 59752.582031 -109.703453 -32.027901 -107.394363 9.732312 1.000000e+37
2956824 45690.859375 53066.027344 60450.503906 -131.901077 -75.662781 -214.614517 11.251137 1.000000e+37
2956825 45586.738281 52240.882812 59489.152344 -26.910873 -29.326124 -339.750824 10.159061 1.000000e+37
2956828 46048.957031 52930.664062 59440.675781 -141.377060 -120.293274 -67.996277 10.860279 1.000000e+37
2956829 45662.675781 52626.453125 59162.386719 -178.585876 -166.554581 -71.825096 9.058065 1.000000e+37
2956830 45654.425781 51489.097656 60216.539062 -66.855522 13.090409 -214.059784 7.522288 1.000000e+37
2956862 45814.277344 51174.019531 59986.187500 -66.929794 48.190617 -142.114090 12.206388 1.000000e+37
2956898 46231.625000 53554.292969 58502.195312 -114.346855 -5.065764 -83.618767 11.429440 1.000000e+37
2990543 46659.894531 52359.089844 59689.148438 -170.677399 -50.168152 -265.793030 10.629072 1.000000e+37
2990544 45404.511719 52911.914062 60659.175781 -136.910583 -50.505791 -227.423416 11.611503 1.000000e+37
2990548 45256.917969 52511.953125 59186.359375 -6.566073 -70.322876 -187.835892 11.576035 1.000000e+37
2990553 47519.941406 51941.839844 59189.328125 -140.321777 -11.924435 -110.126205 9.011966 1.000000e+37
2990557 47291.453125 52576.644531 59610.769531 -148.063858 -62.492943 -229.668335 12.949778 1.000000e+37
2990581 45337.953125 50587.105469 58539.082031 -131.829620 13.193217 -102.339119 9.469883 1.000000e+37
3025247 46139.785156 51671.914062 59583.886719 -76.342255 55.492668 -243.877075 8.454078 1.000000e+37
3025260 45569.132812 51768.988281 60052.113281 -67.577560 -10.938579 -267.916321 11.565809 1.000000e+37
3025261 46126.382812 51956.097656 59241.222656 -251.097351 -20.942940 -162.132553 7.514868 1.000000e+37
3025303 47324.972656 50368.289062 59323.226562 -81.427765 6.263505 -74.193855 9.823449 1.000000e+37
3061290 46640.121094 53589.148438 58781.597656 -103.437386 -56.203060 -134.101074 9.115698 1.000000e+37
3061292 47875.464844 52752.390625 59738.648438 -127.275673 -30.539438 -179.683823 9.772409 1.000000e+37
3061321 45267.019531 51403.613281 59192.941406 -89.126900 59.559486 -114.906960 12.533950 1.000000e+37
3061322 45679.128906 50487.730469 59878.660156 -84.897484 21.348131 -126.075539 11.018856 1.000000e+37
3098285 44867.171875 52695.878906 58570.921875 -107.179726 -8.559993 -90.954720 9.667522 1.000000e+37
3098286 45988.324219 51872.136719 59537.640625 -84.815056 89.095299 -237.100479 11.441425 1.000000e+37
3098322 45426.398438 52154.289062 59430.628906 -8.636479 90.340096 -84.621933 11.101289 1.000000e+37
3098324 45319.066406 51928.531250 59005.812500 -60.570938 28.754143 -85.658638 13.240454 1.000000e+37
3098395 45156.378906 53133.335938 59173.468750 -79.915634 -72.124382 -112.070786 11.682256 1.000000e+37
3136669 46106.597656 52909.660156 58880.222656 -151.296432 -110.759926 -117.352547 7.631572 1.000000e+37
3136671 47299.531250 50583.753906 59373.730469 -120.351593 -29.873678 -142.211380 11.817440 1.000000e+37
3136672 46818.597656 52078.925781 59304.972656 -192.421982 -46.094727 -141.503464 9.160899 1.000000e+37
3176334 44864.062500 52302.980469 60858.160156 -130.628311 -38.849075 -243.216232 10.564442 1.000000e+37
3176343 46118.667969 52480.796875 59227.832031 -242.153763 -159.071411 -191.755707 11.414387 1.000000e+37
3176345 45505.292969 53867.910156 59277.816406 -125.666206 -83.854141 -193.835251 10.125976 1.000000e+37
3176348 46198.542969 52391.437500 59519.710938 -184.960419 36.015034 -163.391678 14.084187 1.000000e+37
3176350 46128.492188 52434.859375 59271.390625 -278.491852 -79.566399 -59.592602 9.075027 1.000000e+37
3176391 45994.097656 51836.089844 57870.941406 -120.685005 10.859643 -83.937225 8.744826 1.000000e+37
3217280 45635.656250 52630.566406 59254.609375 -134.101120 48.561321 -105.386559 6.926273 1.000000e+37
3217283 46808.488281 51008.476562 59358.937500 -149.767120 18.251984 -134.248993 9.226662 1.000000e+37
3217284 46964.589844 51938.214844 59286.250000 -190.931259 -25.649281 -164.260071 11.309591 1.000000e+37
3217324 46737.515625 51209.761719 60154.917969 -110.291489 35.330391 -171.791138 11.348053 1.000000e+37
3217410 44894.167969 52821.546875 60014.937500 -95.121414 -41.540924 -199.603485 10.894750 1.000000e+37
3260128 44998.257812 52162.523438 60337.554688 -119.067039 -40.108368 -241.086243 10.471360 1.000000e+37
3260129 45580.804688 52521.574219 60087.949219 -123.520844 -46.330490 -298.158752 10.979594 1.000000e+37
3260133 45303.613281 53237.929688 60870.070312 -97.083519 -55.162346 -209.901047 12.269365 1.000000e+37
3260136 45425.492188 52604.941406 59241.480469 -63.191315 -76.189781 -163.177658 12.820720 1.000000e+37
3260137 46373.121094 51936.804688 59723.199219 -103.579147 18.868229 -225.739120 12.644056 1.000000e+37
3260142 47674.476562 53114.550781 59763.734375 -99.143646 -92.128433 -218.082291 9.343314 1.000000e+37
3260170 45659.035156 51224.769531 60377.531250 -69.456017 31.727755 -187.424774 8.620276 1.000000e+37
3304592 45590.125000 52367.402344 59777.746094 -86.967758 -71.646042 -298.173920 10.808463 1.000000e+37
3304598 46181.785156 52103.242188 59615.695312 -81.355225 109.446022 -220.709198 7.504613 1.000000e+37
3304600 46318.238281 51980.332031 59350.480469 -149.811539 71.686707 -80.302307 8.306230 1.000000e+37
3304601 45798.511719 51914.457031 59680.632812 -60.927517 39.639858 -295.136719 9.314349 1.000000e+37
3304602 45834.828125 51785.304688 59326.937500 -111.328888 76.193115 -234.234909 7.590928 1.000000e+37
3304604 48002.019531 52345.832031 59501.503906 -129.913315 -32.009544 -168.941177 8.126081 1.000000e+37
3304732 44200.253906 51763.269531 59261.390625 -83.262535 7.385943 -152.867569 10.075774 1.000000e+37
3350948 46331.902344 52178.070312 59410.125000 -196.485428 35.835335 -122.480682 8.901252 1.000000e+37
3350950 46247.207031 51647.738281 59751.843750 -41.424484 115.558388 -147.697464 5.782433 1.000000e+37
3351001 46086.050781 51624.914062 59707.113281 -59.863487 101.115158 -131.161255 6.894767 1.000000e+37
3351002 45811.285156 50449.406250 59875.734375 -91.507927 25.640387 -114.953850 11.379107 1.000000e+37
3351018 45283.941406 50881.882812 58664.039062 -116.277573 15.307662 -94.707741 10.864887 1.000000e+37
3351019 45265.660156 50721.871094 58635.710938 -127.437202 6.968860 -83.839203 8.987124 1.000000e+37
3399052 46298.523438 53114.566406 59068.292969 -168.420166 -58.316578 -102.009201 7.978653 1.000000e+37
3399053 45671.132812 51541.484375 60031.945312 -85.908989 -11.262691 -237.798676 12.319069 1.000000e+37
3399057 46986.703125 52527.847656 59128.742188 -156.276108 -24.167025 -98.010719 11.334465 1.000000e+37
3399106 46148.562500 50859.269531 59114.921875 -108.953697 25.143883 -79.662773 8.739108 1.000000e+37
3399124 46783.660156 51220.757812 59511.210938 -125.115295 36.709282 -46.759090 11.629220 1.000000e+37
3399204 44847.968750 52931.585938 60034.843750 -94.026520 -10.122242 -197.994339 8.369681 1.000000e+37
3448869 44610.640625 51260.136719 60694.820312 -130.008255 -16.992432 -216.140259 10.348397 1.000000e+37
3448879 45766.476562 52724.953125 59379.289062 -180.824112 -173.493439 -87.218842 9.425523 1.000000e+37
3448883 46946.589844 53114.824219 58942.699219 -142.585251 -15.485334 -112.530411 8.169475 1.000000e+37
3448938 47073.308594 51132.300781 59882.878906 -152.113739 5.922629 -127.940285 10.801967 1.000000e+37
3449004 46422.011719 53079.203125 58943.945312 -143.947876 -11.489132 -61.271534 9.039849 1.000000e+37
3500792 45516.941406 52606.558594 60199.929688 -123.688263 -55.517361 -252.929962 9.903602 1.000000e+37
3500800 45428.265625 52682.843750 60492.453125 -125.731720 -50.759506 -262.928925 9.764642 1.000000e+37
3500803 45704.097656 52563.312500 60191.367188 -159.168060 -75.328018 -266.376526 9.162851 1.000000e+37
3500844 45400.289062 52720.511719 59456.253906 -109.615417 -79.926064 -197.045776 13.093915 1.000000e+37
3500863 45563.187500 50667.359375 58772.425781 -121.561668 15.764394 -89.406990 8.027176 1.000000e+37
3500944 44609.761719 51182.269531 58677.910156 -108.763489 -16.348301 -122.646011 9.644484 1.000000e+37
3500945 45412.074219 52915.328125 59528.605469 -50.601231 -101.211151 -105.603989 9.164311 1.000000e+37
3554795 44835.238281 52404.480469 61047.910156 -132.179794 -33.664989 -239.826233 9.066483 1.000000e+37
3554796 45107.675781 52263.488281 60336.644531 -112.477959 -42.361481 -252.572952 6.909403 1.000000e+37
3554808 45211.605469 53401.753906 60791.281250 -122.414558 -79.715889 -193.977356 11.457211 1.000000e+37
3554813 44538.046875 51882.113281 60760.035156 -116.069687 -83.441345 -157.823715 14.305152 1.000000e+37
3554814 46439.257812 52051.941406 59400.281250 -234.063400 -64.228470 -196.493408 9.501850 1.000000e+37
3554868 46479.371094 50819.097656 60292.304688 -89.480896 -1.245608 -222.534912 12.717560 1.000000e+37
3611144 47242.937500 52779.511719 60959.500000 -114.968994 -34.979935 -216.298721 8.889043 1.000000e+37
3611156 45582.457031 52526.820312 60317.128906 -139.412415 -66.597076 -258.293823 9.113817 1.000000e+37
3611157 46424.519531 52434.363281 59530.812500 -187.117828 -120.806946 -239.974243 8.028209 1.000000e+37
3611160 46721.027344 53445.828125 58619.789062 -124.987312 -66.935349 -177.555435 5.606944 1.000000e+37
3611161 45699.128906 52279.843750 59756.261719 -110.614296 -7.478731 -140.693100 11.491226 1.000000e+37
3611162 46252.796875 53028.710938 59170.457031 -135.845306 -99.399200 -103.087265 10.350405 1.000000e+37
3611164 45696.945312 52663.671875 59273.300781 -125.408508 37.253719 -97.974716 7.888681 1.000000e+37
3611165 46475.484375 52051.648438 59342.687500 -187.083313 70.415497 -147.361938 11.838361 1.000000e+37
3611168 46267.000000 53321.074219 58650.359375 -134.249802 -74.460609 -160.660690 6.913551 1.000000e+37
3670203 46085.796875 52571.109375 59959.734375 -151.092880 -92.506668 -266.478790 9.812727 1.000000e+37
3670204 46551.808594 53357.667969 59392.148438 -120.129425 -87.205360 -201.992599 10.203035 1.000000e+37
3670206 44489.925781 53148.972656 59499.003906 -80.049324 -80.502296 -145.722870 8.641688 1.000000e+37
3670207 46464.546875 53364.664062 58546.632812 -122.790176 -51.346481 -147.351257 8.680802 1.000000e+37
3670209 46226.136719 52229.375000 59323.871094 -209.330353 54.476330 -126.468323 12.268874 1.000000e+37
3670210 44766.804688 53190.062500 59205.140625 -100.267998 -47.854675 -113.691071 5.524437 1.000000e+37
3670212 48116.015625 52365.679688 59503.160156 -120.622231 -30.898129 -165.341476 9.059786 1.000000e+37
3670267 46310.679688 50858.542969 60393.343750 -104.661377 -41.832458 -181.546555 12.832382 1.000000e+37
3670276 46005.449219 51455.707031 59646.074219 -64.246933 86.002487 -130.478302 9.505042 1.000000e+37
3670277 45548.476562 52568.132812 59086.148438 -194.379791 -49.364460 -145.853592 10.815950 1.000000e+37
3670289 45491.152344 50653.585938 58725.140625 -117.715607 18.799219 -95.870895 9.324133 1.000000e+37
3670390 45117.460938 53033.507812 59255.285156 -76.551567 -75.321159 -112.909035 9.643551 1.000000e+37
3670392 45137.074219 52779.593750 59862.644531 -56.537292 -18.232092 -201.711777 7.926665 1.000000e+37
3731776 46946.046875 53126.996094 60116.328125 -122.682526 -52.915646 -226.324066 10.053982 1.000000e+37
3731779 45961.027344 50547.328125 60043.382812 -71.949150 -8.212620 -209.830017 11.563465 1.000000e+37
3731793 46044.867188 52162.105469 59179.996094 -164.112076 63.331474 -96.307198 9.025371 1.000000e+37
3731794 45811.257812 53291.820312 58598.824219 -108.985321 -44.492199 -89.618958 10.043640 1.000000e+37
3731797 47404.675781 52759.460938 59789.828125 -165.875137 -14.784497 -203.518738 4.846841 1.000000e+37
3731804 46299.445312 51709.472656 59906.609375 -182.363113 97.576805 -149.938248 10.023280 1.000000e+37
3731805 47369.414062 51800.917969 59089.031250 -141.027542 -14.939142 -99.967079 11.433863 1.000000e+37
3731858 45449.011719 50926.761719 60541.460938 -75.802826 12.844500 -164.001785 9.810573 1.000000e+37
3731859 45741.449219 51201.671875 60329.839844 -71.345993 32.946602 -190.507828 9.227005 1.000000e+37
3731866 45178.765625 51864.152344 58992.117188 -74.676201 34.874462 -75.498276 10.980735 1.000000e+37
3796247 45343.015625 51788.191406 59613.390625 -87.612144 29.357309 -246.216965 10.550362 1.000000e+37
3796257 45151.617188 52732.046875 59246.457031 -42.340504 -87.600479 -172.377396 10.763685 1.000000e+37
3796258 46182.867188 52213.785156 59351.253906 -163.454422 125.657127 -164.230896 9.576722 1.000000e+37
3796259 46393.984375 51730.859375 59844.335938 -207.381348 122.842659 -190.144516 8.826792 1.000000e+37
3796267 47531.734375 52007.023438 59132.894531 -138.101288 -10.300163 -111.612267 8.719234 1.000000e+37
3796329 45923.125000 50537.382812 60484.519531 -60.930580 8.261551 -148.722885 11.812846 1.000000e+37
3796419 46425.718750 52258.164062 57513.996094 -117.332253 13.613667 -96.810623 8.582141 1.000000e+37
3863979 45087.632812 53185.761719 60856.859375 -97.795731 -40.142216 -227.756943 7.472833 1.000000e+37
3863980 46115.808594 52654.421875 59427.925781 -109.492142 4.770559 -100.556961 8.067464 1.000000e+37
3863983 46269.867188 50959.644531 60049.914062 -107.983330 -24.062529 -176.326111 11.284309 1.000000e+37
3863984 46382.519531 50486.750000 60183.570312 -123.826721 -2.030000 -200.393280 7.516323 1.000000e+37
3863985 46207.023438 51828.183594 59563.500000 -159.741623 -29.783154 -129.373047 7.389977 1.000000e+37
3864044 45947.761719 51162.351562 60261.535156 -78.320824 17.276258 -186.897232 9.495428 1.000000e+37
3864199 45852.386719 51796.628906 60059.335938 -47.210464 -7.176010 -257.345184 6.261884 1.000000e+37
3935210 47106.500000 53314.671875 60308.945312 -119.050720 -46.714199 -224.952652 10.606236 1.000000e+37
3935237 44238.511719 52694.855469 59943.511719 -125.283768 -6.067944 -195.378006 11.241155 1.000000e+37
3935246 45072.828125 52999.359375 59467.941406 -65.728905 -61.038200 -128.762482 8.306537 1.000000e+37
3935247 45849.628906 51949.167969 59214.441406 -249.583130 43.817829 -121.018700 9.656948 1.000000e+37
3935316 46858.781250 51306.871094 59863.226562 -158.861740 44.261189 -181.042374 7.800557 1.000000e+37
3935317 45673.210938 51952.003906 59352.296875 -41.288315 140.414490 -104.985252 8.065688 1.000000e+37
4010170 47139.148438 52694.671875 59580.878906 -168.610611 -65.211113 -181.096268 8.699806 1.000000e+37
4010189 46226.910156 52789.488281 59927.187500 -142.655273 -98.350761 -241.873978 10.156608 1.000000e+37
4010190 46109.300781 52405.378906 59525.644531 -223.731827 32.116661 -131.025116 9.207351 1.000000e+37
4010191 45767.207031 53803.601562 59408.843750 -121.145157 -85.553612 -197.417419 9.471285 1.000000e+37
4010196 44873.742188 52991.312500 59004.835938 -80.121567 -54.099831 -120.137802 8.178760 1.000000e+37
4010197 46028.609375 50671.261719 59992.007812 -102.884399 -22.621222 -157.237671 11.274584 1.000000e+37
4010208 47561.312500 53379.671875 59575.695312 -105.941475 -60.774162 -182.378296 10.048088 1.000000e+37
4010256 46605.730469 51523.742188 59685.347656 -183.784683 -1.689063 -86.781944 8.918963 1.000000e+37
4010266 45620.042969 51264.835938 59116.921875 -103.481468 50.504402 -86.160812 8.676235 1.000000e+37
4088601 45417.945312 52610.929688 60156.097656 -92.190231 -42.544735 -253.920593 8.222771 1.000000e+37
4088602 44508.812500 51849.097656 60759.480469 -88.704475 -81.343925 -186.137192 10.372025 1.000000e+37
4088620 45728.683594 52788.316406 60384.011719 -150.140549 -70.609993 -245.323914 10.866782 1.000000e+37
4088621 45507.144531 53102.273438 60859.679688 -150.190491 -41.220428 -204.511246 10.238782 1.000000e+37
4088623 45844.617188 52009.878906 59527.949219 -89.819191 78.951416 -306.373627 7.666975 1.000000e+37
4088624 46171.906250 52776.812500 59000.441406 -188.808075 -116.776176 -167.522507 8.111252 1.000000e+37
4088625 46572.339844 52812.230469 59342.121094 -164.947525 -98.434326 -190.838303 10.053671 1.000000e+37
4088629 46540.660156 53368.863281 58675.468750 -128.172974 -66.460510 -173.354767 8.957871 1.000000e+37
4088633 45627.875000 52515.058594 59603.281250 -2.784253 -177.905334 -148.842041 9.351776 1.000000e+37
4088640 46711.238281 51319.039062 59643.671875 -184.744217 49.422253 -138.061508 8.379916 1.000000e+37
4088704 46414.925781 50674.550781 60373.546875 -119.232834 21.347498 -186.309616 9.382131 1.000000e+37
4088710 45586.203125 50963.136719 58906.968750 -112.983612 29.162472 -99.479599 9.161865 1.000000e+37
4088711 45556.207031 51722.664062 59357.710938 -83.494026 89.953018 -72.957710 8.983798 1.000000e+37
4088712 45455.605469 52025.691406 59147.929688 -41.128094 91.013992 -88.527519 8.852706 1.000000e+37
4088735 44923.968750 52025.585938 59016.664062 -87.741623 23.013765 -72.663094 6.739269 1.000000e+37
4088874 45408.972656 52949.898438 59342.328125 -55.349209 -109.482910 -118.148788 9.816175 1.000000e+37
4170947 47218.593750 52702.804688 61095.531250 -112.050949 -38.280506 -213.757034 7.661530 1.000000e+37
4170953 45299.429688 51704.386719 59731.074219 -82.610107 9.485858 -231.844238 7.378415 1.000000e+37
4170954 45429.121094 51515.910156 59722.632812 -58.120148 -8.847053 -252.234879 8.056998 1.000000e+37
4170956 44691.910156 51558.855469 60573.718750 -117.059845 -1.699160 -203.592484 10.001234 1.000000e+37
4170968 46162.328125 52600.664062 59897.964844 -154.737518 -90.337921 -259.951019 9.157879 1.000000e+37
4170974 45785.390625 52509.808594 59469.628906 -49.129707 -240.447250 -57.270817 7.211350 1.000000e+37
4170975 44920.429688 52639.929688 58495.140625 -102.478867 2.191610 -91.654259 11.411756 1.000000e+37
4170976 46250.515625 51870.453125 59188.019531 -146.231415 57.900219 -133.762665 7.604029 1.000000e+37
4170987 46703.386719 52868.652344 59412.183594 -155.810760 -91.326134 -195.364243 9.776345 1.000000e+37
4171057 47762.964844 50851.617188 59773.125000 -76.556602 -9.086777 -68.048149 7.735702 1.000000e+37
4171085 45324.597656 50896.582031 58658.457031 -127.197990 7.528212 -80.268860 9.263113 1.000000e+37
4171220 44373.746094 52612.050781 60323.242188 -84.817337 -4.422307 -197.181259 7.563744 1.000000e+37
4256514 45380.097656 52568.769531 60351.742188 -95.335243 -34.401146 -263.994781 9.151616 1.000000e+37
4256528 44484.457031 52919.480469 59502.058594 -105.945457 -28.052610 -184.350250 5.176609 1.000000e+37
4256529 44559.300781 53395.246094 59120.761719 -135.763580 -89.792130 -160.857559 10.553378 1.000000e+37
4256534 46026.703125 52852.484375 59493.742188 -148.646149 -137.978989 -75.556290 8.439561 1.000000e+37
4256535 46554.062500 51638.562500 59427.593750 -116.740700 103.212852 -147.316315 6.599346 1.000000e+37
4256536 47210.949219 51341.433594 59671.238281 -159.578949 -41.820763 -215.027237 8.939022 1.000000e+37
4256537 47174.343750 52591.171875 59538.046875 -143.397629 -81.566887 -189.649323 7.165719 1.000000e+37
4256542 46675.562500 52287.882812 59190.507812 -204.992538 -44.255783 -114.174217 7.531898 1.000000e+37
4256543 47022.078125 53375.632812 58596.160156 -147.798157 -19.352081 -159.760895 9.202186 1.000000e+37
4256548 46595.992188 53525.960938 58362.332031 -102.431953 -50.652668 -201.945999 11.026977 1.000000e+37
4256629 46603.355469 51757.011719 59964.707031 -157.492218 97.518623 -97.891090 8.731929 1.000000e+37
4256799 44192.648438 51565.285156 59312.433594 -85.492119 6.467582 -154.800446 7.858431 1.000000e+37
4256802 45752.062500 51599.011719 60223.863281 -60.165623 33.762482 -194.260544 6.553195 1.000000e+37
4345909 45756.722656 52404.230469 59584.109375 -128.800613 -129.708572 -360.507385 11.343823 1.000000e+37
4345923 46177.886719 53694.429688 60677.492188 -122.258720 -61.789051 -196.075150 8.283872 1.000000e+37
4345925 44732.214844 53150.992188 59014.433594 -92.061455 -36.180557 -128.246918 7.687928 1.000000e+37
4345928 45998.906250 52646.402344 59467.863281 -189.418304 -186.142731 -95.191307 8.109355 1.000000e+37
4345931 45901.433594 52111.332031 59701.152344 -56.643703 79.713387 -276.124298 9.139233 1.000000e+37
4345932 45280.855469 52485.167969 59470.753906 -15.054640 -59.733208 -232.041229 11.856040 1.000000e+37
4345933 46488.324219 50563.265625 60092.476562 -128.814102 23.097960 -177.139740 7.564137 1.000000e+37
4345935 46583.039062 51966.835938 59338.406250 -224.756256 -49.666122 -132.432251 6.694089 1.000000e+37
4345936 47433.156250 52210.503906 59286.253906 -149.720078 -34.021801 -157.476425 7.394249 1.000000e+37
4345940 46905.550781 51245.199219 59755.941406 -185.859283 -9.355225 -94.664200 11.519922 1.000000e+37
4345942 46641.949219 52701.117188 58950.332031 -181.797440 -53.898418 -132.245987 8.136473 1.000000e+37
4345946 45812.531250 52810.691406 58956.929688 -173.791351 -127.503914 -110.825562 9.711243 1.000000e+37
4345947 47077.304688 53581.898438 58513.937500 -134.507446 -28.478922 -173.860474 6.757644 1.000000e+37
4345951 47477.816406 53063.656250 59750.738281 -105.792007 -60.289333 -236.031723 8.264299 1.000000e+37
4346014 46849.699219 51355.531250 59776.195312 -121.292603 84.702812 -162.931992 8.129207 1.000000e+37
4346135 46992.281250 53471.968750 58793.503906 -104.630676 -12.154008 -108.106392 9.302623 1.000000e+37
4346209 45517.542969 52000.035156 60194.578125 -43.996914 -2.186604 -219.814392 8.176025 1.000000e+37
4346211 45463.468750 52541.492188 59612.042969 -19.009199 -93.377502 -246.852936 6.042029 1.000000e+37
