#subID	 subGroupNr x	 y	 z	 vx	 yv	 yz	 vmax	 B_MAG V_MAG M_star
#subID	 groupID	 kpc/h	 kpc/h	 kpc/h	 km/s	 km/s	 km/s	 km/s	 mags mags 10^10Msun/h
370239 687 69457.070312 52578.292969 27933.632812 109.115181 35.337940 84.678368 243.450470 -2.053411e+01 -2.139389e+01 6.440929
370240 687 69471.859375 52494.097656 27868.810547 183.176849 79.975151 138.933090 70.656242 -1.776613e+01 -1.853009e+01 0.281096
370241 687 69326.406250 52543.140625 28005.974609 -13.522861 164.548813 71.142555 63.425797 -1.698885e+01 -1.774009e+01 0.120097
370242 687 69669.835938 52742.449219 28115.490234 -33.601238 21.325142 -54.574184 58.856297 -1.477591e+01 -1.538419e+01 0.012734
370243 687 69581.898438 52397.812500 28054.246094 -20.886904 19.188595 263.698883 49.618954 -1.436455e+01 -1.474232e+01 0.004410
370244 687 69398.804688 52431.921875 27902.119141 187.337051 60.172543 134.387909 50.742405 -1.550336e+01 -1.626707e+01 0.038413
370245 687 69363.375000 52351.953125 28066.947266 67.248428 4.461754 -54.545830 30.401360 -1.101236e+01 -1.161334e+01 0.000475
370246 687 69381.828125 52770.406250 27875.996094 160.696472 -19.146326 -2.034671 36.389046 -1.241589e+01 -1.309286e+01 0.002210
370247 687 69369.554688 52338.652344 27931.171875 -31.310804 -49.240334 123.607368 31.103611 -1.080030e+01 -1.141853e+01 0.000489
370248 687 69470.476562 52449.179688 27683.994141 8.362101 17.873743 224.878067 23.304274 1.000000e+37 1.000000e+37 0.000000
370249 687 69520.125000 52562.128906 28007.136719 167.198273 230.771927 186.419266 30.382429 -1.141490e+01 -1.206731e+01 0.000868
370250 687 69496.617188 52762.394531 27867.566406 19.178577 -14.815428 -80.610435 23.545269 1.000000e+37 1.000000e+37 0.000000
370251 687 69530.687500 52732.406250 27887.826172 185.573212 -76.271286 85.952217 26.740662 -1.067586e+01 -1.128241e+01 0.000385
370252 687 69446.179688 52754.824219 27888.097656 239.386063 163.913452 210.871048 25.003229 1.000000e+37 1.000000e+37 0.000000
370253 687 69543.054688 52560.511719 27894.480469 31.422926 -165.318832 331.450623 26.250677 1.000000e+37 1.000000e+37 0.000000
370254 687 69534.234375 52815.687500 27806.980469 103.478134 68.633690 240.416809 21.244408 1.000000e+37 1.000000e+37 0.000000
370255 687 69526.710938 52810.789062 27966.535156 271.455902 -110.251617 55.906479 19.685011 1.000000e+37 1.000000e+37 0.000000
370256 687 69325.054688 52323.882812 28056.457031 60.849545 27.375902 148.420593 18.096426 1.000000e+37 1.000000e+37 0.000000
370257 687 69394.945312 52798.589844 27879.287109 294.480988 131.419327 166.423721 16.839594 1.000000e+37 1.000000e+37 0.000000
370258 687 69332.140625 52518.960938 27871.453125 144.448471 -233.919861 11.463081 19.970850 1.000000e+37 1.000000e+37 0.000000
370259 687 69329.835938 52511.222656 27994.710938 102.356186 32.889713 -60.790878 20.267221 -1.002414e+01 -1.060124e+01 0.000215
370260 687 69380.695312 52570.707031 28154.292969 60.967411 224.435242 17.094866 17.397259 1.000000e+37 1.000000e+37 0.000000
370261 687 69384.132812 52672.359375 28025.730469 -30.534807 -175.100769 36.330677 20.163931 1.000000e+37 1.000000e+37 0.000000
370262 687 69468.328125 52730.496094 28090.273438 135.016342 177.803085 68.295868 20.468630 1.000000e+37 1.000000e+37 0.000000
370263 687 69314.242188 52637.640625 27864.419922 -41.508045 183.458710 -1.186078 16.659685 -9.453562e+00 -1.005865e+01 0.000129
370264 687 69506.914062 52566.289062 27814.777344 169.639923 177.025360 318.471741 17.541355 1.000000e+37 1.000000e+37 0.000000
370265 687 69577.929688 52585.066406 27866.351562 199.636978 52.390533 311.781586 19.672218 1.000000e+37 1.000000e+37 0.000000
370266 687 69286.304688 52580.281250 27947.542969 126.803360 -54.463493 -38.528931 21.031534 1.000000e+37 1.000000e+37 0.000000
370267 687 69666.390625 52681.218750 28121.617188 7.359488 209.850845 -18.315533 13.276532 1.000000e+37 1.000000e+37 0.000000
370268 687 69402.750000 52472.937500 27819.666016 53.309292 103.908928 -50.816235 17.995117 -8.156396e+00 -8.726317e+00 0.000043
370269 687 69237.890625 52472.269531 27808.205078 188.419952 -69.582352 -58.414818 12.937057 1.000000e+37 1.000000e+37 0.000000
370270 687 69372.953125 52375.097656 27798.775391 289.592163 43.084110 -56.373093 14.491220 1.000000e+37 1.000000e+37 0.000000
370271 687 69500.335938 52803.203125 27927.615234 38.675213 35.635628 -107.394096 15.599833 1.000000e+37 1.000000e+37 0.000000
370272 687 69562.062500 52776.828125 27924.466797 5.018914 192.677002 58.104374 13.922125 1.000000e+37 1.000000e+37 0.000000
370273 687 69282.851562 52473.464844 27926.597656 159.735321 38.232357 -16.176853 16.734608 1.000000e+37 1.000000e+37 0.000000
370274 687 69446.718750 52566.250000 27977.283203 190.836731 -192.138397 338.519775 18.197441 -1.070587e+01 -1.137663e+01 0.000390
370275 687 69409.382812 52759.371094 27990.642578 21.388996 37.746307 10.836178 17.756784 1.000000e+37 1.000000e+37 0.000000
370276 687 69257.601562 52575.796875 27886.296875 131.414841 -154.915512 -61.789139 12.966037 1.000000e+37 1.000000e+37 0.000000
370277 687 69483.718750 52350.343750 28031.248047 -41.477951 123.175346 -28.240492 14.942884 1.000000e+37 1.000000e+37 0.000000
370278 687 69480.273438 52483.617188 27991.011719 203.381500 73.374641 306.040863 12.761440 -9.071548e+00 -9.715276e+00 0.000088
370279 687 69517.093750 52577.242188 27825.513672 -5.749079 184.015625 153.484573 18.047115 1.000000e+37 1.000000e+37 0.000000
370280 687 69672.734375 52783.304688 28132.326172 3.963944 159.392563 -35.328289 14.649558 1.000000e+37 1.000000e+37 0.000000
370281 687 69416.039062 52508.359375 27928.808594 260.213043 -84.659073 -43.957424 17.818687 1.000000e+37 1.000000e+37 0.000000
370282 687 69534.218750 52610.734375 27978.599609 92.542564 204.236008 53.558495 13.953332 -9.573337e+00 -1.021307e+01 0.000144
370283 687 69296.640625 52456.707031 28059.865234 67.019600 68.833656 72.006622 15.111379 1.000000e+37 1.000000e+37 0.000000
370284 687 69463.562500 52596.855469 27776.611328 228.990479 196.037918 137.972061 14.022916 1.000000e+37 1.000000e+37 0.000000
370285 687 69197.718750 52529.136719 27948.207031 263.564972 -36.788097 -72.955597 10.002105 1.000000e+37 1.000000e+37 0.000000
370286 687 69542.039062 52548.703125 28081.972656 19.558720 52.260860 257.417816 16.837971 1.000000e+37 1.000000e+37 0.000000
370287 687 69509.210938 52460.511719 28030.853516 315.071381 185.267639 186.552963 12.479755 1.000000e+37 1.000000e+37 0.000000
370288 687 69544.890625 52363.238281 28075.431641 161.511017 1.818414 227.100327 10.325212 1.000000e+37 1.000000e+37 0.000000
370289 687 69289.859375 52595.394531 27893.101562 -16.922197 56.503399 209.354233 13.375507 1.000000e+37 1.000000e+37 0.000000
370290 687 69486.609375 52497.027344 27922.226562 -32.706223 -69.216507 294.011780 15.565893 1.000000e+37 1.000000e+37 0.000000
370291 687 69454.125000 52743.253906 27974.794922 136.603745 -7.136066 -77.052574 12.488865 1.000000e+37 1.000000e+37 0.000000
370292 687 69497.617188 52769.507812 28020.054688 113.178169 45.385101 -66.998497 12.025175 1.000000e+37 1.000000e+37 0.000000
370293 687 69421.640625 52549.113281 27901.230469 284.241730 113.211128 454.019714 13.294367 -8.642532e+00 -9.207860e+00 0.000064
370294 687 69540.398438 52498.480469 28199.199219 -15.052767 -40.902782 31.528225 12.574428 1.000000e+37 1.000000e+37 0.000000
370295 687 69555.546875 52596.554688 27925.972656 410.841370 150.046875 128.203644 12.157205 1.000000e+37 1.000000e+37 0.000000
370296 687 69485.062500 52563.789062 28022.240234 105.021805 -154.233963 260.965942 12.171941 1.000000e+37 1.000000e+37 0.000000
370297 687 69398.851562 52604.718750 27829.593750 230.599304 144.209747 234.206253 12.510717 1.000000e+37 1.000000e+37 0.000000
370298 687 69389.609375 52641.382812 27860.480469 352.678741 44.950554 -2.856471 15.849275 1.000000e+37 1.000000e+37 0.000000
370299 687 69429.921875 52834.777344 27958.937500 199.169388 21.081125 -10.282168 14.373972 1.000000e+37 1.000000e+37 0.000000
370300 687 69391.867188 52618.156250 28123.183594 304.445007 -48.597630 4.445540 10.936275 1.000000e+37 1.000000e+37 0.000000
370301 687 69537.726562 52530.871094 28128.599609 179.608978 242.673050 115.929688 10.757394 1.000000e+37 1.000000e+37 0.000000
370302 687 69411.625000 52477.632812 27717.964844 175.159683 -51.282375 263.896210 10.757958 1.000000e+37 1.000000e+37 0.000000
370303 687 69415.570312 52443.730469 27804.748047 365.898071 80.163795 0.386715 10.714130 1.000000e+37 1.000000e+37 0.000000
370304 687 69500.437500 52682.585938 28041.560547 137.307388 -69.726135 348.649017 11.389466 1.000000e+37 1.000000e+37 0.000000
370305 687 69457.406250 52466.082031 28141.656250 -42.687943 222.312454 225.256485 8.012644 1.000000e+37 1.000000e+37 0.000000
370306 687 69319.531250 52695.113281 27765.546875 273.697357 28.942972 249.826630 8.427806 1.000000e+37 1.000000e+37 0.000000
370307 687 69309.085938 52566.406250 28030.697266 -4.095722 0.920194 -46.150105 13.764852 1.000000e+37 1.000000e+37 0.000000
370308 687 69585.523438 52572.800781 27905.900391 90.319649 -140.695236 185.107971 12.858450 1.000000e+37 1.000000e+37 0.000000
370309 687 69490.750000 52392.558594 27718.957031 -28.120863 17.994131 -34.483456 10.057431 1.000000e+37 1.000000e+37 0.000000
370310 687 69564.765625 52475.687500 27990.093750 164.021851 248.790710 273.491028 9.999978 1.000000e+37 1.000000e+37 0.000000
370311 687 69686.539062 52775.000000 28161.361328 -1.340216 -10.270446 35.834431 10.511374 1.000000e+37 1.000000e+37 0.000000
370312 687 69435.960938 52715.253906 27876.250000 173.914856 305.436035 113.845734 11.089366 1.000000e+37 1.000000e+37 0.000000
370313 687 69400.804688 52679.871094 27823.556641 284.163727 52.497845 94.426918 13.254926 1.000000e+37 1.000000e+37 0.000000
370314 687 69444.015625 52411.800781 27684.736328 54.045273 15.154196 18.534000 6.960024 1.000000e+37 1.000000e+37 0.000000
370315 687 69303.875000 52691.148438 27803.292969 190.817566 -24.887917 -0.409460 13.967546 1.000000e+37 1.000000e+37 0.000000
370316 687 69485.554688 52416.042969 27729.740234 189.324219 -113.265900 60.515759 7.718718 1.000000e+37 1.000000e+37 0.000000
370317 687 69354.750000 52515.289062 27824.445312 24.204206 1.760349 244.341324 10.697896 1.000000e+37 1.000000e+37 0.000000
370318 687 69360.421875 52362.890625 27921.146484 133.021545 164.157166 -78.394920 9.677787 1.000000e+37 1.000000e+37 0.000000
370319 687 69297.164062 52575.824219 27796.937500 199.205795 14.237004 -81.707314 11.130816 1.000000e+37 1.000000e+37 0.000000
370320 687 69596.718750 52437.675781 27877.755859 183.592712 156.020615 234.734009 11.332120 1.000000e+37 1.000000e+37 0.000000
370321 687 69506.867188 52826.734375 27796.207031 162.538040 110.224358 212.349747 9.199600 1.000000e+37 1.000000e+37 0.000000
415999 1374 69086.523438 53301.140625 28336.021484 125.348541 -77.611267 64.832108 230.848282 -2.169303e+01 -2.219075e+01 5.226757
416000 1374 68936.718750 53299.117188 28089.953125 105.298813 -56.222588 199.326538 66.733582 -1.579260e+01 -1.629262e+01 0.020904
416001 1374 69113.625000 53165.335938 28211.312500 144.876984 37.674671 153.722107 44.675785 -1.268293e+01 -1.331887e+01 0.002206
416002 1374 69113.671875 53357.671875 28331.927734 237.222031 -155.769257 216.032074 38.760624 -1.391119e+01 -1.458306e+01 0.006545
416003 1374 69190.460938 53242.632812 28361.056641 72.690857 -66.129601 -97.906769 35.146740 -1.225026e+01 -1.284205e+01 0.001157
416004 1374 69211.484375 53248.410156 28335.765625 88.624901 -103.437325 -25.448580 32.336319 -1.258572e+01 -1.327500e+01 0.002614
416005 1374 69035.671875 53428.953125 28345.232422 36.162838 -108.888588 220.209396 18.590862 1.000000e+37 1.000000e+37 0.000000
416006 1374 69266.062500 53246.691406 28431.357422 150.546066 -62.744659 80.593956 13.451067 -1.088683e+01 -1.147579e+01 0.000400
416007 1374 69120.375000 53162.171875 28286.662109 213.841400 -46.083939 20.957378 24.284763 -9.063091e+00 -9.629063e+00 0.000095
416008 1374 69057.484375 53348.429688 28480.310547 68.314110 -258.227325 61.883831 16.399134 1.000000e+37 1.000000e+37 0.000000
416009 1374 69161.835938 53310.476562 28289.173828 -46.060802 -122.962006 32.548733 19.377010 -9.667259e+00 -1.024440e+01 0.000151
416010 1374 69132.789062 53400.285156 28366.263672 270.957703 -173.887604 65.387093 17.480835 1.000000e+37 1.000000e+37 0.000000
416011 1374 68993.820312 53336.179688 28375.347656 109.117928 -27.624990 189.394791 13.174038 1.000000e+37 1.000000e+37 0.000000
416012 1374 69119.812500 53362.195312 28283.972656 243.197510 -212.882904 158.399841 18.298576 -9.597621e+00 -1.018412e+01 0.000114
416013 1374 69049.156250 53216.964844 28456.017578 53.776070 -59.053715 50.315479 19.070745 -9.828545e+00 -1.042488e+01 0.000166
416014 1374 69132.390625 53327.523438 28381.921875 -151.195343 -146.378647 -8.778483 15.632320 1.000000e+37 1.000000e+37 0.000000
416015 1374 69110.914062 53171.808594 28343.630859 54.507004 -26.495871 206.387543 12.987420 1.000000e+37 1.000000e+37 0.000000
416016 1374 69055.929688 53414.351562 28444.257812 222.534378 3.339941 -159.745758 12.255603 1.000000e+37 1.000000e+37 0.000000
416017 1374 69213.320312 53311.816406 28369.501953 -0.382479 -159.266724 172.499985 15.083780 1.000000e+37 1.000000e+37 0.000000
416018 1374 69063.195312 53216.750000 28300.279297 69.188393 -175.815079 -91.788872 13.619257 1.000000e+37 1.000000e+37 0.000000
416019 1374 68991.195312 53388.523438 28274.669922 -2.340828 -157.935181 40.390923 11.026761 1.000000e+37 1.000000e+37 0.000000
416020 1374 69270.156250 53404.625000 28363.923828 10.072163 -45.297432 101.994209 11.973911 1.000000e+37 1.000000e+37 0.000000
416021 1374 69142.585938 53188.812500 28392.449219 -3.829417 -58.425800 176.326126 11.303636 1.000000e+37 1.000000e+37 0.000000
416022 1374 69150.195312 53318.355469 28293.929688 173.859329 -107.410454 236.911346 12.555387 1.000000e+37 1.000000e+37 0.000000
416023 1374 69254.250000 53194.750000 28436.763672 175.594116 26.873217 120.235794 10.805541 1.000000e+37 1.000000e+37 0.000000
416024 1374 69144.179688 53365.640625 28364.085938 298.701233 44.375042 66.362808 10.605045 1.000000e+37 1.000000e+37 0.000000
416025 1374 69201.359375 53143.410156 28400.169922 155.111710 -216.493118 -8.299270 10.738855 1.000000e+37 1.000000e+37 0.000000
416026 1374 68948.242188 53438.718750 28392.083984 24.567453 -183.623367 -36.641602 9.202861 1.000000e+37 1.000000e+37 0.000000
416027 1374 69087.062500 53295.398438 28409.886719 243.699188 70.145607 189.067795 12.487940 1.000000e+37 1.000000e+37 0.000000
416028 1374 68912.328125 53242.351562 28047.824219 110.805748 -169.488434 177.887634 11.986732 1.000000e+37 1.000000e+37 0.000000
416029 1374 69130.460938 53249.332031 28410.980469 65.302032 58.892685 -72.497025 14.224353 1.000000e+37 1.000000e+37 0.000000
416030 1374 68950.554688 53344.445312 28072.673828 15.984184 -156.108627 140.082474 10.889235 1.000000e+37 1.000000e+37 0.000000
416031 1374 69005.171875 53344.285156 28380.294922 -48.336018 -172.362701 64.325981 11.766158 1.000000e+37 1.000000e+37 0.000000
416032 1374 69106.953125 53225.132812 28480.947266 -1.235627 -139.490524 102.477142 9.341799 1.000000e+37 1.000000e+37 0.000000
416033 1374 68965.046875 53323.593750 28282.697266 295.980927 -79.081818 208.024307 9.713593 1.000000e+37 1.000000e+37 0.000000
416034 1374 69042.703125 53444.839844 28407.103516 48.382282 -79.295235 -28.205006 12.679878 1.000000e+37 1.000000e+37 0.000000
416035 1374 69046.492188 53411.015625 28443.724609 109.409454 -259.752472 113.048119 9.503109 1.000000e+37 1.000000e+37 0.000000
416036 1374 68899.109375 53314.937500 28276.394531 138.679016 54.637051 -53.190712 6.478755 1.000000e+37 1.000000e+37 0.000000
416037 1374 69109.531250 53309.734375 28467.285156 220.739502 -228.816803 91.438667 9.836153 1.000000e+37 1.000000e+37 0.000000
416038 1374 69156.171875 53443.867188 28355.990234 107.758247 0.031116 16.929045 10.254754 1.000000e+37 1.000000e+37 0.000000
607453 21171 69062.609375 54269.636719 28446.679688 122.139999 -54.625484 144.848083 75.119392 -1.708624e+01 -1.748384e+01 0.042263
607455 21171 69147.843750 54286.011719 28479.177734 146.598099 -76.521172 126.643166 7.955783 1.000000e+37 1.000000e+37 0.000000
656139 36265 69577.132812 52413.480469 28233.419922 45.113094 -25.378660 39.523399 71.254105 -1.674266e+01 -1.728097e+01 0.060469
656140 36265 69604.890625 52368.058594 28176.146484 -10.621380 12.067177 22.684439 19.563524 1.000000e+37 1.000000e+37 0.000000
660185 37773 70388.898438 52671.195312 28136.554688 50.964714 -74.366684 50.355309 65.273178 -1.561798e+01 -1.620278e+01 0.022192
670321 41678 68740.703125 52940.375000 27845.382812 194.662552 59.630005 62.337181 60.654442 -1.472223e+01 -1.529532e+01 0.009949
670322 41678 68722.937500 52957.308594 27886.201172 211.808517 22.722523 87.557915 21.069841 1.000000e+37 1.000000e+37 0.000000
680827 46017 68992.046875 52318.664062 27856.021484 218.043518 64.144669 105.518837 59.443451 -1.522947e+01 -1.581113e+01 0.016048
681344 46227 68054.960938 53315.390625 27615.708984 138.297882 -76.887459 112.686813 54.292259 -1.502224e+01 -1.551074e+01 0.009257
729548 68968 70169.937500 53330.539062 28883.570312 49.265972 -56.415779 86.515327 51.384930 -1.382107e+01 -1.439805e+01 0.004289
746830 78264 68861.726562 53402.253906 28205.017578 175.091309 -182.089142 126.020172 46.050995 -1.299643e+01 -1.363308e+01 0.002578
753413 81923 69220.773438 54013.460938 28037.625000 68.567696 -72.951439 55.297245 43.733929 -1.283289e+01 -1.342881e+01 0.001841
753414 81923 69205.476562 54012.121094 28067.691406 82.509300 -88.466980 67.956161 22.188871 1.000000e+37 1.000000e+37 0.000000
756222 83475 69432.890625 53015.386719 28193.580078 190.581360 -28.297312 39.315952 46.838432 -1.317189e+01 -1.381531e+01 0.003329
772385 92549 70052.632812 53366.468750 28821.164062 66.174721 -71.229614 88.818619 44.369492 -1.188422e+01 -1.247895e+01 0.000917
885820 162746 69982.710938 52650.414062 28740.212891 49.523823 -86.199699 62.087883 32.008205 -8.462837e+00 -9.031371e+00 0.000056
905035 175631 69720.851562 52827.148438 27746.523438 150.773438 -67.622574 91.776031 34.697102 -1.379939e+01 -1.449733e+01 0.007449
926616 190627 69269.476562 53168.527344 28489.767578 213.707123 -34.709003 65.759697 33.843048 -1.183105e+01 -1.243284e+01 0.000848
927283 191093 68888.429688 53522.992188 28269.488281 107.238846 -128.401901 38.279545 36.193180 -1.192025e+01 -1.254728e+01 0.001136
951061 208390 69312.445312 52783.683594 27597.298828 42.168468 -16.781263 13.061091 26.817053 1.000000e+37 1.000000e+37 0.000000
951062 208390 69331.742188 52784.101562 27616.267578 49.559490 -48.391003 -3.543197 10.623662 1.000000e+37 1.000000e+37 0.000000
964697 218530 69586.953125 52873.835938 27486.169922 158.268036 -91.496552 108.260124 25.852856 1.000000e+37 1.000000e+37 0.000000
965396 219042 69508.070312 52882.304688 28214.480469 119.294014 -93.913162 28.384439 29.921328 -9.968728e+00 -1.053911e+01 0.000191
989070 237095 69168.914062 54147.707031 27946.039062 54.667534 -62.076939 60.096268 23.013988 1.000000e+37 1.000000e+37 0.000000
989071 237095 69141.171875 54133.312500 27943.316406 54.416706 -58.666771 71.534515 11.598839 1.000000e+37 1.000000e+37 0.000000
1003888 248567 69270.070312 53622.218750 27919.201172 126.017128 -113.226730 -29.021896 28.254381 -9.563236e+00 -1.013982e+01 0.000155
1021347 262350 70457.007812 52236.304688 28137.539062 41.577198 9.049671 269.893036 24.279766 1.000000e+37 1.000000e+37 0.000000
1049110 284721 69372.671875 52209.839844 27645.638672 44.964329 36.403114 33.762371 30.235254 -9.704296e+00 -1.026462e+01 0.000153
1050788 286092 68821.109375 54175.015625 28615.630859 79.213440 -44.918919 35.574528 25.715519 1.000000e+37 1.000000e+37 0.000000
1051374 286576 69249.406250 51727.703125 27742.894531 160.641327 123.501282 11.805390 27.582623 1.000000e+37 1.000000e+37 0.000000
1102104 328773 69297.000000 52654.070312 27632.298828 157.246872 188.788925 55.043114 17.410606 1.000000e+37 1.000000e+37 0.000000
1105107 331315 69911.062500 51827.687500 28274.322266 97.557533 40.433525 70.126831 22.223505 1.000000e+37 1.000000e+37 0.000000
1109758 335218 69362.875000 52694.242188 28279.789062 12.623944 68.192863 9.970102 28.967562 -9.371777e+00 -9.945817e+00 0.000136
1109767 335227 70350.085938 53447.425781 28880.835938 119.608086 5.341373 -18.811390 20.927845 1.000000e+37 1.000000e+37 0.000000
1112918 337911 70301.742188 53009.570312 28839.232422 55.203144 -68.186157 84.239868 21.927811 1.000000e+37 1.000000e+37 0.000000
1125986 349136 69116.609375 53071.902344 28300.117188 91.389893 -0.446287 0.162446 26.810774 -1.062953e+01 -1.119715e+01 0.000288
1138096 359552 70202.218750 52448.804688 28645.558594 48.451721 -107.376541 60.670155 19.845158 1.000000e+37 1.000000e+37 0.000000
1139883 361084 69563.789062 52584.843750 27715.472656 230.025665 -18.176136 103.278397 17.623705 1.000000e+37 1.000000e+37 0.000000
1139884 361084 69598.890625 52546.515625 27745.271484 14.939396 -88.623924 -55.862217 12.697158 1.000000e+37 1.000000e+37 0.000000
1143499 364211 68834.390625 53522.593750 27665.980469 60.341694 -76.189476 119.471870 22.815046 1.000000e+37 1.000000e+37 0.000000
1169517 386911 69190.406250 52606.425781 28058.166016 305.998199 -28.861294 10.193660 20.348606 1.000000e+37 1.000000e+37 0.000000
1169518 386911 69191.656250 52632.652344 28059.357422 305.543365 -44.937965 27.957949 13.489868 1.000000e+37 1.000000e+37 0.000000
1173837 390655 69175.093750 52444.972656 28364.044922 77.364120 -65.983459 -29.829155 22.974098 1.000000e+37 1.000000e+37 0.000000
1177091 393527 70267.796875 52077.050781 28487.296875 171.113968 19.447163 151.136154 24.170279 1.000000e+37 1.000000e+37 0.000000
1182478 398252 68076.898438 52456.843750 28248.166016 135.144608 -32.486588 43.973331 23.537703 1.000000e+37 1.000000e+37 0.000000
1186759 402085 69248.343750 52301.257812 27841.630859 47.919327 130.221024 -65.993446 23.175161 1.000000e+37 1.000000e+37 0.000000
1206550 419705 70330.507812 53001.636719 28951.238281 139.065933 17.465332 -42.010788 19.847443 1.000000e+37 1.000000e+37 0.000000
1221386 433002 69330.289062 52058.757812 27275.917969 153.529892 118.738617 68.706390 19.482212 1.000000e+37 1.000000e+37 0.000000
1232030 442565 69190.656250 52567.343750 27673.097656 106.814598 -10.056162 320.923187 18.451490 1.000000e+37 1.000000e+37 0.000000
1233386 443795 68763.328125 53231.882812 27870.156250 79.479164 -110.771942 132.981049 20.116619 1.000000e+37 1.000000e+37 0.000000
1233409 443817 68521.125000 52550.902344 28070.583984 177.628433 -10.350253 19.857531 21.106392 1.000000e+37 1.000000e+37 0.000000
1243090 452595 69763.203125 51649.042969 28304.978516 144.365433 127.068985 98.051445 20.210211 1.000000e+37 1.000000e+37 0.000000
1261956 469885 69763.835938 52302.191406 28067.154297 4.496550 110.891541 40.083469 23.332817 1.000000e+37 1.000000e+37 0.000000
1282376 488675 68460.039062 53486.015625 27799.808594 212.281555 -24.010382 -13.598320 13.816196 1.000000e+37 1.000000e+37 0.000000
1282377 488675 68441.773438 53483.421875 27789.220703 215.081726 -14.021002 -7.243613 9.752837 1.000000e+37 1.000000e+37 0.000000
1287387 493313 69459.101562 52304.558594 27803.146484 -18.318794 94.142570 175.991180 21.236723 1.000000e+37 1.000000e+37 0.000000
1289087 494880 69358.828125 52444.550781 27582.794922 161.628998 189.283051 168.500702 18.005245 1.000000e+37 1.000000e+37 0.000000
1332969 535790 69513.773438 52946.449219 27699.359375 160.928528 -17.304733 78.967873 24.490385 -8.578135e+00 -9.149808e+00 0.000066
1337064 539627 69044.882812 53458.257812 28473.058594 291.606812 -118.208885 63.467102 16.195560 1.000000e+37 1.000000e+37 0.000000
1351351 553045 69229.062500 54239.429688 28257.076172 150.521347 -2.490206 -23.526133 18.482510 1.000000e+37 1.000000e+37 0.000000
1364191 565186 70055.625000 52926.160156 28122.271484 65.725288 -35.827221 -46.140491 16.811964 1.000000e+37 1.000000e+37 0.000000
1375368 575804 68578.546875 53515.140625 28403.078125 137.284409 -57.178463 114.488625 23.682734 1.000000e+37 1.000000e+37 0.000000
1377625 577960 69144.117188 52960.253906 28545.685547 14.836418 -43.713367 6.135395 17.889982 1.000000e+37 1.000000e+37 0.000000
1418728 617460 68857.210938 53223.859375 28391.523438 106.512077 -136.487305 46.876080 15.392866 1.000000e+37 1.000000e+37 0.000000
1421330 619971 70108.445312 52950.222656 28544.460938 28.593622 -102.069397 147.541718 19.808624 1.000000e+37 1.000000e+37 0.000000
1445639 643499 69800.929688 51942.734375 27951.925781 17.847958 15.594608 105.686623 19.528290 1.000000e+37 1.000000e+37 0.000000
1454078 651709 68886.335938 53475.816406 27757.951172 74.199890 -74.229179 133.159637 19.189808 1.000000e+37 1.000000e+37 0.000000
1459840 657320 68704.132812 53294.382812 28250.119141 144.995575 -72.370102 149.469849 17.545734 1.000000e+37 1.000000e+37 0.000000
1481012 678034 68703.070312 52290.199219 27295.029297 117.680641 125.469109 73.093857 16.811928 1.000000e+37 1.000000e+37 0.000000
1496911 693663 69179.179688 52551.625000 28162.019531 105.067917 65.203606 -43.228146 22.580088 1.000000e+37 1.000000e+37 0.000000
1537871 734417 68236.289062 52565.738281 27485.962891 79.649620 88.145134 -3.100059 18.328960 1.000000e+37 1.000000e+37 0.000000
1541607 738128 70406.179688 53102.488281 28176.115234 45.603298 -88.830452 178.119568 17.814486 1.000000e+37 1.000000e+37 0.000000
1548825 745422 69440.859375 52526.785156 27379.126953 163.812653 142.818207 148.306610 17.076412 1.000000e+37 1.000000e+37 0.000000
1568214 764903 68900.187500 53439.824219 27950.074219 95.239479 -105.034309 158.026825 16.279348 1.000000e+37 1.000000e+37 0.000000
1568251 764938 69000.671875 53760.980469 28246.091797 182.445114 -71.487862 103.270920 20.956177 1.000000e+37 1.000000e+37 0.000000
1588184 785013 70029.101562 51807.226562 28435.767578 129.786942 -10.909527 47.532146 16.400364 1.000000e+37 1.000000e+37 0.000000
1592230 789121 69678.429688 52563.816406 28245.818359 -28.455452 -111.918823 -11.058002 14.282283 1.000000e+37 1.000000e+37 0.000000
1600862 797864 69515.078125 52233.535156 27981.775391 133.293945 -43.285316 123.290558 9.561391 1.000000e+37 1.000000e+37 0.000000
1613889 811221 68216.359375 52282.070312 27812.306641 121.363289 -28.623281 7.301087 19.194092 1.000000e+37 1.000000e+37 0.000000
1627553 825189 68631.070312 53416.105469 28300.144531 75.042671 -52.024746 137.858231 17.602165 1.000000e+37 1.000000e+37 0.000000
1632226 829970 69967.859375 52927.527344 28057.078125 56.061817 -49.359486 -41.146076 17.431166 1.000000e+37 1.000000e+37 0.000000
1646340 844429 69152.125000 53668.570312 28594.744141 6.566698 -94.218933 35.493824 17.332409 1.000000e+37 1.000000e+37 0.000000
1651072 849301 68927.718750 52517.960938 27761.652344 220.901535 143.000290 49.769520 17.118332 1.000000e+37 1.000000e+37 0.000000
1660732 859261 68816.625000 53488.078125 27726.343750 65.041222 -86.055862 114.955078 16.689358 1.000000e+37 1.000000e+37 0.000000
1681047 880274 70147.281250 53027.585938 27999.220703 57.309368 -69.171379 13.824029 16.924530 1.000000e+37 1.000000e+37 0.000000
1702020 902169 68805.000000 53299.105469 27953.476562 104.546494 -94.032402 153.451828 13.662552 1.000000e+37 1.000000e+37 0.000000
1702073 902221 69077.085938 53551.000000 28440.042969 31.316996 1.131031 74.556747 17.017260 1.000000e+37 1.000000e+37 0.000000
1702122 902271 69783.671875 53583.851562 29155.597656 145.464996 26.977594 -30.906279 16.352297 1.000000e+37 1.000000e+37 0.000000
1707514 907905 69179.421875 53554.597656 27555.693359 79.371239 -35.458183 96.003624 11.897397 1.000000e+37 1.000000e+37 0.000000
1748116 950452 68651.335938 53265.527344 27949.835938 82.898911 -126.520973 105.521469 16.916349 1.000000e+37 1.000000e+37 0.000000
1759982 962978 68913.734375 53481.800781 27848.310547 82.649948 -89.166016 142.125610 15.325834 1.000000e+37 1.000000e+37 0.000000
1766151 969502 69647.789062 52794.660156 27970.437500 215.669403 -38.410557 147.744827 13.558947 1.000000e+37 1.000000e+37 0.000000
1766159 969510 68734.179688 53682.105469 28292.812500 83.629555 -135.834671 55.162067 15.820876 1.000000e+37 1.000000e+37 0.000000
1778872 982990 69818.015625 52919.550781 27928.185547 35.014111 -76.557777 -37.382271 11.548796 1.000000e+37 1.000000e+37 0.000000
1778873 982990 69822.140625 52904.269531 27922.269531 25.628740 -75.144196 -39.447083 10.070260 1.000000e+37 1.000000e+37 0.000000
1785235 989770 70278.835938 52073.597656 27764.867188 102.342247 118.322174 119.449394 14.904051 1.000000e+37 1.000000e+37 0.000000
1804896 1010761 69201.070312 52252.027344 27691.785156 168.728195 -42.822941 206.755615 18.553005 1.000000e+37 1.000000e+37 0.000000
1818386 1025241 69278.492188 52393.265625 27987.931641 133.197723 34.447872 -77.847427 13.103106 1.000000e+37 1.000000e+37 0.000000
1818509 1025367 70362.523438 52801.679688 28080.654297 25.624559 -82.614639 53.190342 16.096848 1.000000e+37 1.000000e+37 0.000000
1825423 1032807 68999.968750 52782.882812 28127.548828 139.656281 31.061329 178.134979 14.476666 1.000000e+37 1.000000e+37 0.000000
1832449 1040392 69277.085938 53352.140625 28219.835938 153.684204 21.991993 17.663486 17.574797 1.000000e+37 1.000000e+37 0.000000
1832466 1040411 68068.453125 53040.570312 28233.320312 152.155380 -54.216679 90.811974 15.508618 1.000000e+37 1.000000e+37 0.000000
1832516 1040462 69282.156250 52142.675781 27464.072266 136.065903 150.612366 95.136749 14.641369 1.000000e+37 1.000000e+37 0.000000
1839557 1048087 69217.015625 52340.894531 27713.724609 200.090012 -47.937679 103.341576 16.495590 1.000000e+37 1.000000e+37 0.000000
1839558 1048089 68725.078125 53658.367188 28342.339844 88.694000 -131.923843 24.615398 13.792558 1.000000e+37 1.000000e+37 0.000000
1846786 1055855 68769.242188 53269.441406 27755.783203 51.359058 -37.619801 121.910332 14.566545 1.000000e+37 1.000000e+37 0.000000
1854187 1063805 69458.843750 52265.386719 27885.140625 46.930504 -4.553641 52.386646 10.775905 1.000000e+37 1.000000e+37 0.000000
1854200 1063818 68875.781250 53293.281250 28596.736328 105.425476 -73.487732 148.251434 15.945924 1.000000e+37 1.000000e+37 0.000000
1869088 1080064 68899.578125 53017.269531 28545.128906 66.167488 1.712000 18.137938 15.457588 1.000000e+37 1.000000e+37 0.000000
1892348 1105369 68850.390625 53570.238281 28267.400391 116.872887 -101.053787 35.862843 19.018627 1.000000e+37 1.000000e+37 0.000000
1908367 1122949 68891.234375 53141.992188 28473.802734 33.072586 -4.578348 -22.398735 14.678864 1.000000e+37 1.000000e+37 0.000000
1908433 1123021 68553.078125 52050.179688 27736.294922 136.349655 4.132337 59.098263 15.341221 1.000000e+37 1.000000e+37 0.000000
1908451 1123038 69606.820312 53080.460938 27904.548828 159.239563 -9.241227 117.753120 19.142910 1.000000e+37 1.000000e+37 0.000000
1916581 1131973 69696.492188 52631.296875 28256.714844 124.808784 -51.005207 144.801544 13.094449 1.000000e+37 1.000000e+37 0.000000
1916662 1132054 69824.156250 52931.164062 27891.671875 37.177818 -84.992867 -22.854031 15.859006 1.000000e+37 1.000000e+37 0.000000
1916719 1132115 69083.421875 53489.699219 27865.271484 16.811018 -31.362850 4.431313 12.193438 1.000000e+37 1.000000e+37 0.000000
1933405 1150510 68534.421875 53364.203125 27845.361328 220.069870 -21.437872 -13.864851 13.652657 1.000000e+37 1.000000e+37 0.000000
1933471 1150576 68825.171875 53490.078125 28340.480469 79.293137 -152.384583 -31.149162 10.499259 1.000000e+37 1.000000e+37 0.000000
1942211 1160171 70304.156250 52096.445312 27831.675781 44.106667 33.759178 257.926300 15.294951 1.000000e+37 1.000000e+37 0.000000
1959696 1179597 69286.320312 52277.054688 27870.476562 233.954025 6.439215 221.693085 12.271686 1.000000e+37 1.000000e+37 0.000000
1968835 1189784 69462.695312 52370.636719 28220.826172 154.411362 180.608444 74.383057 15.152012 1.000000e+37 1.000000e+37 0.000000
1987417 1210568 68853.781250 53562.671875 28482.744141 67.342812 49.417076 61.006039 10.956474 1.000000e+37 1.000000e+37 0.000000
1987432 1210583 69113.539062 53576.007812 28001.318359 185.563324 -82.272011 80.648888 15.646253 1.000000e+37 1.000000e+37 0.000000
2016306 1243113 68991.742188 53592.218750 28049.388672 184.536682 -70.985878 33.390099 13.899548 1.000000e+37 1.000000e+37 0.000000
2026184 1254260 69225.718750 53264.320312 27949.357422 151.156845 84.998695 127.508446 17.395603 1.000000e+37 1.000000e+37 0.000000
2026203 1254280 69211.414062 52348.605469 27591.683594 177.786407 180.983490 100.743675 18.685312 1.000000e+37 1.000000e+37 0.000000
2036156 1265626 68384.257812 52119.726562 27464.412109 127.180267 125.901016 9.752869 16.154261 1.000000e+37 1.000000e+37 0.000000
2036170 1265640 68075.546875 52698.792969 27662.554688 110.402519 -20.004078 -22.806896 14.728373 1.000000e+37 1.000000e+37 0.000000
2046608 1277503 68952.843750 53744.917969 28391.363281 57.510841 -26.578590 37.028969 16.326269 1.000000e+37 1.000000e+37 0.000000
2057048 1289354 69152.781250 52637.195312 27959.802734 304.881561 -9.670557 14.135190 11.369264 1.000000e+37 1.000000e+37 0.000000
2057152 1289469 70226.546875 52837.917969 28494.675781 120.459236 0.592143 -64.297142 14.313830 1.000000e+37 1.000000e+37 0.000000
2067841 1301625 69554.632812 52776.914062 27466.679688 71.305969 3.885455 61.783321 17.423197 1.000000e+37 1.000000e+37 0.000000
2089631 1326637 69202.960938 51778.378906 27932.236328 155.714386 149.293365 29.123310 14.035586 1.000000e+37 1.000000e+37 0.000000
2089632 1326638 69806.164062 52136.933594 28619.181641 132.648453 139.102493 105.159950 13.806952 1.000000e+37 1.000000e+37 0.000000
2100873 1339625 69089.531250 53955.261719 28190.162109 52.582394 -83.972969 70.498192 15.690618 1.000000e+37 1.000000e+37 0.000000
2112494 1352980 69450.062500 52964.621094 28282.169922 121.077621 -58.438480 44.733120 16.947691 1.000000e+37 1.000000e+37 0.000000
2148133 1394447 68954.156250 53739.941406 28599.958984 34.298584 -84.346481 9.425415 14.533541 1.000000e+37 1.000000e+37 0.000000
2160338 1408712 69107.085938 53111.832031 27553.330078 227.027451 -40.296291 51.714092 12.416197 1.000000e+37 1.000000e+37 0.000000
2160436 1408816 69033.117188 53687.480469 28347.498047 66.883080 -34.659447 26.969231 14.604948 1.000000e+37 1.000000e+37 0.000000
2160456 1408840 70365.585938 52424.730469 27824.781250 60.890053 57.735176 137.854538 13.417386 1.000000e+37 1.000000e+37 0.000000
2172947 1423606 69788.242188 52683.562500 28119.162109 143.231506 -85.244804 206.710373 13.792816 1.000000e+37 1.000000e+37 0.000000
2172968 1423631 69301.562500 52564.984375 27553.005859 70.553528 -7.661604 312.292786 12.743207 1.000000e+37 1.000000e+37 0.000000
2185777 1438783 69552.109375 52131.832031 28606.238281 39.914036 -42.942532 56.688740 12.564441 1.000000e+37 1.000000e+37 0.000000
2185779 1438785 70297.984375 52169.320312 28677.917969 16.450912 -79.573967 133.020294 17.322569 1.000000e+37 1.000000e+37 0.000000
2198849 1454295 70393.257812 52260.140625 28233.810547 62.041649 -100.130371 61.754395 14.920340 1.000000e+37 1.000000e+37 0.000000
2198850 1454297 69722.187500 52779.000000 27751.716797 109.043755 -72.202316 126.963028 21.063511 1.000000e+37 1.000000e+37 0.000000
2212163 1470130 69201.968750 52542.082031 28078.185547 311.373596 -10.978232 -11.757787 12.569798 1.000000e+37 1.000000e+37 0.000000
2212189 1470156 69008.835938 53796.609375 28162.029297 172.497406 -55.441013 113.829811 18.799841 1.000000e+37 1.000000e+37 0.000000
2225827 1486306 69874.656250 52506.140625 28282.423828 80.654633 180.430725 61.468273 12.809736 1.000000e+37 1.000000e+37 0.000000
2225941 1486430 69378.203125 52864.417969 27871.830078 254.959412 80.844566 181.125443 15.536500 1.000000e+37 1.000000e+37 0.000000
2240150 1503254 68909.132812 53826.167969 28219.066406 146.944901 -41.813934 33.484234 16.635374 1.000000e+37 1.000000e+37 0.000000
2254243 1520159 69386.343750 52645.832031 27556.458984 149.742172 145.855560 101.855278 11.986625 1.000000e+37 1.000000e+37 0.000000
2254244 1520160 70450.757812 52299.371094 28266.265625 54.254585 -104.014931 52.897659 10.065564 1.000000e+37 1.000000e+37 0.000000
2254245 1520161 69209.648438 53964.121094 28746.494141 26.138968 -55.908348 55.470284 11.550104 1.000000e+37 1.000000e+37 0.000000
2268532 1537490 69106.460938 53130.222656 27760.195312 99.144852 -156.449127 26.032415 13.158429 1.000000e+37 1.000000e+37 0.000000
2268791 1537772 70237.601562 52691.878906 28077.791016 77.192009 -30.900753 -36.943535 12.445195 1.000000e+37 1.000000e+37 0.000000
2298382 1573904 69491.812500 52753.972656 27678.880859 137.192596 173.570938 156.055344 15.279879 1.000000e+37 1.000000e+37 0.000000
2298495 1574031 70190.968750 52518.500000 27928.843750 53.509975 -29.088385 -17.911484 11.953754 1.000000e+37 1.000000e+37 0.000000
2329534 1612104 68953.851562 52527.175781 28493.060547 200.864212 13.490978 42.936558 12.913459 1.000000e+37 1.000000e+37 0.000000
2345640 1631916 69428.289062 52605.324219 28218.300781 158.674881 145.141251 120.035690 11.374686 1.000000e+37 1.000000e+37 0.000000
2345802 1632093 68467.585938 52509.875000 28028.666016 172.817886 -3.504410 20.969244 13.944944 1.000000e+37 1.000000e+37 0.000000
2345804 1632095 69497.367188 51915.996094 28174.988281 51.162415 74.408615 43.542870 12.627703 1.000000e+37 1.000000e+37 0.000000
2345949 1632261 69252.390625 53174.921875 27423.812500 101.557487 -51.027046 66.791115 13.374324 1.000000e+37 1.000000e+37 0.000000
2361991 1652172 69550.992188 52824.625000 28694.988281 19.745306 -88.222153 76.320335 12.847092 1.000000e+37 1.000000e+37 0.000000
2361994 1652175 68627.312500 53542.140625 28278.937500 144.009705 -63.598610 133.985580 12.838841 1.000000e+37 1.000000e+37 0.000000
2378872 1673234 69257.726562 53702.394531 28651.921875 119.952644 -127.785118 83.411819 16.420950 1.000000e+37 1.000000e+37 0.000000
2414023 1717649 69693.554688 51783.312500 28517.451172 124.361115 119.836601 138.458359 12.350143 1.000000e+37 1.000000e+37 0.000000
2432111 1740719 69509.039062 52738.070312 27616.468750 -46.685368 144.034134 108.627640 9.560186 1.000000e+37 1.000000e+37 0.000000
2469625 1789199 69470.000000 52278.683594 27704.175781 98.093628 -85.248772 208.666031 14.402684 1.000000e+37 1.000000e+37 0.000000
2488939 1814868 68825.601562 52269.707031 27074.400391 53.856739 16.229124 227.131760 10.855822 1.000000e+37 1.000000e+37 0.000000
2488942 1814871 69596.812500 51931.265625 28157.189453 48.813061 51.083084 29.445370 11.581308 1.000000e+37 1.000000e+37 0.000000
2508722 1841545 69279.539062 53371.621094 28296.072266 -62.765869 -101.668861 63.273090 10.290094 1.000000e+37 1.000000e+37 0.000000
2508904 1841744 69165.359375 52619.910156 27769.818359 122.520348 -166.800323 130.961502 10.461533 1.000000e+37 1.000000e+37 0.000000
2508905 1841745 69366.296875 52455.187500 27680.941406 147.030563 180.495850 -51.725227 8.261309 1.000000e+37 1.000000e+37 0.000000
2508906 1841746 68812.914062 53542.511719 28319.832031 176.784592 -87.363029 154.819168 14.176650 1.000000e+37 1.000000e+37 0.000000
2529008 1869499 68057.281250 53506.351562 27758.458984 188.010422 -19.984755 -25.359943 11.058189 1.000000e+37 1.000000e+37 0.000000
2549772 1899107 69263.390625 53179.871094 27713.029297 132.223450 -164.650528 26.898375 11.895974 1.000000e+37 1.000000e+37 0.000000
2549965 1899327 69482.109375 52902.222656 28393.226562 -6.956724 -121.628532 141.245621 13.219029 1.000000e+37 1.000000e+37 0.000000
2549966 1899328 70212.679688 52527.218750 28689.857422 52.234333 -110.193024 63.469135 12.854724 1.000000e+37 1.000000e+37 0.000000
2549973 1899336 70114.414062 52022.695312 28336.191406 165.235168 141.737701 111.742195 14.111190 1.000000e+37 1.000000e+37 0.000000
2550140 1899583 68862.281250 53841.289062 27693.437500 75.840431 -21.501999 84.649094 7.879567 1.000000e+37 1.000000e+37 0.000000
2571150 1930700 69466.109375 52607.523438 27513.527344 62.272621 -19.235788 115.520157 12.146560 1.000000e+37 1.000000e+37 0.000000
2593387 1965165 69666.906250 52818.734375 27969.958984 139.122818 -50.075459 107.753189 11.481066 1.000000e+37 1.000000e+37 0.000000
2593388 1965166 69313.445312 53183.917969 28365.164062 142.934494 -170.069962 27.485394 12.026050 1.000000e+37 1.000000e+37 0.000000
2616084 2002254 70151.390625 52406.921875 28600.453125 0.471145 11.518029 117.432312 13.847446 1.000000e+37 1.000000e+37 0.000000
2639399 2042936 69570.984375 52119.468750 28470.500000 39.034809 -37.638512 14.180868 10.852359 1.000000e+37 1.000000e+37 0.000000
2639405 2042944 68514.132812 52818.312500 27949.160156 168.147079 102.529686 38.483063 12.496631 1.000000e+37 1.000000e+37 0.000000
2662947 2087012 69311.539062 52490.597656 28132.728516 27.956144 -13.347977 -68.024590 14.032721 1.000000e+37 1.000000e+37 0.000000
2663161 2087256 68951.945312 53581.675781 28184.464844 123.209679 30.316212 27.390432 15.658730 1.000000e+37 1.000000e+37 0.000000
2663164 2087259 68922.000000 53136.953125 28175.201172 197.951019 -162.814087 19.110760 12.346740 1.000000e+37 1.000000e+37 0.000000
2663168 2087265 69267.539062 52986.429688 28457.015625 -12.686038 -84.554840 144.420532 11.987439 1.000000e+37 1.000000e+37 0.000000
2687305 2135637 68875.140625 52374.582031 27132.619141 60.388287 8.273170 234.442551 11.576749 1.000000e+37 1.000000e+37 0.000000
2687551 2135953 68839.882812 53679.386719 28086.726562 170.037323 -39.374947 11.403290 10.934731 1.000000e+37 1.000000e+37 0.000000
2687743 2136388 69626.171875 53500.230469 29215.416016 155.622009 34.826321 -34.926975 11.365144 1.000000e+37 1.000000e+37 0.000000
2712344 2188775 68921.812500 53941.695312 28124.021484 81.292122 -12.464217 108.298790 12.887195 1.000000e+37 1.000000e+37 0.000000
2712555 2189020 69359.601562 52753.000000 28187.451172 74.759468 250.053024 99.536102 10.206924 1.000000e+37 1.000000e+37 0.000000
2712586 2189065 68840.890625 51633.894531 27916.730469 105.800987 69.113304 184.501724 12.608888 1.000000e+37 1.000000e+37 0.000000
2738340 2246430 68342.429688 53249.566406 27533.843750 190.613358 -35.289276 -13.493773 10.400862 1.000000e+37 1.000000e+37 0.000000
2738342 2246432 69411.648438 52645.898438 28329.550781 175.550812 88.649818 -25.560282 9.515637 1.000000e+37 1.000000e+37 0.000000
2738343 2246433 69420.656250 52601.917969 28327.013672 5.055093 107.672752 99.127052 13.028286 1.000000e+37 1.000000e+37 0.000000
2738580 2246755 68808.093750 53587.347656 28311.484375 188.811279 -16.634899 125.805779 12.979836 1.000000e+37 1.000000e+37 0.000000
2738586 2246761 69198.484375 51951.121094 27676.759766 177.189865 129.227676 38.940510 12.863042 1.000000e+37 1.000000e+37 0.000000
2765121 2307987 70410.835938 53054.984375 28242.845703 39.471642 -91.992615 168.531158 12.151914 1.000000e+37 1.000000e+37 0.000000
2792565 2373714 69024.335938 53302.847656 28040.755859 152.731033 -10.052344 73.869850 14.631125 1.000000e+37 1.000000e+37 0.000000
2792613 2373811 68866.046875 53473.597656 28708.125000 144.947067 -40.668365 119.015465 13.127337 1.000000e+37 1.000000e+37 0.000000
2792616 2373816 69041.554688 51602.859375 27856.341797 180.660980 108.187248 24.966053 11.215178 1.000000e+37 1.000000e+37 0.000000
2820689 2442984 69951.617188 52687.167969 27079.460938 61.557209 -8.675020 224.347092 11.094224 1.000000e+37 1.000000e+37 0.000000
2820692 2443000 69288.132812 54085.039062 28504.103516 -1.842745 -77.799309 151.553467 11.771334 1.000000e+37 1.000000e+37 0.000000
2820694 2443002 70035.171875 51920.726562 28443.554688 92.443626 -81.589973 67.367165 11.096685 1.000000e+37 1.000000e+37 0.000000
2849328 2515392 68268.031250 52595.546875 27210.277344 168.796173 -22.143097 183.910828 12.993146 1.000000e+37 1.000000e+37 0.000000
2849330 2515394 68943.148438 53157.250000 27534.050781 221.983337 -36.959251 34.899521 11.618808 1.000000e+37 1.000000e+37 0.000000
2849331 2515395 69733.140625 52381.855469 27818.283203 76.422974 -65.061539 90.785164 8.846892 1.000000e+37 1.000000e+37 0.000000
2849332 2515396 68773.937500 52726.601562 27380.425781 206.408386 0.027788 -22.874638 12.685162 1.000000e+37 1.000000e+37 0.000000
2849334 2515399 68619.546875 53611.359375 27839.673828 68.830711 -58.260765 85.715614 11.860386 1.000000e+37 1.000000e+37 0.000000
2849661 2515854 69372.625000 52246.691406 27712.300781 58.334080 10.330436 64.950462 13.172338 1.000000e+37 1.000000e+37 0.000000
2849662 2515855 69758.812500 52088.269531 28352.654297 86.543839 59.953949 -0.964923 11.520760 1.000000e+37 1.000000e+37 0.000000
2849674 2515868 69863.710938 51713.347656 28277.482422 143.466095 130.406815 111.406792 12.468896 1.000000e+37 1.000000e+37 0.000000
2879681 2591505 68913.843750 53185.714844 28258.203125 214.388672 -15.180558 2.899212 9.752684 1.000000e+37 1.000000e+37 0.000000
2879740 2591608 68945.242188 52601.257812 27481.896484 86.227287 -10.781045 261.466003 9.221581 1.000000e+37 1.000000e+37 0.000000
2879748 2591616 69046.148438 52738.105469 27727.660156 247.697830 51.453331 71.444138 12.983133 1.000000e+37 1.000000e+37 0.000000
2910535 2670791 69184.296875 51938.207031 27365.664062 160.667572 113.795128 70.764763 13.635714 1.000000e+37 1.000000e+37 0.000000
2910760 2671090 69647.125000 52654.207031 28312.554688 89.786156 -78.507423 137.955597 12.331923 1.000000e+37 1.000000e+37 0.000000
2942589 2753759 69285.289062 52706.710938 27534.203125 65.732300 -31.101570 93.415352 12.453680 1.000000e+37 1.000000e+37 0.000000
2942859 2754123 69496.984375 52848.003906 28113.300781 231.018250 -74.493111 -10.120341 13.501539 1.000000e+37 1.000000e+37 0.000000
2942904 2754213 69359.218750 53202.679688 28105.675781 17.473186 -94.716393 237.776367 9.112770 1.000000e+37 1.000000e+37 0.000000
2942908 2754244 69615.773438 52896.085938 28154.679688 -37.567829 19.443382 25.061296 12.124408 1.000000e+37 1.000000e+37 0.000000
2942909 2754245 70578.476562 53131.820312 28013.636719 53.049595 -83.927086 173.401337 9.866288 1.000000e+37 1.000000e+37 0.000000
2942910 2754247 69973.250000 53482.859375 28478.097656 49.367081 -68.975151 72.443413 11.503804 1.000000e+37 1.000000e+37 0.000000
2943143 2754907 69986.820312 53003.585938 28089.275391 65.599045 -52.027885 -40.707371 10.566667 1.000000e+37 1.000000e+37 0.000000
2975605 2840526 69255.625000 52488.339844 28145.406250 65.815826 1.979212 -53.722527 12.075294 1.000000e+37 1.000000e+37 0.000000
2975918 2840957 69996.406250 51748.292969 28309.835938 98.223289 85.635384 232.204987 11.045365 1.000000e+37 1.000000e+37 0.000000
2975941 2841031 69014.828125 53623.621094 28164.765625 165.822159 0.424057 46.572330 6.299158 1.000000e+37 1.000000e+37 0.000000
3009940 2931579 69259.203125 54105.222656 28258.437500 153.064240 -13.787825 -38.223549 9.078797 1.000000e+37 1.000000e+37 0.000000
3045763 3027268 68904.414062 53870.875000 28616.427734 42.143944 -71.205330 23.248230 13.397182 1.000000e+37 1.000000e+37 0.000000
3046080 3028172 70169.304688 52996.386719 28007.119141 49.490097 -66.012917 20.566883 12.426632 1.000000e+37 1.000000e+37 0.000000
3082317 3127240 70367.031250 52237.292969 28072.201172 55.896210 4.480134 262.340912 10.959458 1.000000e+37 1.000000e+37 0.000000
3120249 3232492 69701.656250 52002.695312 28164.421875 130.841873 168.153152 98.901566 8.918155 1.000000e+37 1.000000e+37 0.000000
3120542 3233327 68970.898438 53648.687500 27660.982422 62.751724 -16.742987 61.745655 10.111352 1.000000e+37 1.000000e+37 0.000000
3158940 3342062 69251.492188 51666.234375 27632.433594 126.666977 123.306412 79.079369 10.842640 1.000000e+37 1.000000e+37 0.000000
3159306 3342623 69639.000000 52914.363281 28341.205078 -5.961385 -122.915703 158.002075 8.723350 1.000000e+37 1.000000e+37 0.000000
3159309 3342626 69308.914062 52719.335938 27547.533203 66.956848 -26.618591 104.264435 10.386122 1.000000e+37 1.000000e+37 0.000000
3199509 3457982 68949.781250 52621.988281 28312.597656 216.237823 42.532574 16.135151 11.971690 1.000000e+37 1.000000e+37 0.000000
3199511 3457985 69537.953125 52868.070312 27652.134766 146.872192 82.607941 241.361816 9.591133 1.000000e+37 1.000000e+37 0.000000
3199513 3457987 69921.203125 53995.285156 28555.718750 62.158787 -35.920002 44.371521 12.130053 1.000000e+37 1.000000e+37 0.000000
3199518 3457996 68562.148438 53281.386719 28253.152344 83.524025 -87.696404 115.770340 12.475304 1.000000e+37 1.000000e+37 0.000000
3199827 3458920 68587.117188 53387.015625 28158.896484 115.650330 -74.656807 139.128571 10.660380 1.000000e+37 1.000000e+37 0.000000
3241197 3579840 69402.992188 52612.210938 27551.251953 148.203476 161.872162 62.464451 11.022358 1.000000e+37 1.000000e+37 0.000000
3241578 3580382 68629.828125 52752.820312 27771.994141 164.146118 -77.241524 142.427704 10.872995 1.000000e+37 1.000000e+37 0.000000
3241626 3580511 68771.156250 54127.656250 27920.792969 64.662598 -54.485081 207.262375 8.870070 1.000000e+37 1.000000e+37 0.000000
3284839 3708861 69315.554688 53661.085938 27708.212891 118.917564 2.031678 65.291420 10.874849 1.000000e+37 1.000000e+37 0.000000
3285227 3709408 69165.687500 53510.933594 28496.132812 26.840445 -147.002350 74.222427 11.479735 1.000000e+37 1.000000e+37 0.000000
3285299 3709592 68369.164062 53143.238281 28341.626953 183.079468 -40.511787 93.757317 8.568769 1.000000e+37 1.000000e+37 0.000000
3285300 3709593 69014.781250 53153.851562 28007.171875 137.996201 -42.644341 81.101036 10.984312 1.000000e+37 1.000000e+37 0.000000
3285301 3709594 70202.250000 52416.062500 28604.718750 42.489418 -105.687614 162.686462 11.203124 1.000000e+37 1.000000e+37 0.000000
3285303 3709596 68949.015625 53049.394531 28479.027344 34.294193 -5.827345 -7.837222 11.936970 1.000000e+37 1.000000e+37 0.000000
3285305 3709603 69453.617188 54082.058594 28740.394531 25.797224 -51.083591 80.693481 9.886117 1.000000e+37 1.000000e+37 0.000000
3285689 3710659 69090.796875 53560.878906 27541.578125 76.457504 -30.677830 109.750473 10.606840 1.000000e+37 1.000000e+37 0.000000
3330744 3845824 69153.710938 52925.273438 28261.761719 200.589310 -78.181534 63.478355 12.658338 1.000000e+37 1.000000e+37 0.000000
3377497 3989584 68884.023438 53726.011719 27835.462891 53.967110 -103.801613 56.491802 5.985361 1.000000e+37 1.000000e+37 0.000000
3378011 3990386 69138.828125 52781.730469 27926.460938 150.751190 -121.559921 111.858887 9.893050 1.000000e+37 1.000000e+37 0.000000
3427191 4143298 69413.445312 52936.894531 28206.306641 158.557693 -77.052155 57.476219 12.195875 1.000000e+37 1.000000e+37 0.000000
3427193 4143302 69398.226562 52186.863281 28035.724609 35.078613 86.199226 -64.038406 11.490514 1.000000e+37 1.000000e+37 0.000000
3477864 4305015 68569.171875 53603.941406 27895.130859 222.217239 -26.219904 -11.454697 10.793532 1.000000e+37 1.000000e+37 0.000000
3477865 4305016 69192.796875 53104.144531 27664.250000 122.597984 -154.019562 38.085297 7.447963 1.000000e+37 1.000000e+37 0.000000
3478326 4305728 68814.406250 53241.636719 28190.011719 80.307419 -94.220207 164.590805 11.112391 1.000000e+37 1.000000e+37 0.000000
3478327 4305729 69429.117188 53603.468750 28472.121094 107.586761 -90.741714 67.338882 12.900049 1.000000e+37 1.000000e+37 0.000000
3478328 4305730 69304.062500 53100.132812 27953.742188 188.288376 51.268909 85.150627 15.908847 1.000000e+37 1.000000e+37 0.000000
3478338 4305750 69198.281250 53016.718750 28279.238281 239.412048 3.761686 112.759048 14.062688 1.000000e+37 1.000000e+37 0.000000
3478417 4305961 69443.859375 52197.437500 27961.806641 43.579250 97.972633 -10.755818 14.474510 1.000000e+37 1.000000e+37 0.000000
3478420 4305966 69445.859375 53860.828125 28796.703125 28.001137 -61.697533 71.770432 9.068191 1.000000e+37 1.000000e+37 0.000000
3530651 4477333 69438.679688 53493.878906 29284.167969 161.242386 37.823074 -31.223068 11.975351 1.000000e+37 1.000000e+37 0.000000
3531173 4478114 68023.031250 52482.144531 27763.757812 245.075317 -5.722857 11.024625 12.478262 1.000000e+37 1.000000e+37 0.000000
3531243 4478318 69546.890625 52246.558594 28154.564453 202.759109 20.333200 182.789062 7.754434 1.000000e+37 1.000000e+37 0.000000
3531244 4478319 68896.195312 52878.359375 28044.458984 159.588974 -13.104288 1.863843 11.045220 1.000000e+37 1.000000e+37 0.000000
3531246 4478323 69841.242188 51945.574219 28376.941406 59.813320 -45.528461 45.830818 9.850463 1.000000e+37 1.000000e+37 0.000000
3585782 4660951 68870.234375 53359.351562 29059.845703 183.226364 41.115387 -51.061432 10.168874 1.000000e+37 1.000000e+37 0.000000
3585783 4660952 69223.421875 53741.031250 28235.185547 181.533813 -62.482258 84.595955 9.541277 1.000000e+37 1.000000e+37 0.000000
3586294 4661757 68889.648438 54242.187500 28364.833984 121.703697 -73.833229 182.239822 9.931990 1.000000e+37 1.000000e+37 0.000000
3586386 4662010 70318.875000 52303.222656 28650.787109 5.780774 -36.509510 137.946213 11.968335 1.000000e+37 1.000000e+37 0.000000
3586387 4662012 69313.265625 52234.746094 28191.320312 62.090149 -13.216742 -74.425888 8.039540 1.000000e+37 1.000000e+37 0.000000
3644518 4858436 69116.101562 52979.003906 28256.285156 89.740257 -99.508278 26.069233 13.591469 1.000000e+37 1.000000e+37 0.000000
3644521 4858441 69400.281250 53194.535156 27896.646484 160.099655 61.119003 133.757141 14.343552 1.000000e+37 1.000000e+37 0.000000
3704179 5066582 68485.687500 52630.617188 27126.853516 130.648621 -65.863274 24.340075 9.707153 1.000000e+37 1.000000e+37 0.000000
3704180 5066584 69839.445312 52463.800781 28230.935547 83.850800 194.747864 51.614357 5.564047 1.000000e+37 1.000000e+37 0.000000
3704734 5067508 69655.492188 52599.937500 28151.187500 133.851364 -120.220924 -59.855507 9.019981 1.000000e+37 1.000000e+37 0.000000
3704735 5067510 69973.328125 53028.949219 28198.958984 18.430779 -100.940247 187.761505 9.564947 1.000000e+37 1.000000e+37 0.000000
3704736 5067512 69445.593750 53104.886719 28108.855469 160.783768 -93.334946 173.848801 10.164948 1.000000e+37 1.000000e+37 0.000000
3704826 5067779 68819.226562 53282.265625 28510.376953 89.597725 20.115280 -13.117312 8.141583 1.000000e+37 1.000000e+37 0.000000
3704828 5067782 69376.093750 54059.035156 28518.552734 -0.937358 -79.429749 150.517197 8.914293 1.000000e+37 1.000000e+37 0.000000
3767441 5290900 68286.195312 53497.457031 27755.058594 201.144348 -23.969254 -15.773970 10.428505 1.000000e+37 1.000000e+37 0.000000
3767443 5290903 69369.250000 52578.785156 28229.054688 12.884427 -53.489609 98.286636 11.066458 1.000000e+37 1.000000e+37 0.000000
3767444 5290906 68904.867188 53366.460938 28885.500000 187.780472 37.546326 -63.693790 8.977220 1.000000e+37 1.000000e+37 0.000000
3767448 5290911 68806.398438 53163.308594 27737.029297 74.937874 -45.665066 120.988182 7.566115 1.000000e+37 1.000000e+37 0.000000
3768016 5291904 69132.046875 52570.863281 27762.986328 145.272690 -144.864761 138.077118 9.596233 1.000000e+37 1.000000e+37 0.000000
3768117 5292209 69674.632812 52079.753906 28778.181641 92.633614 32.303997 38.889538 10.483850 1.000000e+37 1.000000e+37 0.000000
3768119 5292215 70293.625000 52934.914062 28821.265625 45.872017 -87.988136 131.230087 6.552841 1.000000e+37 1.000000e+37 0.000000
3768120 5292216 69158.406250 52924.675781 27985.574219 189.694077 -148.421844 36.701195 9.229294 1.000000e+37 1.000000e+37 0.000000
3768121 5292217 70264.187500 52962.253906 28873.708984 131.027527 8.085078 -40.695938 8.838596 1.000000e+37 1.000000e+37 0.000000
3768628 5293744 70090.570312 51988.085938 27744.113281 133.079178 121.201508 8.442547 9.374233 1.000000e+37 1.000000e+37 0.000000
3834635 5533428 69321.210938 53105.054688 28250.863281 0.521958 -93.203064 220.402405 8.593622 1.000000e+37 1.000000e+37 0.000000
3834644 5533490 69348.843750 53512.546875 28378.761719 161.791992 -114.209595 118.389381 11.141128 1.000000e+37 1.000000e+37 0.000000
3834646 5533494 69943.570312 52404.800781 28617.886719 28.839626 -99.144218 120.101402 9.893834 1.000000e+37 1.000000e+37 0.000000
3835157 5535199 70074.828125 53309.886719 28409.869141 88.747276 -24.501442 -21.195408 9.708258 1.000000e+37 1.000000e+37 0.000000
3903141 5790322 68056.007812 52396.523438 27812.128906 116.389191 -6.109055 -28.092907 8.232496 1.000000e+37 1.000000e+37 0.000000
3903142 5790324 69298.539062 53705.128906 27630.794922 125.626053 6.416059 55.224056 11.001029 1.000000e+37 1.000000e+37 0.000000
3903908 5791818 68412.765625 52672.769531 27481.794922 109.893295 -18.167641 53.972305 10.222093 1.000000e+37 1.000000e+37 0.000000
3903909 5791820 68825.421875 53666.996094 28404.498047 81.921082 27.802448 41.051189 5.737964 1.000000e+37 1.000000e+37 0.000000
3903910 5791821 69208.781250 54095.742188 28413.560547 119.155762 -63.846062 126.286415 11.482702 1.000000e+37 1.000000e+37 0.000000
3903920 5791832 69638.015625 52298.359375 28187.308594 13.205258 154.445435 56.236683 9.270022 1.000000e+37 1.000000e+37 0.000000
3903923 5791849 70003.515625 52613.402344 28004.515625 48.553551 -10.588251 -74.362511 8.829974 1.000000e+37 1.000000e+37 0.000000
3903927 5791865 70287.945312 52322.789062 28558.572266 57.767651 23.154375 49.190090 12.175065 1.000000e+37 1.000000e+37 0.000000
3904492 5793736 68756.789062 53176.074219 27810.171875 111.319557 -115.787292 124.774361 12.019462 1.000000e+37 1.000000e+37 0.000000
3976450 6069180 68631.007812 52550.253906 27358.837891 118.612259 80.943474 104.548340 8.458030 1.000000e+37 1.000000e+37 0.000000
3976451 6069182 69872.164062 52509.714844 27820.308594 -10.891547 0.456854 -55.774616 6.257634 1.000000e+37 1.000000e+37 0.000000
3977096 6070438 69498.671875 54190.644531 28109.675781 117.108055 -76.792213 77.866196 8.411228 1.000000e+37 1.000000e+37 0.000000
3977224 6070844 70066.085938 52655.496094 28075.962891 74.491409 -12.896379 -76.357483 8.630047 1.000000e+37 1.000000e+37 0.000000
4053745 6370716 69597.398438 52482.984375 27713.580078 198.781509 38.533028 166.688889 11.033197 1.000000e+37 1.000000e+37 0.000000
4054470 6372111 68379.109375 52779.718750 27738.736328 122.340019 -9.922277 83.841354 11.195220 1.000000e+37 1.000000e+37 0.000000
4054562 6372436 69385.476562 53223.015625 28035.384766 23.431818 -93.396378 238.930664 10.021508 1.000000e+37 1.000000e+37 0.000000
4054572 6372515 69378.203125 52807.476562 28581.031250 22.874552 -73.935104 18.156666 9.584538 1.000000e+37 1.000000e+37 0.000000
4054573 6372519 69356.617188 52158.152344 28002.021484 24.059856 104.864891 -30.872240 8.955024 1.000000e+37 1.000000e+37 0.000000
4054574 6372520 69402.828125 52218.792969 28350.773438 39.540779 -33.813953 -32.817532 9.548488 1.000000e+37 1.000000e+37 0.000000
4054579 6372541 68770.085938 53912.390625 28477.003906 80.240379 -85.771248 38.633728 9.508477 1.000000e+37 1.000000e+37 0.000000
4054581 6372552 69102.695312 53893.898438 28233.517578 55.664440 -91.573967 90.936050 10.273543 1.000000e+37 1.000000e+37 0.000000
4054591 6372577 70175.031250 52783.816406 28326.400391 110.423294 -4.141952 -67.329987 8.553925 1.000000e+37 1.000000e+37 0.000000
4134162 6697530 69275.304688 53766.406250 27741.470703 118.732407 3.460992 72.359642 10.897420 1.000000e+37 1.000000e+37 0.000000
4134165 6697536 68497.000000 52822.425781 27298.099609 168.333252 -61.512798 2.609006 10.087829 1.000000e+37 1.000000e+37 0.000000
4134946 6699063 69480.671875 53873.093750 27983.796875 131.425293 -100.706909 81.609154 8.448303 1.000000e+37 1.000000e+37 0.000000
4135047 6699484 68392.148438 53552.273438 28320.429688 184.096054 -51.869816 121.200806 8.058007 1.000000e+37 1.000000e+37 0.000000
4135057 6699514 69574.156250 53877.039062 28847.761719 36.484943 -58.053905 78.118935 10.030821 1.000000e+37 1.000000e+37 0.000000
4135059 6699524 69123.703125 52718.019531 28062.083984 201.501526 -103.496445 113.039711 10.261467 1.000000e+37 1.000000e+37 0.000000
4135061 6699544 69417.734375 51998.472656 28297.767578 149.552078 157.969391 72.006042 9.071520 1.000000e+37 1.000000e+37 0.000000
4135685 6701811 70046.679688 53114.109375 28222.509766 79.925293 -35.214302 -39.930084 10.880112 1.000000e+37 1.000000e+37 0.000000
4218103 7053359 68935.085938 53721.804688 27697.242188 67.990425 -43.418785 101.180099 9.273700 1.000000e+37 1.000000e+37 0.000000
4218190 7053531 69071.640625 52586.191406 27548.837891 190.417908 116.034897 160.487015 9.653756 1.000000e+37 1.000000e+37 0.000000
4218823 7054922 68790.359375 52543.527344 27528.099609 176.111008 106.493141 59.540501 10.832965 1.000000e+37 1.000000e+37 0.000000
4218928 7055297 69774.750000 52660.726562 26963.187500 62.578121 -6.004453 222.974854 7.175215 1.000000e+37 1.000000e+37 0.000000
4218940 7055386 68679.148438 52851.218750 28083.667969 127.670670 -49.115986 210.367233 6.663079 1.000000e+37 1.000000e+37 0.000000
4218943 7055397 70455.164062 53042.878906 28786.175781 53.754063 -85.467354 142.779633 8.558815 1.000000e+37 1.000000e+37 0.000000
4218946 7055401 69424.210938 52890.070312 27935.851562 229.820679 26.144388 201.161041 10.122885 1.000000e+37 1.000000e+37 0.000000
4218947 7055403 69076.562500 53417.843750 27911.662109 -10.611407 -80.497055 74.894669 9.267673 1.000000e+37 1.000000e+37 0.000000
4306498 7442909 68136.914062 52575.140625 27637.615234 135.096329 -71.219429 139.551758 9.346178 1.000000e+37 1.000000e+37 0.000000
4306500 7442913 69620.507812 52370.363281 27661.531250 63.148361 70.720299 124.610405 12.825207 1.000000e+37 1.000000e+37 0.000000
4306501 7442915 69062.335938 52599.945312 27983.113281 275.765808 -14.493516 38.582741 7.846191 1.000000e+37 1.000000e+37 0.000000
4306613 7443370 69233.273438 52915.464844 27929.664062 180.322113 114.112106 107.831108 8.650650 1.000000e+37 1.000000e+37 0.000000
4306614 7443377 69888.140625 51894.789062 28557.701172 52.659359 13.170529 50.669357 5.880577 1.000000e+37 1.000000e+37 0.000000
4306617 7443381 69090.937500 52913.460938 28560.275391 26.422613 -43.030437 15.499668 8.607871 1.000000e+37 1.000000e+37 0.000000
4306623 7443390 70212.281250 52236.460938 28717.560547 75.556686 -113.774261 157.360107 7.873463 1.000000e+37 1.000000e+37 0.000000
