#subID	 subGroupNr x	 y	 z	 vx	 yv	 yz	 vmax	 B_MAG V_MAG M_star
#subID	 groupID	 kpc/h	 kpc/h	 kpc/h	 km/s	 km/s	 km/s	 km/s	 mags mags 10^10Msun/h
498801 4831 38790.023438 51062.816406 3378.224609 -130.750626 -55.941170 -49.285923 137.899582 -2.005666e+01 -2.049036e+01 0.870548
498802 4831 38676.156250 51060.304688 3478.969238 -150.674393 -74.785095 -98.281975 15.291203 1.000000e+37 1.000000e+37 0.000000
498803 4831 38788.804688 51101.207031 3454.657959 -83.540657 33.341595 15.258899 9.039067 1.000000e+37 1.000000e+37 0.000000
498804 4831 38765.593750 51118.656250 3308.469971 -152.892349 -187.311920 -37.122761 9.843348 1.000000e+37 1.000000e+37 0.000000
498805 4831 38808.632812 51011.785156 3407.931641 -215.027313 29.675634 -105.935524 12.911117 1.000000e+37 1.000000e+37 0.000000
503036 5134 38188.007812 50764.085938 3227.889404 -78.995255 -39.864185 -73.678383 126.709435 -1.989860e+01 -2.035493e+01 0.767980
503037 5134 38106.843750 50733.507812 3123.489258 -73.933113 41.439457 -44.239384 23.615686 1.000000e+37 1.000000e+37 0.000000
503038 5134 38073.660156 50658.367188 3195.584717 -86.907730 7.573585 -58.803764 20.542023 1.000000e+37 1.000000e+37 0.000000
503039 5134 38211.230469 50908.878906 3144.212158 -24.529644 -38.896969 -98.009277 21.441231 1.000000e+37 1.000000e+37 0.000000
503040 5134 38132.367188 50706.707031 3193.278564 -81.955879 108.238518 -124.134071 17.588701 1.000000e+37 1.000000e+37 0.000000
503041 5134 38215.199219 50662.238281 3301.820312 34.830418 -33.249065 -92.257294 17.331825 1.000000e+37 1.000000e+37 0.000000
503042 5134 38231.601562 50702.121094 3167.566406 -75.095276 -3.835489 -158.102539 21.176685 1.000000e+37 1.000000e+37 0.000000
503043 5134 38190.664062 50749.570312 3221.687012 72.410347 104.714088 -71.496155 23.426985 -1.016056e+01 -1.078095e+01 0.000238
503044 5134 38193.722656 50712.636719 3197.103760 -147.347351 21.964149 -4.259140 18.527468 1.000000e+37 1.000000e+37 0.000000
503045 5134 38098.468750 50775.441406 3293.940674 -14.929152 -86.967445 -11.675736 17.389938 1.000000e+37 1.000000e+37 0.000000
503046 5134 38134.906250 50762.253906 3248.992676 -61.749104 -133.285446 -24.357620 17.690639 1.000000e+37 1.000000e+37 0.000000
503047 5134 38213.101562 50756.023438 3364.491211 -86.432350 -51.217339 -39.594421 12.040974 1.000000e+37 1.000000e+37 0.000000
503048 5134 38207.148438 50923.746094 3133.216797 -36.890343 -38.249146 -106.128220 13.883826 1.000000e+37 1.000000e+37 0.000000
503049 5134 38222.476562 50607.074219 3151.698730 -63.060543 -62.518105 -92.330421 7.107301 1.000000e+37 1.000000e+37 0.000000
503050 5134 38215.347656 50624.613281 3207.679199 -13.127686 -82.472389 -84.199722 10.502552 1.000000e+37 1.000000e+37 0.000000
503051 5134 38248.242188 50758.136719 3184.768555 -111.154266 -150.502823 -171.676697 10.768411 1.000000e+37 1.000000e+37 0.000000
503052 5134 38098.593750 50677.398438 3178.416260 -73.925766 83.635475 -117.730110 9.625235 1.000000e+37 1.000000e+37 0.000000
503053 5134 38235.949219 50841.410156 3226.789062 -152.296066 -139.104187 -76.245094 10.685977 1.000000e+37 1.000000e+37 0.000000
503054 5134 38225.234375 50910.691406 3162.741455 -80.917427 -12.138152 -64.572411 9.949519 1.000000e+37 1.000000e+37 0.000000
503055 5134 38096.636719 50734.386719 3297.351562 -143.037155 -58.817211 -134.164642 11.942218 1.000000e+37 1.000000e+37 0.000000
503056 5134 38071.792969 50687.750000 3255.386475 -70.447418 8.923334 -36.843796 10.361368 1.000000e+37 1.000000e+37 0.000000
550197 10082 37976.003906 49049.597656 1300.736450 -115.312241 -95.422546 -95.195259 96.602608 -1.858085e+01 -1.890048e+01 0.115522
550198 10082 37970.320312 49030.984375 1297.242310 -19.587969 -78.292297 -95.374901 15.421898 -1.094147e+01 -1.129041e+01 0.000062
550199 10082 37912.316406 49003.898438 1237.823364 -96.392570 -171.585236 -106.079330 17.179583 1.000000e+37 1.000000e+37 0.000000
550200 10082 37976.617188 49037.019531 1311.970093 37.277679 -113.532951 -151.356079 19.956741 1.000000e+37 1.000000e+37 0.000000
550201 10082 37917.968750 49092.937500 1323.477905 -134.149002 -91.378273 -161.671692 14.601846 1.000000e+37 1.000000e+37 0.000000
550202 10082 37971.261719 49024.414062 1210.705078 -137.481079 -22.763340 -111.863380 11.691625 1.000000e+37 1.000000e+37 0.000000
550203 10082 38007.273438 49071.066406 1334.371460 -191.593124 -123.910065 -175.547455 10.846232 1.000000e+37 1.000000e+37 0.000000
550204 10082 37878.335938 49018.074219 1294.952881 -119.044563 -141.943298 -114.140213 9.222546 1.000000e+37 1.000000e+37 0.000000
550205 10082 37938.140625 49080.546875 1340.207520 -101.309692 -66.895874 -181.463715 9.595132 1.000000e+37 1.000000e+37 0.000000
554174 10642 37134.875000 49134.285156 1895.964478 -101.232414 -71.966072 -112.819504 99.617798 -1.797395e+01 -1.843235e+01 0.166762
554175 10642 37069.152344 49104.117188 1790.841797 -59.274139 -11.155472 -88.304642 47.391415 -1.357092e+01 -1.419144e+01 0.003819
554176 10642 37094.746094 49111.988281 1780.599731 -74.700378 -68.668968 -153.728149 18.481627 1.000000e+37 1.000000e+37 0.000000
554177 10642 37112.531250 49083.824219 1900.279297 -79.752991 -112.427078 -92.860435 14.313096 1.000000e+37 1.000000e+37 0.000000
617537 23866 37894.187500 50297.750000 2962.455322 -71.314484 -24.334515 -71.439255 73.754951 -1.714355e+01 -1.759015e+01 0.051829
617538 23866 37880.625000 50259.839844 2954.643555 -121.782127 -19.024284 -122.297577 19.779295 1.000000e+37 1.000000e+37 0.000000
617539 23866 37903.562500 50314.718750 2991.968750 -167.558121 -65.685547 -42.749836 11.187140 1.000000e+37 1.000000e+37 0.000000
617540 23866 37918.476562 50273.585938 3031.710693 -115.804947 -42.382454 -85.464218 10.247881 1.000000e+37 1.000000e+37 0.000000
648117 33473 39251.949219 52356.238281 3596.835938 -93.788979 -53.946930 -27.857805 65.585854 -1.621136e+01 -1.671602e+01 0.025318
650554 34299 38557.480469 51148.511719 3368.184082 -82.845978 -29.607100 -129.581757 63.093231 -1.618249e+01 -1.651881e+01 0.013461
650555 34299 38560.218750 51088.914062 3424.841553 -109.760147 -73.265678 -164.352036 13.283333 1.000000e+37 1.000000e+37 0.000000
650556 34299 38539.593750 51198.050781 3348.414307 -97.970291 -51.478699 -170.306351 13.418122 1.000000e+37 1.000000e+37 0.000000
657747 36845 40311.433594 51410.054688 2581.445801 -82.166328 -49.745785 -59.166931 59.873085 -1.499208e+01 -1.551353e+01 0.007901
688006 49057 35913.042969 50107.023438 2778.059082 -116.943138 -60.795982 -84.622955 53.302471 -1.437515e+01 -1.491304e+01 0.005698
688007 49057 35893.187500 50159.683594 2782.397949 -92.493706 -50.767597 -89.595039 13.624017 1.000000e+37 1.000000e+37 0.000000
694857 52120 38127.457031 50986.601562 3494.597412 -49.509293 -74.447029 -120.550247 56.611378 -1.569501e+01 -1.602699e+01 0.008430
694858 52120 38115.566406 50983.800781 3481.860840 -56.124374 -28.815718 -95.690926 19.581245 1.000000e+37 1.000000e+37 0.000000
707579 58026 40323.917969 53005.187500 3620.458252 -88.434380 -45.352268 -41.416634 49.663876 -1.435262e+01 -1.471046e+01 0.003077
707580 58026 40389.867188 53018.941406 3606.134521 -84.439583 -65.796844 -57.784676 15.786108 1.000000e+37 1.000000e+37 0.000000
707581 58026 40290.066406 53034.160156 3662.784180 -84.869629 -68.511559 -50.034660 13.017887 1.000000e+37 1.000000e+37 0.000000
707782 58119 40451.234375 52854.789062 3417.086914 -94.347137 -48.623779 -33.689491 50.663734 -1.379821e+01 -1.431999e+01 0.002766
707783 58119 40424.519531 52863.515625 3414.807373 -125.695953 -36.307163 -46.206566 12.518878 1.000000e+37 1.000000e+37 0.000000
710418 59392 41008.019531 52331.781250 3251.814941 -97.683151 -41.003803 -76.095100 51.654961 -1.435413e+01 -1.477808e+01 0.004238
722924 65590 39280.183594 51087.421875 3113.231689 -132.968750 -48.707909 -29.982096 47.378590 -1.356817e+01 -1.408006e+01 0.002081
722925 65590 39236.691406 51125.164062 3128.969971 -113.305908 -40.846951 -22.128469 17.300354 1.000000e+37 1.000000e+37 0.000000
722926 65590 39328.257812 51115.476562 3108.837891 -128.684998 -45.869919 14.295496 9.789273 1.000000e+37 1.000000e+37 0.000000
736775 72850 38859.792969 52017.894531 4025.757080 -96.062279 -58.251297 -38.992279 45.841351 -1.205723e+01 -1.252975e+01 0.000570
747538 78654 40478.976562 52728.820312 4089.556885 -96.679779 -20.731964 -51.077328 42.900448 -1.356622e+01 -1.372244e+01 0.000708
747539 78654 40455.097656 52728.742188 4084.329346 -127.431641 -35.592506 -74.038269 9.861279 1.000000e+37 1.000000e+37 0.000000
749447 79710 38035.546875 49973.601562 2464.483398 -111.622536 -59.047321 -61.473194 47.489208 -1.268996e+01 -1.325183e+01 0.001530
764108 87871 41070.398438 51032.191406 1975.322754 -62.642742 -53.545315 -65.160919 43.068291 -1.294385e+01 -1.333549e+01 0.000833
778582 96184 38464.031250 51098.996094 3263.484131 -80.467789 -61.020176 -75.529312 42.087841 -1.413791e+01 -1.421725e+01 0.000838
778583 96184 38462.910156 51121.195312 3242.214844 -117.852333 -43.218933 -85.828415 9.478201 1.000000e+37 1.000000e+37 0.000000
780462 97262 40745.992188 52487.339844 3438.250488 -80.050133 -40.459557 -49.456551 29.127865 1.000000e+37 1.000000e+37 0.000000
780463 97262 40804.046875 52522.101562 3478.864990 -110.754059 -41.382057 -76.433968 22.111763 1.000000e+37 1.000000e+37 0.000000
780464 97262 40752.070312 52491.960938 3439.681641 -95.207184 -36.145168 -37.343697 15.962790 1.000000e+37 1.000000e+37 0.000000
782493 98444 39475.621094 51531.289062 6021.710449 -82.299805 -1.885622 -27.095203 40.241188 -1.052964e+01 -1.109053e+01 0.000261
782494 98444 39470.640625 51526.609375 6040.150879 -75.736404 -35.688026 -28.110449 15.260610 1.000000e+37 1.000000e+37 0.000000
789737 102653 37590.574219 50026.914062 2532.409668 -79.644409 -47.929325 -74.956566 34.583363 -1.124279e+01 -1.164453e+01 0.000250
800757 109271 38715.636719 51574.113281 4107.179199 -101.505051 -24.634981 -81.219307 37.473701 -1.085170e+01 -1.142806e+01 0.000390
800758 109271 38703.468750 51598.640625 4124.224609 -87.954483 -42.813507 -102.013382 24.135664 1.000000e+37 1.000000e+37 0.000000
813125 116650 40004.968750 53365.871094 3988.062012 -94.522881 -34.038380 -29.590136 30.324423 1.000000e+37 1.000000e+37 0.000000
843434 135441 40627.367188 52725.285156 4241.163086 -119.789627 -22.739847 -57.775452 35.622036 -9.834103e+00 -1.040058e+01 0.000170
855227 142920 38147.636719 50404.125000 2940.789307 -76.821640 -33.176682 -56.546604 37.450512 -1.073623e+01 -1.126917e+01 0.000273
856155 143510 38399.347656 51060.066406 3189.433838 -92.394913 -47.511978 -84.593727 34.272781 1.000000e+37 1.000000e+37 0.000000
862724 147690 39133.031250 51229.339844 3414.157471 -147.337128 -95.746849 -42.371532 34.510052 -8.791072e+00 -9.348543e+00 0.000067
941178 201157 37864.699219 49379.632812 1624.708496 -118.927910 -103.534889 -103.839279 30.400482 1.000000e+37 1.000000e+37 0.000000
953642 210293 39276.839844 51469.757812 5400.682129 -95.215080 -7.078061 -43.928371 20.606693 1.000000e+37 1.000000e+37 0.000000
953643 210293 39287.550781 51469.351562 5390.083984 -82.695740 -3.108014 -27.750174 16.934017 1.000000e+37 1.000000e+37 0.000000
974126 225653 39866.683594 50068.691406 2260.412598 -93.547394 -52.595325 -93.713646 22.008949 1.000000e+37 1.000000e+37 0.000000
974127 225653 39897.019531 50069.941406 2290.481445 -110.215797 -52.889446 -91.942818 13.233914 1.000000e+37 1.000000e+37 0.000000
998864 244683 41025.691406 51097.125000 2359.009766 -62.813759 -49.387779 -60.725021 27.264711 1.000000e+37 1.000000e+37 0.000000
1003482 248247 39323.484375 52263.164062 5070.365234 -107.831177 -9.082418 -37.871666 23.084667 1.000000e+37 1.000000e+37 0.000000
1017560 259346 38579.804688 51400.039062 3942.021240 -62.675461 -67.883568 -67.985771 26.796680 1.000000e+37 1.000000e+37 0.000000
1032699 271418 40761.371094 52476.640625 3575.073486 -88.653854 -38.582203 -72.839478 21.518703 1.000000e+37 1.000000e+37 0.000000
1032700 271418 40781.613281 52488.757812 3579.211670 -78.329689 -52.030769 -73.274612 10.064810 1.000000e+37 1.000000e+37 0.000000
1036246 274266 36053.035156 50424.195312 3016.026611 -123.544739 -70.724564 -77.608101 21.754282 1.000000e+37 1.000000e+37 0.000000
1037296 275116 39425.699219 50937.003906 2878.666748 -116.237236 -35.890820 -33.287617 25.036907 1.000000e+37 1.000000e+37 0.000000
1039854 277184 37666.773438 49999.097656 2496.917969 -92.710022 -30.817572 -78.888107 25.182774 1.000000e+37 1.000000e+37 0.000000
1046335 282428 40039.363281 51335.496094 2709.061279 -84.579681 -42.597504 -58.313480 23.332163 1.000000e+37 1.000000e+37 0.000000
1049661 285168 38730.976562 52807.093750 5249.425293 -76.498344 -0.573365 -14.055451 22.968992 1.000000e+37 1.000000e+37 0.000000
1061307 294670 40829.902344 51273.945312 2400.853027 -73.333954 -50.843220 -63.502361 24.130104 1.000000e+37 1.000000e+37 0.000000
1069769 301662 38710.972656 52584.472656 5041.687012 -86.676552 4.904741 -39.587601 21.493624 1.000000e+37 1.000000e+37 0.000000
1075341 306271 38970.449219 51388.335938 4603.585938 -109.139458 -12.229746 -74.320618 21.835207 1.000000e+37 1.000000e+37 0.000000
1083923 313415 38730.003906 52405.210938 5001.944336 -97.242416 6.625014 -45.474506 20.194813 1.000000e+37 1.000000e+37 0.000000
1086424 315529 38985.203125 52271.093750 4049.843750 -97.754456 -57.947346 -30.284950 23.125154 1.000000e+37 1.000000e+37 0.000000
1090594 319021 36399.503906 49956.417969 2791.570801 -108.338547 -57.450329 -84.106331 13.799551 1.000000e+37 1.000000e+37 0.000000
1090595 319021 36393.347656 49970.101562 2778.539551 -108.349228 -67.209320 -77.957634 12.677083 1.000000e+37 1.000000e+37 0.000000
1090596 319021 36395.324219 49995.996094 2779.891846 -118.692291 -62.207043 -91.899200 9.465279 1.000000e+37 1.000000e+37 0.000000
1105773 331883 40106.503906 50843.906250 4522.642578 -102.529381 -25.354382 -59.500397 22.146185 1.000000e+37 1.000000e+37 0.000000
1109716 335182 38009.757812 50073.945312 2636.747314 -126.683510 -46.668167 -65.021843 23.993767 1.000000e+37 1.000000e+37 0.000000
1114479 339246 36645.792969 50246.000000 2915.711426 -96.234268 -54.883759 -99.995598 20.842628 1.000000e+37 1.000000e+37 0.000000
1119358 343400 40601.859375 50533.457031 5212.389160 -97.503342 -25.781368 -39.199940 21.140738 1.000000e+37 1.000000e+37 0.000000
1119359 343401 37730.992188 49434.000000 2325.581543 -107.675476 -73.372726 -79.652290 20.642719 1.000000e+37 1.000000e+37 0.000000
1119360 343401 37712.011719 49409.531250 2316.976318 -102.556351 -63.914124 -84.094040 15.169695 1.000000e+37 1.000000e+37 0.000000
1123432 346936 40422.207031 51427.257812 2563.043213 -109.383034 -36.256870 -35.214756 19.704960 1.000000e+37 1.000000e+37 0.000000
1123433 346936 40419.367188 51415.273438 2555.993164 -90.706383 -36.838833 -34.732868 13.388700 1.000000e+37 1.000000e+37 0.000000
1130936 353401 39158.515625 51883.820312 3534.591553 -100.127678 -62.635811 -37.213505 23.571030 1.000000e+37 1.000000e+37 0.000000
1132718 354917 38903.082031 49983.468750 6051.042480 -80.150055 -27.835770 -34.656551 18.608395 1.000000e+37 1.000000e+37 0.000000
1136242 357956 36815.621094 51584.871094 2851.071533 -114.923691 -52.592468 -56.222260 17.664928 1.000000e+37 1.000000e+37 0.000000
1136243 357956 36784.871094 51604.625000 2866.589844 -105.434708 -57.884499 -52.384537 13.881033 1.000000e+37 1.000000e+37 0.000000
1136244 357956 36790.246094 51599.500000 2844.250000 -105.959625 -71.100319 -52.072407 9.052947 1.000000e+37 1.000000e+37 0.000000
1158487 377197 39932.722656 51810.359375 5139.835938 -111.760239 -12.963485 -32.527725 15.273218 1.000000e+37 1.000000e+37 0.000000
1158488 377197 39919.242188 51800.054688 5175.291504 -111.580193 -14.543562 -47.664124 12.742230 1.000000e+37 1.000000e+37 0.000000
1162321 380579 38780.472656 52438.082031 4270.257324 -95.010902 -42.843540 -32.404301 20.561295 1.000000e+37 1.000000e+37 0.000000
1177025 393470 40150.996094 49726.343750 1957.532349 -88.088875 -63.667465 -99.152641 19.860876 1.000000e+37 1.000000e+37 0.000000
1185601 401049 41097.898438 52209.746094 3081.236572 -87.815811 -67.434967 -54.244839 21.552128 1.000000e+37 1.000000e+37 0.000000
1185602 401050 39059.234375 52493.804688 5368.928223 -87.160347 17.748314 -42.812916 22.409559 1.000000e+37 1.000000e+37 0.000000
1198153 412219 37663.609375 50132.359375 2690.209961 -80.497978 -48.419838 -67.867500 22.298021 1.000000e+37 1.000000e+37 0.000000
1205308 418592 38458.535156 50190.281250 2217.482666 -119.487495 -63.865677 -64.268349 21.443741 1.000000e+37 1.000000e+37 0.000000
1208879 421780 37700.675781 49871.226562 2833.510498 -105.688057 -34.778519 -70.212425 18.501047 1.000000e+37 1.000000e+37 0.000000
1213818 426201 39929.605469 51240.535156 5906.958496 -93.299843 -19.152382 -23.826235 21.192411 1.000000e+37 1.000000e+37 0.000000
1217598 429582 38599.601562 51171.320312 3688.439697 -111.396294 -22.188440 -137.049179 18.291609 1.000000e+37 1.000000e+37 0.000000
1222570 434068 38722.722656 51960.003906 4603.788574 -98.007385 -14.450860 -63.403782 18.835297 1.000000e+37 1.000000e+37 0.000000
1225208 436448 39446.882812 52543.027344 3385.982666 -97.478172 -55.205528 -19.767876 22.589224 1.000000e+37 1.000000e+37 0.000000
1226552 437657 38958.605469 50700.761719 4347.114746 -101.908882 -4.971086 -85.787949 20.349955 1.000000e+37 1.000000e+37 0.000000
1226554 437659 36876.269531 49890.781250 2793.098389 -92.826912 -64.427139 -87.375664 18.920855 1.000000e+37 1.000000e+37 0.000000
1229267 440101 40281.460938 52781.738281 4510.539062 -96.609833 -17.263750 -39.191410 20.169434 1.000000e+37 1.000000e+37 0.000000
1229268 440102 37968.863281 50140.589844 2775.661865 -123.355911 -51.010361 -48.375774 18.482559 1.000000e+37 1.000000e+37 0.000000
1233310 443721 36684.292969 49955.199219 2660.300781 -98.651649 -62.212994 -80.478897 20.877638 1.000000e+37 1.000000e+37 0.000000
1238888 448774 40518.980469 51386.906250 2761.282715 -86.032394 -66.705299 -73.946869 21.548937 1.000000e+37 1.000000e+37 0.000000
1245833 455133 38759.578125 52053.429688 4022.455078 -89.928917 -44.563877 -69.682365 20.554424 1.000000e+37 1.000000e+37 0.000000
1247261 456416 38615.261719 51157.519531 3575.521729 -59.131363 -10.636662 -94.121498 19.780163 1.000000e+37 1.000000e+37 0.000000
1250144 459035 37128.914062 49816.292969 2541.621582 -79.749542 -63.897285 -89.579514 20.804535 1.000000e+37 1.000000e+37 0.000000
1257408 465707 37604.027344 51067.394531 3576.999512 -61.219372 -39.968117 -99.100082 17.639423 1.000000e+37 1.000000e+37 0.000000
1264858 472550 38670.945312 52559.250000 5008.136719 -74.001213 -12.561749 -17.509785 22.068253 1.000000e+37 1.000000e+37 0.000000
1264860 472552 40339.578125 51703.250000 2941.614746 -76.154922 -63.341366 -57.672577 18.616306 1.000000e+37 1.000000e+37 0.000000
1269537 476843 39323.257812 52190.464844 5001.102539 -114.949570 -5.611975 -31.834217 15.667953 1.000000e+37 1.000000e+37 0.000000
1269540 476845 37953.667969 49160.371094 1440.587769 -81.252563 -95.750992 -139.704453 18.238480 1.000000e+37 1.000000e+37 0.000000
1272640 479708 38885.296875 51312.988281 3614.329346 -113.533737 -103.392952 -73.482056 20.510654 1.000000e+37 1.000000e+37 0.000000
1295808 501079 37724.339844 50332.175781 2953.804688 -54.761898 -49.045105 -47.814037 19.760948 1.000000e+37 1.000000e+37 0.000000
1295809 501079 37725.996094 50317.660156 2965.747314 -66.423599 -43.734196 -44.101948 11.846342 1.000000e+37 1.000000e+37 0.000000
1295810 501080 39787.148438 51230.988281 2855.614990 -99.520378 -50.741962 -45.451447 18.312717 1.000000e+37 1.000000e+37 0.000000
1295811 501080 39794.382812 51201.292969 2847.842041 -100.887680 -42.397842 -54.996891 12.887856 1.000000e+37 1.000000e+37 0.000000
1297543 502691 37464.363281 50033.664062 2596.759521 -101.405670 -63.866871 -60.184437 18.670748 1.000000e+37 1.000000e+37 0.000000
1297544 502691 37515.121094 50036.546875 2582.431152 -88.559265 -13.838850 -118.248344 9.017730 1.000000e+37 1.000000e+37 0.000000
1310059 514381 40571.019531 52782.218750 3406.647949 -105.323380 -47.709393 -16.252300 19.996052 1.000000e+37 1.000000e+37 0.000000
1319407 523113 38714.304688 51129.078125 3944.963379 -115.180283 -21.325026 -111.348274 20.984154 1.000000e+37 1.000000e+37 0.000000
1319408 523114 37188.890625 50322.472656 2817.410156 -77.914070 -42.286331 -97.242798 16.490871 1.000000e+37 1.000000e+37 0.000000
1321270 524853 38193.886719 50627.875000 3283.412109 -144.850357 -45.153355 -39.729580 19.735998 1.000000e+37 1.000000e+37 0.000000
1327079 530272 38961.156250 51234.578125 4314.375977 -97.467705 -2.636002 -88.466484 17.201080 1.000000e+37 1.000000e+37 0.000000
1334887 537581 38588.128906 50239.160156 2447.711426 -122.181030 -52.973213 -59.661427 20.755226 1.000000e+37 1.000000e+37 0.000000
1351229 552929 38930.601562 51447.062500 4441.942383 -119.805466 -26.829472 -64.717033 19.781986 1.000000e+37 1.000000e+37 0.000000
1375197 575647 39054.339844 51484.855469 4532.011719 -86.875885 -20.220671 -81.923325 18.920218 1.000000e+37 1.000000e+37 0.000000
1379713 579939 37188.882812 50841.195312 4291.236328 -93.389214 -25.383726 -88.779495 16.875629 1.000000e+37 1.000000e+37 0.000000
1400820 600211 41082.578125 51661.722656 2330.195312 -62.375637 -28.319706 -81.840042 16.358564 1.000000e+37 1.000000e+37 0.000000
1400824 600215 38410.710938 51271.757812 3498.215820 -64.859337 -67.571045 -113.515915 16.857662 1.000000e+37 1.000000e+37 0.000000
1405800 604979 40407.265625 51348.121094 2710.534912 -94.879326 -54.322598 -78.213882 20.288158 1.000000e+37 1.000000e+37 0.000000
1418539 617277 38763.578125 52948.820312 5441.890137 -94.387146 32.703289 -27.944204 16.034721 1.000000e+37 1.000000e+37 0.000000
1421148 619801 40222.484375 50875.285156 5571.933105 -97.258705 -33.216095 -15.928857 15.358150 1.000000e+37 1.000000e+37 0.000000
1421149 619801 40229.812500 50883.906250 5612.611816 -99.203697 -27.924047 -20.076439 8.575543 1.000000e+37 1.000000e+37 0.000000
1423769 622329 37997.273438 50518.859375 3129.022949 -82.254372 27.402983 -120.459518 15.463843 1.000000e+37 1.000000e+37 0.000000
1423770 622330 39199.765625 51088.980469 3051.843750 -147.031189 -29.322290 -22.767660 20.130957 1.000000e+37 1.000000e+37 0.000000
1439867 637881 37716.324219 49853.730469 3773.903320 -93.956429 -25.406322 -103.309647 17.574116 1.000000e+37 1.000000e+37 0.000000
1448275 646052 40325.269531 53004.980469 2660.633789 -76.640694 -47.057980 -38.429047 17.697592 1.000000e+37 1.000000e+37 0.000000
1462558 659992 38325.519531 51823.187500 4213.264648 -71.048286 -28.039692 -75.436745 16.874897 1.000000e+37 1.000000e+37 0.000000
1462559 659992 38315.062500 51845.531250 4200.958496 -79.480202 -35.247890 -68.917374 10.132970 1.000000e+37 1.000000e+37 0.000000
1480840 677862 39042.957031 51206.023438 4687.080566 -93.221764 -1.017750 -78.164276 18.398550 1.000000e+37 1.000000e+37 0.000000
1480841 677863 37111.140625 50321.726562 2931.509521 -79.677124 -54.520290 -99.346809 14.977980 1.000000e+37 1.000000e+37 0.000000
1493495 690309 40099.941406 49819.789062 2075.060303 -87.567169 -62.188251 -99.900711 18.172163 1.000000e+37 1.000000e+37 0.000000
1506605 703256 38548.023438 52271.976562 4488.144043 -71.591019 -14.645577 -57.387733 16.227127 1.000000e+37 1.000000e+37 0.000000
1541376 737893 39113.746094 51454.382812 4936.110840 -104.284431 -13.817639 -58.965664 11.823395 1.000000e+37 1.000000e+37 0.000000
1541377 737893 39104.171875 51434.113281 4940.570312 -114.515793 -0.746879 -53.176411 10.591448 1.000000e+37 1.000000e+37 0.000000
1541378 737894 38822.089844 52804.613281 5084.452148 -67.944519 10.241775 -31.011433 20.309746 1.000000e+37 1.000000e+37 0.000000
1552354 748947 40761.535156 50340.375000 3825.245117 -93.260414 -44.414261 -72.792465 17.605206 1.000000e+37 1.000000e+37 0.000000
1552355 748948 39561.621094 51355.257812 5023.929688 -111.865448 -12.568651 -44.572044 16.210478 1.000000e+37 1.000000e+37 0.000000
1567986 764663 38136.519531 53583.679688 3537.625977 -99.192055 -11.455912 -25.367500 17.896694 1.000000e+37 1.000000e+37 0.000000
1571926 768635 40137.566406 52906.757812 4746.956543 -94.970512 -16.894577 -27.209185 19.134754 1.000000e+37 1.000000e+37 0.000000
1571929 768638 37846.957031 52510.984375 4798.299316 -75.688637 -5.119990 -55.756245 17.987494 1.000000e+37 1.000000e+37 0.000000
1571933 768642 39577.136719 51590.824219 3133.566895 -117.213608 -55.919117 -62.621712 18.133764 1.000000e+37 1.000000e+37 0.000000
1575934 772637 38647.292969 51034.421875 3511.130615 -71.793350 -38.102543 -85.026733 17.050213 1.000000e+37 1.000000e+37 0.000000
1583864 780643 39916.125000 51281.589844 5796.892090 -99.857109 -18.853073 -20.976677 14.998145 1.000000e+37 1.000000e+37 0.000000
1583867 780646 38885.953125 51945.476562 3979.162598 -110.135399 -48.203629 -40.888660 18.878878 1.000000e+37 1.000000e+37 0.000000
1587935 784755 40308.441406 52817.875000 4629.305664 -116.763847 -15.650183 -46.954189 11.733782 1.000000e+37 1.000000e+37 0.000000
1587936 784756 38665.410156 51667.832031 4095.145996 -66.756699 -65.607735 -52.309231 13.160849 1.000000e+37 1.000000e+37 0.000000
1596270 793224 40861.937500 50231.019531 4853.528320 -94.510666 -35.497292 -52.803131 20.004992 1.000000e+37 1.000000e+37 0.000000
1680690 879898 38044.757812 50632.769531 3277.877930 -86.229362 36.249821 -26.101454 11.181672 1.000000e+37 1.000000e+37 0.000000
1685887 885294 40158.855469 51821.347656 4618.871582 -111.221008 -18.051195 -45.124290 15.252009 1.000000e+37 1.000000e+37 0.000000
1685890 885297 38053.468750 51039.847656 3531.789062 -63.738960 -106.111954 -106.736763 13.851672 1.000000e+37 1.000000e+37 0.000000
1685891 885298 38818.351562 51338.375000 3723.320068 -89.395325 -83.282814 -78.209450 11.440777 1.000000e+37 1.000000e+37 0.000000
1691117 890763 39031.925781 51454.246094 4489.024414 -85.030815 -9.637303 -77.418434 15.887877 1.000000e+37 1.000000e+37 0.000000
1696422 896286 40914.789062 51212.160156 2140.740967 -58.463440 -47.726597 -61.041988 11.870647 1.000000e+37 1.000000e+37 0.000000
1718294 919144 39817.171875 51086.585938 2903.358398 -108.790382 -53.853470 -62.674892 14.388740 1.000000e+37 1.000000e+37 0.000000
1724065 925158 40412.109375 51380.250000 2687.700439 -109.192017 -50.888859 -63.981441 16.618971 1.000000e+37 1.000000e+37 0.000000
1735738 937396 39379.347656 51510.378906 5594.336914 -88.612106 -5.240317 -38.358162 14.471200 1.000000e+37 1.000000e+37 0.000000
1741638 943600 37014.593750 49055.804688 1782.265625 -66.795090 -50.994686 -74.814194 16.517569 1.000000e+37 1.000000e+37 0.000000
1771958 975654 38412.644531 51030.601562 3255.656006 -109.720573 -36.317249 -56.183891 12.500338 1.000000e+37 1.000000e+37 0.000000
1778477 982564 38121.867188 50479.144531 3117.358154 -119.085297 -17.289440 -109.213089 16.643955 1.000000e+37 1.000000e+37 0.000000
1824954 1032297 40854.609375 52432.113281 3368.106201 -78.371788 -30.014950 -46.097561 14.849248 1.000000e+37 1.000000e+37 0.000000
1832006 1039900 36092.171875 50170.488281 2677.374023 -127.728477 -60.692516 -96.726189 16.415499 1.000000e+37 1.000000e+37 0.000000
1832009 1039903 37494.312500 50244.777344 2700.074463 -105.455132 -48.447231 -57.325382 15.943558 1.000000e+37 1.000000e+37 0.000000
1839118 1047609 40808.531250 50191.761719 4395.523438 -87.531479 -36.242416 -62.099899 15.040075 1.000000e+37 1.000000e+37 0.000000
1839122 1047613 37874.125000 50349.929688 2758.484619 -64.848198 -37.796577 -113.913055 11.852606 1.000000e+37 1.000000e+37 0.000000
1839123 1047613 37846.144531 50342.203125 2752.981445 -70.729942 -45.063038 -98.034584 10.761065 1.000000e+37 1.000000e+37 0.000000
1846398 1055403 35644.996094 51681.484375 3565.192139 -133.085831 -35.419922 -65.435715 13.637326 1.000000e+37 1.000000e+37 0.000000
1846399 1055404 35807.000000 50063.562500 2795.798096 -93.317917 -60.034206 -87.780045 16.562792 1.000000e+37 1.000000e+37 0.000000
1868600 1079514 38629.785156 52259.214844 4729.994141 -81.103851 -22.396820 -34.280853 11.992579 1.000000e+37 1.000000e+37 0.000000
1868601 1079515 36069.347656 50968.082031 5013.697754 -123.638084 -27.251938 -62.522865 13.293334 1.000000e+37 1.000000e+37 0.000000
1876386 1087943 37754.031250 49030.476562 5512.824219 -98.332726 -48.778450 -52.803463 18.391533 1.000000e+37 1.000000e+37 0.000000
1876389 1087946 37501.371094 49956.820312 2709.055908 -97.921867 -37.835072 -74.842606 13.085503 1.000000e+37 1.000000e+37 0.000000
1891859 1104816 38081.218750 49512.453125 2168.566162 -114.441681 -96.020714 -66.851494 12.055773 1.000000e+37 1.000000e+37 0.000000
1907986 1122500 38144.484375 49805.812500 2474.371826 -118.423996 -83.552658 -45.775124 9.451735 1.000000e+37 1.000000e+37 0.000000
1916125 1131459 40932.628906 51439.906250 2816.433350 -87.719460 -25.467510 -94.138710 13.527751 1.000000e+37 1.000000e+37 0.000000
1916129 1131463 38242.312500 50939.937500 3656.021240 -75.460846 -76.383057 -104.645836 13.657170 1.000000e+37 1.000000e+37 0.000000
1916130 1131464 36853.175781 50228.062500 2976.965820 -90.426544 -53.118656 -99.123711 12.572759 1.000000e+37 1.000000e+37 0.000000
1916131 1131465 36936.898438 49152.000000 1976.301392 -50.669930 -68.877289 -133.806061 12.806266 1.000000e+37 1.000000e+37 0.000000
1916139 1131473 40149.941406 52949.054688 2872.030518 -79.069199 -43.207417 -37.057014 12.233820 1.000000e+37 1.000000e+37 0.000000
1924416 1140612 37708.832031 50260.582031 3480.794434 -83.785637 -16.724983 -114.963783 14.434351 1.000000e+37 1.000000e+37 0.000000
1924423 1140619 40181.007812 53312.472656 3858.378174 -88.593887 -30.218563 -29.215645 15.111615 1.000000e+37 1.000000e+37 0.000000
1941679 1159568 36033.921875 50164.703125 2845.483643 -132.200439 -54.651611 -77.661377 14.588901 1.000000e+37 1.000000e+37 0.000000
1950310 1169108 40493.191406 52896.285156 3472.685059 -96.099274 -27.285265 -71.387680 15.063956 1.000000e+37 1.000000e+37 0.000000
1950317 1169115 38287.265625 50884.703125 3196.910156 -155.911972 -72.198929 -56.814716 12.954963 1.000000e+37 1.000000e+37 0.000000
1950318 1169115 38310.339844 50886.925781 3197.622803 -122.192818 -98.814018 -58.185413 11.079237 1.000000e+37 1.000000e+37 0.000000
1950322 1169119 37349.507812 48836.960938 1665.839111 -109.832420 -80.181458 -99.715744 14.673881 1.000000e+37 1.000000e+37 0.000000
1950323 1169120 38371.558594 50094.945312 2115.299072 -121.077782 -64.846832 -62.266685 14.044281 1.000000e+37 1.000000e+37 0.000000
1959127 1178936 36308.242188 50065.453125 2843.398193 -108.609444 -53.074364 -82.707222 14.945592 1.000000e+37 1.000000e+37 0.000000
1968244 1189095 41100.269531 51554.765625 2314.990479 -58.389046 -45.245049 -59.343258 13.008772 1.000000e+37 1.000000e+37 0.000000
1968255 1189106 38603.000000 51135.027344 3661.332764 -117.350441 13.258365 -133.958450 12.560196 1.000000e+37 1.000000e+37 0.000000
1977529 1199432 38826.503906 51757.949219 4091.086182 -81.288582 -57.416683 -54.311119 14.126007 1.000000e+37 1.000000e+37 0.000000
1977530 1199433 35888.167969 51710.542969 3607.728516 -129.782013 -35.573158 -66.810509 16.936085 1.000000e+37 1.000000e+37 0.000000
1996212 1220390 40090.449219 50832.808594 4467.757812 -100.738792 -29.538071 -46.491814 15.195982 1.000000e+37 1.000000e+37 0.000000
1996213 1220391 39877.652344 51304.980469 5736.690918 -92.032776 -16.788679 -19.045958 13.783702 1.000000e+37 1.000000e+37 0.000000
1996221 1220399 37944.351562 49794.222656 2140.025635 -125.894684 -76.595055 -70.402847 14.451526 1.000000e+37 1.000000e+37 0.000000
2015635 1242345 40360.585938 51456.449219 2546.268311 -117.294060 -86.012131 -63.090843 7.393294 1.000000e+37 1.000000e+37 0.000000
2015651 1242362 38040.167969 48902.664062 1136.124878 -113.269501 -63.017609 -72.584251 13.806966 1.000000e+37 1.000000e+37 0.000000
2035519 1264888 38611.203125 51273.832031 3752.265625 -75.425034 -71.707329 -94.841759 11.124952 1.000000e+37 1.000000e+37 0.000000
2035520 1264889 39516.804688 51365.257812 4993.212891 -103.963272 -15.864021 -44.207897 11.958499 1.000000e+37 1.000000e+37 0.000000
2035532 1264901 39090.132812 52826.855469 3841.563721 -91.066048 -46.497501 -24.667522 13.653826 1.000000e+37 1.000000e+37 0.000000
2045935 1276707 38823.941406 52773.339844 5365.500000 -89.192078 21.710377 -30.565067 13.759325 1.000000e+37 1.000000e+37 0.000000
2056432 1288644 36832.417969 49686.972656 2651.932129 -89.534843 -63.735214 -85.110840 13.367496 1.000000e+37 1.000000e+37 0.000000
2077791 1313014 40456.320312 52693.968750 4035.290283 -97.379250 -46.676697 -24.802053 11.199655 1.000000e+37 1.000000e+37 0.000000
2077816 1313039 38854.593750 51328.820312 3873.173340 -84.147003 -82.859680 -62.094097 14.198298 1.000000e+37 1.000000e+37 0.000000
2100110 1338744 40414.421875 50643.476562 5390.549316 -97.335884 -30.372055 -27.655245 14.211005 1.000000e+37 1.000000e+37 0.000000
2100134 1338767 37575.527344 50758.964844 3006.258301 -72.256645 -81.819038 -39.458992 11.169596 1.000000e+37 1.000000e+37 0.000000
2111715 1352068 39775.332031 52515.894531 5175.049805 -113.767700 1.603655 -32.829456 13.755079 1.000000e+37 1.000000e+37 0.000000
2111720 1352072 37167.554688 49791.281250 2341.189453 -105.724228 -63.584023 -85.737923 14.257539 1.000000e+37 1.000000e+37 0.000000
2123344 1365563 39591.714844 50353.003906 2448.609131 -107.182800 -47.110733 -76.913887 15.565092 1.000000e+37 1.000000e+37 0.000000
2135257 1379426 37910.058594 49631.023438 1974.337891 -115.902390 -82.339531 -85.420509 12.302026 1.000000e+37 1.000000e+37 0.000000
2147301 1393468 38620.406250 51019.269531 3373.291504 -80.966537 -36.195415 -115.396828 13.596633 1.000000e+37 1.000000e+37 0.000000
2147308 1393475 38946.664062 50615.050781 5018.151855 -85.160538 -13.596504 -64.731606 12.748952 1.000000e+37 1.000000e+37 0.000000
2159658 1407901 40097.589844 51285.234375 2553.968262 -75.788734 -57.283047 -62.290333 13.381672 1.000000e+37 1.000000e+37 0.000000
2159672 1407915 39914.335938 51424.285156 5549.504395 -105.650513 -19.781828 -27.012938 14.373217 1.000000e+37 1.000000e+37 0.000000
2159678 1407921 37740.035156 49908.062500 3726.569336 -100.511696 -23.203903 -98.308243 13.622707 1.000000e+37 1.000000e+37 0.000000
2172134 1422627 39465.675781 51901.476562 4751.305664 -119.562927 -14.002470 -42.521286 13.143742 1.000000e+37 1.000000e+37 0.000000
2172144 1422637 40265.390625 52752.605469 3509.729492 -71.499893 -29.739557 -37.117485 12.423028 1.000000e+37 1.000000e+37 0.000000
2184963 1437795 37107.535156 48928.753906 1814.255737 -131.051254 -57.960972 -71.424606 11.371194 1.000000e+37 1.000000e+37 0.000000
2184971 1437803 38980.136719 53479.328125 4505.802246 -104.022240 -16.957563 -6.787114 11.424952 1.000000e+37 1.000000e+37 0.000000
2198014 1453265 38045.613281 50683.699219 2968.712158 -51.238171 -32.476204 -29.921370 14.438612 1.000000e+37 1.000000e+37 0.000000
2198017 1453269 38148.117188 49849.199219 2069.935547 -130.366089 -71.177132 -70.433640 12.502212 1.000000e+37 1.000000e+37 0.000000
2198021 1453273 38795.347656 51861.101562 4027.551514 -97.903259 -50.155315 -34.011776 15.493906 1.000000e+37 1.000000e+37 0.000000
2211283 1469052 38180.660156 50674.222656 3379.502441 -50.368073 -47.731457 -167.846878 12.261126 1.000000e+37 1.000000e+37 0.000000
2211288 1469057 37900.011719 49213.992188 1468.335083 -73.483475 -107.428001 -110.949791 11.851485 1.000000e+37 1.000000e+37 0.000000
2225055 1485336 40298.343750 52908.449219 3590.678955 -63.521511 -18.956636 -35.428196 10.467434 1.000000e+37 1.000000e+37 0.000000
2225066 1485348 41194.281250 49781.441406 3120.614258 -82.073471 -59.956104 -89.931709 12.216750 1.000000e+37 1.000000e+37 0.000000
2239185 1502087 40978.972656 52217.289062 3300.678711 -87.205147 -50.061432 -90.062904 14.782204 1.000000e+37 1.000000e+37 0.000000
2239203 1502106 37600.964844 50558.722656 3150.754883 -49.238533 -49.763634 -94.417793 11.454099 1.000000e+37 1.000000e+37 0.000000
2282484 1554426 40495.691406 51680.191406 2895.568115 -83.699135 -65.083923 -59.446686 14.361932 1.000000e+37 1.000000e+37 0.000000
2282515 1554457 36930.382812 48857.566406 1840.819336 -65.053040 -45.292114 -125.681305 14.604142 1.000000e+37 1.000000e+37 0.000000
2282516 1554458 37820.183594 50763.511719 3175.521484 -29.237822 -32.340923 -107.259895 13.780310 1.000000e+37 1.000000e+37 0.000000
2297449 1572702 38721.703125 50700.828125 2712.053223 -122.792603 -25.104324 -51.648014 14.589607 1.000000e+37 1.000000e+37 0.000000
2312685 1591324 37245.574219 50295.746094 2886.705322 -80.222168 -50.819462 -100.539825 10.954183 1.000000e+37 1.000000e+37 0.000000
2328547 1610838 39214.640625 49110.425781 5187.778320 -85.407837 -45.035545 -54.532787 10.604354 1.000000e+37 1.000000e+37 0.000000
2344798 1630822 40736.523438 52531.082031 3408.586670 -58.080711 -8.020665 -54.869225 8.068892 1.000000e+37 1.000000e+37 0.000000
2344819 1630844 38664.226562 50909.871094 3344.182861 -57.998993 -20.095734 -104.905586 9.382020 1.000000e+37 1.000000e+37 0.000000
2344820 1630845 39329.765625 51481.898438 5637.788086 -85.326614 -1.813045 -41.031559 11.210152 1.000000e+37 1.000000e+37 0.000000
2344829 1630854 37728.917969 50414.500000 2770.730469 -44.095936 -50.828426 -90.447357 12.344225 1.000000e+37 1.000000e+37 0.000000
2344832 1630857 39885.671875 50198.070312 1352.526611 -80.043213 -92.373825 -72.968300 11.719019 1.000000e+37 1.000000e+37 0.000000
2360907 1650817 39685.921875 52464.648438 5224.441406 -109.747841 0.955168 -34.229542 10.873700 1.000000e+37 1.000000e+37 0.000000
2360914 1650823 36598.296875 51327.093750 4638.000488 -106.296448 -23.483120 -71.194481 10.319227 1.000000e+37 1.000000e+37 0.000000
2360925 1650834 37140.378906 49122.277344 1701.826172 -131.153091 -50.166588 -113.555397 15.276959 1.000000e+37 1.000000e+37 0.000000
2360928 1650837 38641.343750 49794.484375 1871.438843 -119.252144 -70.419731 -78.378189 11.855149 1.000000e+37 1.000000e+37 0.000000
2360940 1650849 38153.800781 53647.988281 3412.838135 -104.001862 -12.734198 -23.104710 11.521851 1.000000e+37 1.000000e+37 0.000000
2377951 1672035 37103.113281 50230.136719 2979.593994 -80.001480 -51.635418 -100.860947 11.940557 1.000000e+37 1.000000e+37 0.000000
2377958 1672042 37168.753906 50227.281250 2775.282959 -77.608543 -39.883526 -95.116013 13.636048 1.000000e+37 1.000000e+37 0.000000
2377959 1672043 36515.160156 49956.261719 2825.278076 -106.796326 -51.536427 -82.593285 11.199033 1.000000e+37 1.000000e+37 0.000000
2377960 1672044 37314.796875 49458.238281 2284.181641 -118.732422 -71.810379 -95.162163 14.420074 1.000000e+37 1.000000e+37 0.000000
2395175 1693723 40426.289062 52399.492188 3256.971436 -76.816772 -43.137722 -40.313251 9.468786 1.000000e+37 1.000000e+37 0.000000
2395184 1693734 40488.675781 50436.195312 3315.174072 -94.876144 -40.795124 -80.257523 12.901089 1.000000e+37 1.000000e+37 0.000000
2395185 1693735 40198.804688 50835.968750 4012.349365 -103.331291 -32.266151 -64.531731 9.933589 1.000000e+37 1.000000e+37 0.000000
2412857 1716156 40593.890625 52607.402344 3823.679443 -94.809998 -41.973431 -50.391567 12.381311 1.000000e+37 1.000000e+37 0.000000
2412893 1716194 37822.136719 49913.625000 3774.532227 -105.447289 -21.741371 -100.470085 12.014760 1.000000e+37 1.000000e+37 0.000000
2430898 1739168 37355.042969 49301.242188 2157.107910 -88.983086 -87.475250 -123.105766 10.115214 1.000000e+37 1.000000e+37 0.000000
2449488 1763027 41046.121094 52105.464844 3097.006836 -74.167839 -43.032364 -67.061020 13.973436 1.000000e+37 1.000000e+37 0.000000
2449504 1763043 40390.980469 50518.738281 5350.705078 -88.371941 -17.021866 -34.987061 12.211208 1.000000e+37 1.000000e+37 0.000000
2449520 1763059 38091.984375 51547.316406 4101.916016 -69.553307 -42.215950 -83.216393 10.890709 1.000000e+37 1.000000e+37 0.000000
2449521 1763060 37435.691406 52272.156250 4715.028320 -82.933495 -11.464723 -59.149784 12.698774 1.000000e+37 1.000000e+37 0.000000
2449535 1763074 37675.710938 49958.773438 3729.105225 -87.945969 -27.533779 -103.295616 10.862423 1.000000e+37 1.000000e+37 0.000000
2449544 1763083 40267.054688 50236.710938 1770.650879 -81.392967 -71.800346 -79.246704 10.382484 1.000000e+37 1.000000e+37 0.000000
2468411 1787572 38847.929688 51162.054688 3722.315674 -88.581802 -86.865219 -83.471237 10.578321 1.000000e+37 1.000000e+37 0.000000
2487687 1813164 36822.468750 49162.906250 2029.653320 -66.528969 -73.421173 -126.183937 9.880798 1.000000e+37 1.000000e+37 0.000000
2487689 1813166 36277.097656 49777.128906 2538.185059 -106.178848 -54.108791 -86.632347 13.822228 1.000000e+37 1.000000e+37 0.000000
2507608 1839968 39781.929688 50604.566406 2443.544434 -99.566078 -51.963696 -56.810879 12.699837 1.000000e+37 1.000000e+37 0.000000
2507609 1839969 39961.085938 51913.925781 3303.607666 -101.872581 -43.448826 -65.176300 10.012801 1.000000e+37 1.000000e+37 0.000000
2507629 1839990 39894.324219 52072.421875 5360.734375 -116.378494 -11.211514 -36.008080 11.069426 1.000000e+37 1.000000e+37 0.000000
2507638 1839999 37933.687500 50302.171875 3238.774902 -91.334358 6.608607 -125.592583 12.571438 1.000000e+37 1.000000e+37 0.000000
2507656 1840018 38825.484375 50987.753906 3636.369873 -86.920937 -82.120323 -107.388161 12.105458 1.000000e+37 1.000000e+37 0.000000
2527925 1867905 39736.753906 51796.109375 3219.413818 -109.366776 -49.558788 -65.504349 9.535064 1.000000e+37 1.000000e+37 0.000000
2527941 1867921 40430.214844 51630.820312 2828.630615 -76.509895 -64.216888 -59.882431 11.430919 1.000000e+37 1.000000e+37 0.000000
2548637 1897417 39788.582031 52624.183594 5161.766113 -107.057663 -1.908224 -27.826149 12.510524 1.000000e+37 1.000000e+37 0.000000
2548646 1897428 39287.468750 52372.453125 5154.414062 -106.181335 -8.535531 -40.875923 9.573147 1.000000e+37 1.000000e+37 0.000000
2548657 1897439 38672.015625 50732.406250 4109.436035 -90.581108 -5.032520 -102.400726 12.128365 1.000000e+37 1.000000e+37 0.000000
2548658 1897440 38972.796875 50867.234375 4138.939453 -122.195450 -7.339720 -87.995644 11.502228 1.000000e+37 1.000000e+37 0.000000
2548665 1897449 40409.812500 51599.250000 2903.536377 -80.165588 -62.896461 -63.996063 9.459489 1.000000e+37 1.000000e+37 0.000000
2548666 1897450 38706.761719 52541.582031 3279.435791 -83.642395 -45.344246 -24.113489 12.765792 1.000000e+37 1.000000e+37 0.000000
2591991 1962944 37899.019531 49138.937500 1487.385620 -94.428619 -131.683090 -108.590782 15.783990 1.000000e+37 1.000000e+37 0.000000
2591999 1962952 38846.300781 51718.242188 3908.091064 -86.666931 -59.256184 -55.239811 11.769254 1.000000e+37 1.000000e+37 0.000000
2614569 1999828 40610.390625 51308.449219 2490.033936 -86.396912 -46.286747 -59.771805 12.928111 1.000000e+37 1.000000e+37 0.000000
2614592 1999853 37039.218750 51287.714844 4176.334961 -92.422531 -29.699667 -83.645645 9.807476 1.000000e+37 1.000000e+37 0.000000
2614594 1999855 35717.574219 50735.851562 2985.048096 -125.894737 -57.677494 -86.698395 14.125801 1.000000e+37 1.000000e+37 0.000000
2614599 1999860 39350.511719 50382.566406 3648.757324 -116.591743 -19.139914 -82.997528 10.604427 1.000000e+37 1.000000e+37 0.000000
2614600 1999861 37861.679688 49681.015625 5559.977051 -89.500290 -40.279259 -55.267887 9.756646 1.000000e+37 1.000000e+37 0.000000
2614608 1999870 38786.007812 52694.394531 3399.131836 -85.744041 -45.500599 -22.858572 10.244089 1.000000e+37 1.000000e+37 0.000000
2637866 2040233 38399.468750 51910.660156 4163.509277 -74.293365 -30.556271 -70.807854 10.093781 1.000000e+37 1.000000e+37 0.000000
2637867 2040234 38350.792969 51010.816406 3702.018311 -64.140816 -80.820572 -94.168091 12.184583 1.000000e+37 1.000000e+37 0.000000
2637873 2040240 38399.531250 51042.195312 3325.167969 -99.485283 -52.573334 -106.544853 10.892262 1.000000e+37 1.000000e+37 0.000000
2637883 2040253 37964.750000 49442.089844 1579.829834 -127.362495 -99.408264 -109.495461 11.495876 1.000000e+37 1.000000e+37 0.000000
2637884 2040254 38267.019531 50126.226562 2751.049805 -118.074486 -75.626900 -33.921894 12.485212 1.000000e+37 1.000000e+37 0.000000
2637887 2040257 39554.843750 53615.527344 2797.439453 -92.385063 -24.894342 -36.781528 12.410649 1.000000e+37 1.000000e+37 0.000000
2661677 2084476 38304.683594 50740.785156 3325.359375 -116.449928 -57.621223 -0.698852 11.194835 1.000000e+37 1.000000e+37 0.000000
2661678 2084477 37917.128906 51522.378906 3981.386719 -64.507668 -43.840809 -86.655045 11.703423 1.000000e+37 1.000000e+37 0.000000
2661692 2084491 37563.531250 50031.843750 2602.416748 -68.814949 -37.325951 -92.187988 11.043684 1.000000e+37 1.000000e+37 0.000000
2685904 2132727 40509.402344 51421.468750 2588.338135 -105.146782 -25.397787 -88.932426 11.276568 1.000000e+37 1.000000e+37 0.000000
2685915 2132738 40569.714844 49749.984375 2488.028564 -88.024849 -61.237022 -97.021065 11.335129 1.000000e+37 1.000000e+37 0.000000
2685923 2132746 40083.808594 48651.800781 4299.398438 -85.867279 -67.448219 -75.162384 11.841215 1.000000e+37 1.000000e+37 0.000000
2685932 2132756 37887.003906 50661.640625 3342.024170 -24.732239 -38.084435 -111.246201 12.105505 1.000000e+37 1.000000e+37 0.000000
2685949 2132774 38065.859375 50063.734375 2690.341064 -124.968414 -67.607887 -53.269432 9.773366 1.000000e+37 1.000000e+37 0.000000
2685959 2132786 38737.058594 52841.941406 4652.768555 -98.093811 -22.776274 -15.693027 8.254188 1.000000e+37 1.000000e+37 0.000000
2685960 2132787 37466.550781 50945.152344 2958.275391 -79.273499 -78.853439 -44.709988 11.902846 1.000000e+37 1.000000e+37 0.000000
2711023 2185762 40866.796875 51577.644531 2409.764893 -76.913727 -30.217941 -85.900261 13.596811 1.000000e+37 1.000000e+37 0.000000
2711025 2185764 40626.070312 51538.359375 2314.630615 -82.845093 -48.603397 -62.679672 9.462740 1.000000e+37 1.000000e+37 0.000000
2711031 2185770 40751.820312 50224.007812 4369.524902 -83.400162 -39.060425 -60.153442 9.891375 1.000000e+37 1.000000e+37 0.000000
2711049 2185788 38115.777344 50848.843750 3318.585693 -25.661945 -8.745979 -34.572613 11.950140 1.000000e+37 1.000000e+37 0.000000
2711058 2185797 38676.757812 50931.347656 3753.308838 -92.136459 9.167490 -126.440262 11.242849 1.000000e+37 1.000000e+37 0.000000
2711072 2185816 39681.843750 49926.007812 999.257202 -83.555359 -102.053741 -82.636421 10.075603 1.000000e+37 1.000000e+37 0.000000
2711073 2185817 38974.996094 53047.882812 4219.208008 -101.538490 -29.689215 -19.278402 11.478472 1.000000e+37 1.000000e+37 0.000000
2736921 2243125 39332.214844 51880.496094 4818.296387 -111.858688 -15.390333 -49.115925 11.394278 1.000000e+37 1.000000e+37 0.000000
2736922 2243126 36206.550781 50091.042969 2691.006348 -121.311996 -63.021629 -92.979034 10.517398 1.000000e+37 1.000000e+37 0.000000
2736937 2243141 38649.855469 51076.957031 3743.437256 -122.486740 13.150243 -125.212334 11.229981 1.000000e+37 1.000000e+37 0.000000
2736945 2243149 38700.843750 50424.761719 2640.391113 -118.556023 -47.958763 -47.927402 13.386811 1.000000e+37 1.000000e+37 0.000000
2736949 2243156 37951.578125 49613.472656 2058.030029 -96.582405 -108.041153 -62.188404 9.147841 1.000000e+37 1.000000e+37 0.000000
2736950 2243157 35935.414062 50438.792969 2969.683350 -117.083641 -68.429871 -77.863449 8.964126 1.000000e+37 1.000000e+37 0.000000
2763409 2304310 38721.414062 50943.234375 3262.128662 -85.932388 -30.211523 -39.618038 8.827026 1.000000e+37 1.000000e+37 0.000000
2763430 2304332 39060.484375 50527.410156 2434.233398 -108.630722 -50.816620 -51.879372 12.721748 1.000000e+37 1.000000e+37 0.000000
2790801 2369717 40508.671875 52647.097656 3911.278564 -100.660439 -42.853436 -44.828743 9.173366 1.000000e+37 1.000000e+37 0.000000
2790806 2369722 40419.707031 51242.156250 2777.112061 -96.963486 -23.413784 -90.569077 12.978930 1.000000e+37 1.000000e+37 0.000000
2790853 2369771 38677.457031 51692.816406 4418.507812 -91.354515 -27.019127 -77.981735 10.812963 1.000000e+37 1.000000e+37 0.000000
2790882 2369806 39518.671875 51203.785156 2975.703857 -127.647240 -46.280563 -46.970284 12.232884 1.000000e+37 1.000000e+37 0.000000
2818903 2438760 40681.863281 49419.035156 2588.639160 -82.991814 -65.548988 -101.463844 11.588029 1.000000e+37 1.000000e+37 0.000000
2818904 2438761 40649.851562 50388.179688 4998.584961 -93.281815 -32.069466 -46.547195 11.230791 1.000000e+37 1.000000e+37 0.000000
2818930 2438787 39276.437500 52069.027344 5877.659180 -79.452477 6.948581 -29.106291 9.878988 1.000000e+37 1.000000e+37 0.000000
2818931 2438788 39230.964844 51922.644531 5365.958496 -79.225288 0.822852 -47.576313 10.353292 1.000000e+37 1.000000e+37 0.000000
2818957 2438820 38201.453125 49954.871094 2606.767822 -116.120926 -87.645851 -44.849907 12.740730 1.000000e+37 1.000000e+37 0.000000
2818958 2438821 35788.050781 50548.468750 3008.463379 -122.771187 -63.068928 -75.649292 10.327016 1.000000e+37 1.000000e+37 0.000000
2847825 2511491 38565.507812 50825.660156 3234.150391 -95.464363 -35.899242 -100.271194 11.637201 1.000000e+37 1.000000e+37 0.000000
2847831 2511497 39254.207031 49088.968750 5352.188477 -85.522705 -46.193222 -53.489380 11.229381 1.000000e+37 1.000000e+37 0.000000
2877811 2587130 40513.359375 51702.656250 2817.860840 -78.505646 -65.324379 -61.212196 12.749105 1.000000e+37 1.000000e+37 0.000000
2877844 2587169 40705.617188 52575.890625 3802.048096 -112.839592 -25.198206 -70.153168 9.855307 1.000000e+37 1.000000e+37 0.000000
2877861 2587187 37931.507812 50365.089844 3014.034180 -107.274422 6.536079 -69.362038 9.387169 1.000000e+37 1.000000e+37 0.000000
2877863 2587189 36507.777344 50953.011719 3551.060791 -102.607567 -47.852547 -78.699707 11.836199 1.000000e+37 1.000000e+37 0.000000
2877874 2587200 37732.386719 50288.144531 2787.514893 -69.940369 5.172344 -107.823059 9.685922 1.000000e+37 1.000000e+37 0.000000
2877880 2587206 36131.894531 50843.250000 4906.563477 -124.683945 -25.054876 -65.067574 7.862174 1.000000e+37 1.000000e+37 0.000000
2877883 2587209 37504.046875 49607.839844 2316.062988 -77.041893 -64.688835 -103.536896 12.998750 1.000000e+37 1.000000e+37 0.000000
2877899 2587230 35914.472656 50558.468750 2796.474365 -127.613533 -69.395737 -62.377567 11.392185 1.000000e+37 1.000000e+37 0.000000
2908760 2666436 36364.199219 51574.585938 4879.008789 -107.731087 -20.591331 -63.020615 10.142882 1.000000e+37 1.000000e+37 0.000000
2940898 2749261 38259.496094 49950.046875 2162.979736 -123.490768 -68.735901 -68.006577 8.652306 1.000000e+37 1.000000e+37 0.000000
2940899 2749262 38526.085938 50044.109375 2220.681641 -126.483055 -56.037624 -67.843330 9.398376 1.000000e+37 1.000000e+37 0.000000
2940912 2749284 35665.527344 50632.691406 2740.193604 -132.212128 -64.127846 -63.157448 11.270282 1.000000e+37 1.000000e+37 0.000000
2973744 2835712 41149.027344 49836.109375 3068.430420 -77.604919 -59.344490 -87.292496 9.935399 1.000000e+37 1.000000e+37 0.000000
2973774 2835742 39002.664062 51329.000000 4413.580566 -89.516068 -5.394311 -88.028687 9.483274 1.000000e+37 1.000000e+37 0.000000
2973776 2835744 39369.828125 50429.851562 3189.984131 -117.551102 -20.272076 -81.391525 10.663597 1.000000e+37 1.000000e+37 0.000000
2973785 2835756 37785.179688 50133.496094 3107.299072 -61.777992 -36.427219 -76.352234 12.898499 1.000000e+37 1.000000e+37 0.000000
3007967 2926436 40242.929688 50700.300781 4347.470215 -100.162003 -25.695652 -58.945488 9.196427 1.000000e+37 1.000000e+37 0.000000
3007990 2926460 38475.820312 52152.632812 4572.399414 -61.654293 -17.563307 -63.133518 8.106939 1.000000e+37 1.000000e+37 0.000000
3007998 2926468 37549.882812 50157.101562 2625.664795 -93.931816 -12.786318 -107.766724 8.962507 1.000000e+37 1.000000e+37 0.000000
3008009 2926482 39274.285156 50363.578125 2317.757568 -105.664322 -42.117641 -74.960899 9.371791 1.000000e+37 1.000000e+37 0.000000
3008024 2926504 38610.921875 53173.039062 4298.049316 -87.040939 -23.091179 -13.253713 11.815355 1.000000e+37 1.000000e+37 0.000000
3008025 2926505 35772.074219 50683.562500 2497.142578 -133.710678 -66.099037 -63.152969 11.548809 1.000000e+37 1.000000e+37 0.000000
3008028 2926508 40298.230469 52986.660156 2668.752441 -65.709785 -44.120106 -42.906635 8.873752 1.000000e+37 1.000000e+37 0.000000
3043518 3021693 40841.250000 52493.433594 3531.079346 -103.751030 -27.459225 -77.137283 9.231051 1.000000e+37 1.000000e+37 0.000000
3043544 3021724 40671.863281 50348.050781 4995.601074 -97.701447 -30.288046 -41.199448 12.735840 1.000000e+37 1.000000e+37 0.000000
3043560 3021740 39977.828125 51768.132812 5532.580566 -115.223732 -15.474588 -31.214737 9.293479 1.000000e+37 1.000000e+37 0.000000
3043561 3021741 39712.082031 52595.601562 5183.972168 -104.675346 -2.708323 -26.838770 12.852078 1.000000e+37 1.000000e+37 0.000000
3043573 3021754 38657.082031 53176.363281 4999.223145 -97.353996 -7.316654 -0.542991 6.766253 1.000000e+37 1.000000e+37 0.000000
3043575 3021757 38782.027344 52795.382812 5002.958008 -64.370193 2.722885 -27.590210 7.056571 1.000000e+37 1.000000e+37 0.000000
3043595 3021777 35660.015625 50123.421875 2727.861816 -112.819405 -44.202042 -95.489471 10.715642 1.000000e+37 1.000000e+37 0.000000
3043602 3021789 39163.414062 50541.531250 2372.520264 -108.627541 -51.139812 -54.021374 10.821752 1.000000e+37 1.000000e+37 0.000000
3043603 3021790 37800.441406 49584.511719 1605.394897 -127.802925 -101.870651 -89.608017 11.658314 1.000000e+37 1.000000e+37 0.000000
3043619 3021812 38060.496094 49080.906250 1766.046875 -116.416504 -115.528244 -94.856499 10.615331 1.000000e+37 1.000000e+37 0.000000
3043620 3021813 39955.734375 50452.500000 2257.408936 -93.252449 -57.759918 -63.766914 10.709124 1.000000e+37 1.000000e+37 0.000000
3043621 3021814 39582.292969 52651.769531 3271.758545 -90.696541 -56.127743 -25.770420 11.889943 1.000000e+37 1.000000e+37 0.000000
3079949 3121262 40357.726562 52710.968750 4326.993164 -97.913719 -34.066223 -44.140774 10.190727 1.000000e+37 1.000000e+37 0.000000
3079979 3121293 37864.902344 50388.261719 2877.167236 -82.533890 -32.664978 -132.346970 11.941178 1.000000e+37 1.000000e+37 0.000000
3079980 3121294 37918.601562 50697.406250 3251.939697 -24.545723 -90.057312 -34.812424 10.525057 1.000000e+37 1.000000e+37 0.000000
3079981 3121295 37825.589844 50409.335938 2756.286865 -44.350403 -56.851162 -80.689133 11.655057 1.000000e+37 1.000000e+37 0.000000
3079988 3121302 38000.312500 48945.843750 1124.997559 -72.661285 -80.114265 -66.529335 6.701766 1.000000e+37 1.000000e+37 0.000000
3117720 3226063 41092.378906 52046.667969 2940.350342 -68.291031 -50.409019 -74.790947 8.502624 1.000000e+37 1.000000e+37 0.000000
3117744 3226093 40298.761719 50740.015625 3818.654053 -101.794701 -34.984039 -69.889832 9.977631 1.000000e+37 1.000000e+37 0.000000
3117774 3226126 39380.890625 51408.992188 4908.830566 -112.128456 -15.702693 -45.854881 12.240441 1.000000e+37 1.000000e+37 0.000000
3117775 3226127 39740.484375 51370.507812 5421.152832 -99.801735 -12.957171 -34.045464 10.061472 1.000000e+37 1.000000e+37 0.000000
3117776 3226129 35878.304688 50718.425781 3026.170410 -126.498711 -59.320766 -88.297073 10.959096 1.000000e+37 1.000000e+37 0.000000
3117795 3226147 37586.054688 49594.425781 3657.718506 -99.861046 -29.519518 -98.150093 10.010673 1.000000e+37 1.000000e+37 0.000000
3117796 3226148 37710.359375 50243.832031 2800.181152 -80.908913 7.743371 -107.169098 8.503325 1.000000e+37 1.000000e+37 0.000000
3117798 3226150 38609.203125 50698.031250 2846.598145 -130.721832 -11.518507 -54.282955 12.057519 1.000000e+37 1.000000e+37 0.000000
3117799 3226151 39224.863281 50470.605469 3486.481689 -122.727882 -12.523697 -82.755501 9.989920 1.000000e+37 1.000000e+37 0.000000
3117808 3226160 36892.718750 48985.929688 1761.439087 -60.046005 -91.895149 -78.317947 10.973189 1.000000e+37 1.000000e+37 0.000000
3117814 3226166 37508.382812 49585.839844 2266.767334 -84.867889 -61.487854 -104.596733 10.325376 1.000000e+37 1.000000e+37 0.000000
3117833 3226192 38839.800781 51435.675781 3806.102539 -89.413689 -74.755249 -76.971542 11.892536 1.000000e+37 1.000000e+37 0.000000
3156685 3335899 40846.312500 52586.933594 3299.947266 -105.356941 -66.224625 -52.027424 11.255539 1.000000e+37 1.000000e+37 0.000000
3156738 3335962 39611.027344 51340.242188 5137.731445 -108.404251 -12.904060 -43.944885 7.604131 1.000000e+37 1.000000e+37 0.000000
3156752 3335977 38653.406250 52849.843750 4780.758301 -99.077919 -11.750640 -19.699509 8.885355 1.000000e+37 1.000000e+37 0.000000
3156753 3335978 39172.894531 51467.269531 5181.211914 -100.709618 -7.644169 -46.277637 9.288769 1.000000e+37 1.000000e+37 0.000000
3156754 3335979 38684.945312 53085.054688 4906.265137 -99.300957 -10.927224 -4.293386 8.112154 1.000000e+37 1.000000e+37 0.000000
3156770 3336009 38041.011719 49517.089844 1793.707153 -123.852135 -93.639931 -94.821205 10.504367 1.000000e+37 1.000000e+37 0.000000
3156779 3336023 41013.867188 51136.414062 2400.880615 -69.376045 -62.567638 -65.246490 9.730706 1.000000e+37 1.000000e+37 0.000000
3156780 3336024 39552.785156 52646.429688 3254.247070 -93.335686 -48.579346 -22.380173 10.549583 1.000000e+37 1.000000e+37 0.000000
3156781 3336025 38873.433594 51270.824219 3391.993896 -146.631226 -70.338829 -11.161164 12.266581 1.000000e+37 1.000000e+37 0.000000
3196824 3451021 40663.582031 49351.640625 2424.998535 -82.828445 -67.020233 -103.761543 9.616044 1.000000e+37 1.000000e+37 0.000000
3196848 3451045 40141.945312 51043.015625 5658.472168 -100.556793 -31.608650 -20.386389 10.422727 1.000000e+37 1.000000e+37 0.000000
3196862 3451060 39161.738281 51468.953125 4915.910156 -101.770088 -14.497573 -63.045910 9.106031 1.000000e+37 1.000000e+37 0.000000
3196863 3451061 38801.000000 51618.812500 4041.747314 -82.713165 -62.390129 -54.372684 12.167856 1.000000e+37 1.000000e+37 0.000000
3196864 3451062 37000.722656 50876.808594 3658.134277 -82.410698 -49.242077 -80.280136 9.257415 1.000000e+37 1.000000e+37 0.000000
3196896 3451108 36775.617188 52165.128906 3983.589355 -107.279800 -29.390829 -48.347286 11.277805 1.000000e+37 1.000000e+37 0.000000
3238956 3573172 39425.171875 51938.628906 4767.600586 -116.905075 -18.503370 -39.730190 9.072036 1.000000e+37 1.000000e+37 0.000000
3282508 3701852 40113.851562 51580.785156 2727.563232 -85.493500 -59.262974 -75.925453 12.134481 1.000000e+37 1.000000e+37 0.000000
3282509 3701853 40627.863281 51644.050781 2695.907959 -89.162498 -49.269863 -71.751480 11.571334 1.000000e+37 1.000000e+37 0.000000
3282534 3701891 40010.644531 50151.156250 2770.128174 -100.914169 -45.488377 -90.615753 9.923486 1.000000e+37 1.000000e+37 0.000000
3282555 3701913 40225.105469 52331.394531 3625.906250 -87.387146 -30.593464 -55.464790 11.237193 1.000000e+37 1.000000e+37 0.000000
3282566 3701926 38688.738281 51382.777344 4017.508545 -124.292908 -28.920225 -90.753090 12.471948 1.000000e+37 1.000000e+37 0.000000
3282567 3701927 39319.984375 51851.652344 4810.354980 -113.313866 -11.750273 -46.045765 8.454450 1.000000e+37 1.000000e+37 0.000000
3282568 3701928 38622.921875 53084.937500 5295.368652 -79.107857 -0.569389 2.392611 11.337918 1.000000e+37 1.000000e+37 0.000000
3282587 3701947 38974.835938 50606.003906 3611.653809 -123.992683 3.950216 -89.158821 12.208570 1.000000e+37 1.000000e+37 0.000000
3282591 3701951 37163.273438 49253.207031 1863.385742 -72.940910 -96.981377 -136.181030 14.657473 1.000000e+37 1.000000e+37 0.000000
3282592 3701952 38143.312500 50562.203125 3225.217041 -134.705475 31.650702 -29.394857 10.806059 1.000000e+37 1.000000e+37 0.000000
3282593 3701953 35742.980469 49969.367188 2571.308105 -122.121330 -47.270863 -85.840309 10.844840 1.000000e+37 1.000000e+37 0.000000
3327763 3837683 39996.027344 52864.523438 4834.526367 -101.501129 -17.148787 -26.065060 8.062184 1.000000e+37 1.000000e+37 0.000000
3327789 3837711 39795.070312 49090.957031 4080.016357 -88.038300 -55.325981 -78.080925 11.393446 1.000000e+37 1.000000e+37 0.000000
3327797 3837719 37736.792969 50622.375000 4560.870605 -89.451530 -23.458633 -85.250397 10.820244 1.000000e+37 1.000000e+37 0.000000
3327815 3837753 40493.984375 52900.296875 3218.038574 -75.026169 -57.529915 -22.856258 9.871707 1.000000e+37 1.000000e+37 0.000000
3374991 3981640 40874.828125 50109.015625 4298.010254 -86.162056 -38.020084 -62.701218 11.070207 1.000000e+37 1.000000e+37 0.000000
3375023 3981675 38727.589844 52002.386719 4814.011230 -94.054161 -14.323635 -54.748226 9.347109 1.000000e+37 1.000000e+37 0.000000
3375025 3981677 38658.750000 52403.492188 4819.970703 -87.454140 -2.487478 -42.124424 8.904747 1.000000e+37 1.000000e+37 0.000000
3375027 3981679 38661.242188 52407.097656 4757.026855 -59.433083 -6.684061 -52.010273 8.396017 1.000000e+37 1.000000e+37 0.000000
3375045 3981697 37331.035156 49701.367188 2241.011230 -92.875809 -65.650368 -92.991302 9.558013 1.000000e+37 1.000000e+37 0.000000
3375051 3981703 36054.835938 49599.441406 2399.685059 -108.654930 -54.649940 -94.656853 10.610479 1.000000e+37 1.000000e+37 0.000000
3424029 4134187 41147.433594 51944.390625 2727.361816 -50.993721 -38.105190 -75.196404 12.842224 1.000000e+37 1.000000e+37 0.000000
3424063 4134233 40478.777344 50936.117188 3083.985840 -97.582085 -33.567238 -82.704475 9.857997 1.000000e+37 1.000000e+37 0.000000
3424064 4134234 40302.597656 52826.339844 4272.988281 -103.717850 -21.391479 -53.534248 9.633191 1.000000e+37 1.000000e+37 0.000000
3424081 4134255 39325.097656 51450.671875 5092.208496 -109.452866 -8.806051 -47.265686 10.248692 1.000000e+37 1.000000e+37 0.000000
3424093 4134267 39497.023438 48722.066406 4941.100586 -83.590424 -56.208500 -60.885296 11.062998 1.000000e+37 1.000000e+37 0.000000
3424094 4134268 37125.839844 48985.390625 1898.914185 -34.052418 -50.325951 -98.815895 10.829617 1.000000e+37 1.000000e+37 0.000000
3424095 4134269 37577.832031 50255.191406 2518.682129 -86.373634 -93.607536 -40.493332 11.644236 1.000000e+37 1.000000e+37 0.000000
3424096 4134270 39982.347656 48652.589844 3746.878418 -82.057121 -66.221619 -85.312523 9.996299 1.000000e+37 1.000000e+37 0.000000
3424121 4134315 38852.171875 51205.636719 3771.305908 -83.985130 -86.943588 -78.301888 8.984012 1.000000e+37 1.000000e+37 0.000000
3424122 4134316 36024.773438 50027.644531 2792.083740 -130.466263 -50.349968 -97.877869 11.061524 1.000000e+37 1.000000e+37 0.000000
3424123 4134317 37601.566406 49637.949219 1988.974854 -93.248497 -105.045578 -64.822464 8.854080 1.000000e+37 1.000000e+37 0.000000
3424124 4134318 37564.996094 50898.187500 3021.949707 -74.139526 -83.411179 -43.661072 8.826333 1.000000e+37 1.000000e+37 0.000000
3475002 4296109 40730.585938 52388.656250 3574.712158 -100.395226 -38.446251 -65.334518 10.250639 1.000000e+37 1.000000e+37 0.000000
3475031 4296148 40481.117188 50482.546875 3083.654297 -97.069786 -43.598572 -82.459084 9.420964 1.000000e+37 1.000000e+37 0.000000
3475033 4296150 40907.546875 50187.085938 3717.204102 -91.722664 -47.206650 -75.643745 10.645611 1.000000e+37 1.000000e+37 0.000000
3475034 4296151 40293.972656 50727.156250 5674.548828 -114.554192 -1.983516 -29.140444 10.673990 1.000000e+37 1.000000e+37 0.000000
3475053 4296171 39943.207031 51863.675781 5010.222168 -116.413254 -17.114313 -35.978455 9.811417 1.000000e+37 1.000000e+37 0.000000
3475072 4296195 38864.121094 51063.429688 3516.879883 -185.451828 -82.059639 -8.312620 10.244074 1.000000e+37 1.000000e+37 0.000000
3475093 4296216 37538.214844 50059.539062 2506.141357 -68.836563 -55.151333 -94.962219 6.255982 1.000000e+37 1.000000e+37 0.000000
3475120 4296265 35934.171875 50337.890625 2935.809570 -117.612061 -70.655106 -81.620651 10.432754 1.000000e+37 1.000000e+37 0.000000
3527848 4468077 39822.617188 52658.359375 5103.306641 -114.699577 3.212375 -28.647850 7.140777 1.000000e+37 1.000000e+37 0.000000
3527861 4468092 38817.707031 51238.300781 4251.811035 -109.517052 -20.547373 -86.283073 8.140620 1.000000e+37 1.000000e+37 0.000000
3527862 4468093 38783.093750 51556.839844 3845.241211 -79.309875 -72.756706 -60.419079 6.927379 1.000000e+37 1.000000e+37 0.000000
3527865 4468096 36266.132812 50050.101562 2688.366943 -114.651527 -65.007751 -79.423485 8.884030 1.000000e+37 1.000000e+37 0.000000
3527884 4468116 37883.019531 49882.769531 4753.422363 -93.165428 -32.314915 -75.578285 9.562762 1.000000e+37 1.000000e+37 0.000000
3527885 4468117 37407.382812 48898.261719 4498.341797 -106.240601 -52.768002 -78.689514 9.193953 1.000000e+37 1.000000e+37 0.000000
3527886 4468118 37138.207031 49032.972656 1878.114136 -38.299664 -14.444133 -109.431625 7.708592 1.000000e+37 1.000000e+37 0.000000
3527891 4468123 37090.515625 48974.972656 1624.468506 -98.357620 -49.648132 -78.411621 10.686469 1.000000e+37 1.000000e+37 0.000000
3527921 4468174 40507.257812 52930.765625 2606.232422 -73.750587 -51.513062 -42.765434 9.082680 1.000000e+37 1.000000e+37 0.000000
3582789 4651053 40621.527344 52573.429688 3595.664062 -73.159042 -27.370165 -59.603733 8.702958 1.000000e+37 1.000000e+37 0.000000
3582845 4651133 38802.742188 51022.367188 3514.315918 -188.835892 -57.974686 -4.391987 9.407512 1.000000e+37 1.000000e+37 0.000000
3582846 4651134 39225.457031 51552.062500 5116.518555 -106.757721 -19.688967 -47.799232 10.132737 1.000000e+37 1.000000e+37 0.000000
3582851 4651139 35702.933594 51662.300781 3564.501953 -136.700699 -33.756027 -66.345383 10.533395 1.000000e+37 1.000000e+37 0.000000
3582871 4651159 38890.917969 51170.316406 4382.723633 -97.743813 3.950949 -90.579018 10.694493 1.000000e+37 1.000000e+37 0.000000
3582872 4651160 39010.687500 51316.277344 4394.959473 -99.535637 -5.647236 -82.410118 10.089914 1.000000e+37 1.000000e+37 0.000000
3582873 4651161 38020.578125 50773.921875 2862.417969 -60.322353 -22.067627 -59.360851 9.187903 1.000000e+37 1.000000e+37 0.000000
3582910 4651216 39752.332031 51810.437500 3294.019775 -99.513527 -63.571140 -44.790798 9.215510 1.000000e+37 1.000000e+37 0.000000
3582911 4651217 38207.945312 53524.203125 3435.525635 -103.493965 -12.861521 -23.604206 9.998001 1.000000e+37 1.000000e+37 0.000000
3640761 4846671 40905.570312 51868.957031 2854.594971 -65.347260 -48.447990 -72.243523 9.837585 1.000000e+37 1.000000e+37 0.000000
3640784 4846727 40471.058594 50567.097656 5239.794922 -94.784897 -34.414082 -32.433777 8.167304 1.000000e+37 1.000000e+37 0.000000
3640815 4846759 39904.230469 52040.753906 5138.628418 -117.278954 -12.433928 -35.812233 9.678068 1.000000e+37 1.000000e+37 0.000000
3640816 4846760 40138.644531 51832.613281 4683.829102 -109.246498 -17.196136 -50.400375 11.780593 1.000000e+37 1.000000e+37 0.000000
3640833 4846782 38757.261719 51333.859375 3684.293945 -88.252937 -37.886395 -125.484604 10.076322 1.000000e+37 1.000000e+37 0.000000
3640834 4846783 38758.398438 51735.257812 3941.566650 -77.012779 -58.356361 -57.269482 6.080786 1.000000e+37 1.000000e+37 0.000000
3640835 4846784 38837.156250 51300.964844 3658.183105 -110.397263 -94.576172 -76.788902 10.475060 1.000000e+37 1.000000e+37 0.000000
3640836 4846785 38418.832031 53265.582031 5101.554688 -65.730530 1.836256 -10.588580 8.373933 1.000000e+37 1.000000e+37 0.000000
3640837 4846786 36688.648438 51107.285156 4309.349121 -100.934319 -27.474039 -78.792099 10.812142 1.000000e+37 1.000000e+37 0.000000
3640873 4846823 37621.628906 50459.496094 3552.887939 -77.147560 -19.830877 -115.164093 6.933413 1.000000e+37 1.000000e+37 0.000000
3640874 4846824 37699.031250 50625.175781 3942.630615 -83.798439 -20.846226 -105.703857 10.465682 1.000000e+37 1.000000e+37 0.000000
3640877 4846827 37726.683594 49218.050781 1680.532104 -99.058578 -86.804222 -103.933815 9.590403 1.000000e+37 1.000000e+37 0.000000
3640889 4846851 37854.414062 49076.707031 1368.197632 -75.299011 -136.919312 -118.627136 10.941027 1.000000e+37 1.000000e+37 0.000000
3640903 4846875 39775.750000 50666.718750 2346.528564 -96.971901 -53.911739 -54.617989 9.265733 1.000000e+37 1.000000e+37 0.000000
3640904 4846876 36535.523438 51728.300781 1742.123657 -126.662300 -53.235291 -69.695808 11.722227 1.000000e+37 1.000000e+37 0.000000
3640905 4846877 37733.757812 50936.453125 3207.229736 -59.230961 -88.384094 -43.168728 8.276592 1.000000e+37 1.000000e+37 0.000000
3700869 5055143 41075.246094 51195.699219 2427.031006 -70.895134 -58.216442 -60.150600 8.298182 1.000000e+37 1.000000e+37 0.000000
3700901 5055196 40579.863281 50165.425781 2957.968750 -91.227684 -48.945820 -87.550575 9.336109 1.000000e+37 1.000000e+37 0.000000
3700929 5055225 39873.839844 52685.843750 5125.920898 -115.196579 1.316303 -26.571667 9.281569 1.000000e+37 1.000000e+37 0.000000
3700930 5055226 39319.953125 51823.839844 4790.891113 -116.632507 -7.328473 -44.660374 9.215272 1.000000e+37 1.000000e+37 0.000000
3700943 5055243 38407.996094 50978.574219 3371.514160 -101.547272 -54.149300 -68.696304 10.866433 1.000000e+37 1.000000e+37 0.000000
3700944 5055247 38588.828125 51559.105469 3990.079590 -77.945648 -57.161724 -72.107979 10.410694 1.000000e+37 1.000000e+37 0.000000
3700968 5055271 37463.410156 49994.128906 2619.678955 -75.397369 -60.147141 -75.304573 9.456014 1.000000e+37 1.000000e+37 0.000000
3700969 5055272 39614.574219 50449.183594 3280.093750 -114.864464 -27.845303 -82.121315 9.971375 1.000000e+37 1.000000e+37 0.000000
3700979 5055282 37173.796875 49347.007812 2191.661377 -108.839333 -87.895439 -115.762482 10.285549 1.000000e+37 1.000000e+37 0.000000
3701007 5055336 38146.699219 49507.257812 2158.858398 -105.596512 -93.274307 -61.896057 7.520055 1.000000e+37 1.000000e+37 0.000000
3701008 5055337 38862.332031 51861.898438 3998.203125 -86.412018 -45.407074 -61.250141 9.192596 1.000000e+37 1.000000e+37 0.000000
3701009 5055338 36627.703125 49854.265625 2802.615479 -102.633461 -63.482044 -93.181969 7.505697 1.000000e+37 1.000000e+37 0.000000
3701010 5055339 36048.750000 50075.285156 2814.457520 -136.000198 -51.353127 -83.764008 8.758179 1.000000e+37 1.000000e+37 0.000000
3763974 5278795 40458.500000 51881.199219 2936.121094 -76.584579 -63.343330 -54.424103 9.459689 1.000000e+37 1.000000e+37 0.000000
3764048 5278896 39922.417969 51556.824219 5637.292969 -108.451637 -19.695391 -28.695621 8.545859 1.000000e+37 1.000000e+37 0.000000
3764049 5278897 40395.953125 51428.707031 4263.105469 -107.935577 -24.506596 -59.557953 9.634618 1.000000e+37 1.000000e+37 0.000000
3764071 5278924 38663.250000 52488.492188 4993.774902 -75.073425 3.351168 -37.977276 8.519905 1.000000e+37 1.000000e+37 0.000000
3764072 5278925 38672.613281 52493.652344 4704.580566 -61.506695 -10.513536 -46.138912 6.555830 1.000000e+37 1.000000e+37 0.000000
3764117 5278979 38373.882812 49425.363281 1498.626831 -132.845413 -87.750031 -93.958359 8.050877 1.000000e+37 1.000000e+37 0.000000
3764131 5279007 38954.535156 52379.003906 4181.248535 -93.938034 -54.677029 -28.915928 9.476136 1.000000e+37 1.000000e+37 0.000000
3764138 5279014 40683.875000 52806.117188 3148.898926 -82.739677 -58.464199 -27.908400 11.147593 1.000000e+37 1.000000e+37 0.000000
3830425 5519211 40983.781250 52265.269531 3248.081787 -70.119682 -45.488728 -42.311298 5.538417 1.000000e+37 1.000000e+37 0.000000
3830435 5519222 40981.921875 52207.304688 3154.237061 -73.820107 -39.324276 -57.666218 9.717226 1.000000e+37 1.000000e+37 0.000000
3830515 5519337 35652.539062 51070.523438 3175.385254 -132.626801 -49.273495 -81.745186 7.881233 1.000000e+37 1.000000e+37 0.000000
3830538 5519360 39257.277344 49245.367188 5034.747559 -87.971870 -44.304836 -57.677246 8.256120 1.000000e+37 1.000000e+37 0.000000
3830540 5519362 38712.796875 50854.933594 3458.876221 -85.713020 -19.466867 -98.267654 8.067512 1.000000e+37 1.000000e+37 0.000000
3830549 5519371 37238.234375 49550.093750 2327.620850 -102.967422 -68.554024 -98.300217 9.288455 1.000000e+37 1.000000e+37 0.000000
3830556 5519398 38446.796875 50151.300781 2311.546143 -121.828041 -55.013390 -68.324226 9.770618 1.000000e+37 1.000000e+37 0.000000
3830557 5519399 37036.867188 48934.441406 1580.557739 -100.095329 -52.815449 -86.934731 9.806721 1.000000e+37 1.000000e+37 0.000000
3899344 5776451 40333.242188 50062.171875 2925.465820 -93.991547 -47.327385 -89.883965 7.430264 1.000000e+37 1.000000e+37 0.000000
3899345 5776452 41196.464844 49867.367188 3362.343262 -79.880775 -55.797291 -88.707603 9.384871 1.000000e+37 1.000000e+37 0.000000
3899388 5776498 39984.550781 52599.316406 4856.802734 -108.530518 -2.909344 -31.761440 7.637752 1.000000e+37 1.000000e+37 0.000000
3899389 5776499 40386.558594 52760.503906 4328.401367 -101.107956 -22.332916 -52.974346 5.245270 1.000000e+37 1.000000e+37 0.000000
3899414 5776531 38850.058594 51142.050781 3467.451416 -216.571487 -93.070396 -8.052452 7.761765 1.000000e+37 1.000000e+37 0.000000
3899418 5776535 36679.136719 52565.207031 4910.765625 -101.543175 -2.247197 -53.237427 8.110213 1.000000e+37 1.000000e+37 0.000000
3899435 5776552 38930.292969 51305.562500 4402.894043 -96.255707 -2.833200 -87.181793 11.410962 1.000000e+37 1.000000e+37 0.000000
3899442 5776560 36920.769531 48890.109375 1765.203247 -62.555336 -80.899658 -78.385246 6.673761 1.000000e+37 1.000000e+37 0.000000
3899444 5776562 38298.097656 50572.445312 3067.409912 -97.255470 -21.894758 -99.566086 8.481228 1.000000e+37 1.000000e+37 0.000000
3899445 5776563 37940.890625 50183.925781 2983.484619 -97.009644 1.423982 -56.274021 9.902719 1.000000e+37 1.000000e+37 0.000000
3899450 5776568 37655.847656 50137.398438 2817.785400 -92.895615 -26.073456 -60.305908 10.576617 1.000000e+37 1.000000e+37 0.000000
3899475 5776620 37506.277344 49937.265625 2827.439209 -62.338104 -56.002071 -90.122894 7.393422 1.000000e+37 1.000000e+37 0.000000
3972490 6054147 40979.964844 51093.269531 2063.621826 -70.381561 -64.795853 -73.230850 9.857461 1.000000e+37 1.000000e+37 0.000000
3972604 6054316 38358.292969 50912.425781 3212.656250 -135.221069 -58.550453 -79.708778 9.292071 1.000000e+37 1.000000e+37 0.000000
3972607 6054319 38159.238281 51679.472656 4328.958984 -71.804207 -32.518517 -74.185234 8.469758 1.000000e+37 1.000000e+37 0.000000
4049502 6354655 41244.460938 49800.082031 3246.313232 -83.855499 -59.612732 -88.160637 8.287457 1.000000e+37 1.000000e+37 0.000000
4049610 6354778 38860.160156 50774.003906 4243.652344 -104.540344 -1.745777 -85.503235 8.866181 1.000000e+37 1.000000e+37 0.000000
4049611 6354779 38997.171875 51366.156250 4401.208496 -83.463821 -12.275098 -79.251343 8.763050 1.000000e+37 1.000000e+37 0.000000
4049612 6354780 38899.648438 51197.085938 4035.139404 -105.525528 -4.744276 -104.721909 7.701029 1.000000e+37 1.000000e+37 0.000000
4049613 6354781 38008.144531 50599.035156 3154.130615 -78.259399 39.846630 -120.142548 9.203442 1.000000e+37 1.000000e+37 0.000000
4049614 6354782 39318.476562 50522.207031 4140.404785 -110.157829 -11.898174 -79.925194 9.546432 1.000000e+37 1.000000e+37 0.000000
4049615 6354783 39531.445312 50424.304688 2508.928955 -103.446884 -37.730499 -80.375626 6.531305 1.000000e+37 1.000000e+37 0.000000
4049625 6354793 37270.460938 50955.449219 3699.105225 -77.610741 -29.821478 -96.472832 10.215373 1.000000e+37 1.000000e+37 0.000000
4049630 6354798 37390.718750 49656.515625 2424.223145 -111.439552 -56.290947 -84.343025 8.974900 1.000000e+37 1.000000e+37 0.000000
4049658 6354865 39409.195312 51642.839844 3352.520752 -114.168839 -72.856697 -38.214954 7.563871 1.000000e+37 1.000000e+37 0.000000
4049659 6354866 39198.355469 51970.515625 3107.267822 -88.833839 -62.377102 -19.001459 10.761712 1.000000e+37 1.000000e+37 0.000000
4049660 6354867 38862.156250 51885.914062 3968.656006 -80.486031 -49.093338 -54.798012 8.533050 1.000000e+37 1.000000e+37 0.000000
4049661 6354868 40079.558594 51821.042969 3062.034912 -84.738708 -61.144997 -47.785313 6.125744 1.000000e+37 1.000000e+37 0.000000
4049662 6354869 38772.589844 50629.058594 2836.031738 -120.942558 -37.216614 -36.770084 7.482152 1.000000e+37 1.000000e+37 0.000000
4049665 6354872 37510.886719 50748.617188 2952.773193 -75.571747 -79.908730 -36.725433 8.509787 1.000000e+37 1.000000e+37 0.000000
4049675 6354884 39724.210938 53401.566406 2754.348633 -91.066635 -32.869404 -36.425217 9.550448 1.000000e+37 1.000000e+37 0.000000
4129753 6679818 40445.855469 51957.941406 2991.057861 -80.565231 -60.340939 -53.700104 10.576369 1.000000e+37 1.000000e+37 0.000000
4129802 6679921 40642.621094 50452.902344 4506.189941 -97.697159 -40.217850 -55.348831 8.340601 1.000000e+37 1.000000e+37 0.000000
4129846 6679971 40160.558594 52889.464844 4797.720215 -122.026978 -11.099612 -36.319714 6.257207 1.000000e+37 1.000000e+37 0.000000
4129864 6679998 38699.621094 52596.808594 4741.875000 -107.835709 -20.835630 -25.001825 5.493118 1.000000e+37 1.000000e+37 0.000000
4129869 6680006 38039.148438 50359.726562 2943.898682 -133.881607 -44.183949 -17.361361 7.696557 1.000000e+37 1.000000e+37 0.000000
4129898 6680039 37709.554688 50233.097656 2775.374512 -75.758118 5.381166 -106.375244 6.294230 1.000000e+37 1.000000e+37 0.000000
4129934 6680101 40101.195312 49803.878906 2151.280762 -91.954277 -60.705593 -99.767601 7.607614 1.000000e+37 1.000000e+37 0.000000
4213563 7034188 40459.425781 51855.781250 2990.833740 -80.151360 -59.334728 -57.476959 6.510761 1.000000e+37 1.000000e+37 0.000000
4213610 7034292 40379.246094 50703.781250 5481.410156 -98.542885 -26.894875 -24.824026 6.831662 1.000000e+37 1.000000e+37 0.000000
4213611 7034293 41090.203125 49952.582031 3198.673828 -82.148010 -59.077988 -88.831215 7.714095 1.000000e+37 1.000000e+37 0.000000
4213645 7034331 39909.285156 52918.539062 4933.564941 -103.667061 -15.256886 -20.930981 8.542982 1.000000e+37 1.000000e+37 0.000000
4213671 7034369 38889.437500 52936.511719 5334.530273 -65.163017 21.762312 -23.454329 8.551789 1.000000e+37 1.000000e+37 0.000000
4213717 7034416 37688.535156 50205.820312 2784.293213 -84.203018 9.806485 -108.426567 6.293835 1.000000e+37 1.000000e+37 0.000000
4213718 7034417 39276.703125 50552.777344 4082.462402 -114.881416 -17.697615 -75.378906 9.291000 1.000000e+37 1.000000e+37 0.000000
4213728 7034427 36988.253906 50316.101562 2933.500488 -81.143822 -54.107624 -97.118027 5.984893 1.000000e+37 1.000000e+37 0.000000
4213729 7034428 37905.734375 49682.632812 5900.982910 -86.478073 -41.493847 -47.811073 9.445400 1.000000e+37 1.000000e+37 0.000000
4213730 7034429 36991.035156 50795.812500 4496.481934 -98.380730 -24.830448 -83.545410 9.027874 1.000000e+37 1.000000e+37 0.000000
4213760 7034518 38083.621094 49617.988281 2268.445312 -118.086990 -92.328102 -61.304649 5.413330 1.000000e+37 1.000000e+37 0.000000
4213761 7034520 37730.894531 49782.730469 823.354004 -104.839333 -110.164703 -84.894875 6.530491 1.000000e+37 1.000000e+37 0.000000
4300915 7420094 40923.265625 51231.949219 2315.819580 -75.069382 -56.992897 -60.466927 8.192392 1.000000e+37 1.000000e+37 0.000000
4301023 7420260 40002.507812 52486.179688 4658.592285 -105.821518 -5.296745 -37.096237 7.177979 1.000000e+37 1.000000e+37 0.000000
4301025 7420262 40335.976562 53050.988281 4284.079590 -109.498344 -36.599365 -38.774078 9.610826 1.000000e+37 1.000000e+37 0.000000
4301051 7420299 38506.285156 50979.246094 3210.334473 -104.991875 -29.875881 -84.116928 7.777037 1.000000e+37 1.000000e+37 0.000000
4301052 7420300 38591.566406 51720.070312 4128.392090 -75.096031 -47.236286 -68.550934 6.511171 1.000000e+37 1.000000e+37 0.000000
4301084 7420337 38745.746094 50902.394531 3733.871582 -129.471588 10.200679 -107.898659 8.186498 1.000000e+37 1.000000e+37 0.000000
4301085 7420338 39575.277344 51088.082031 4584.892090 -108.335602 -15.089684 -58.518147 9.598547 1.000000e+37 1.000000e+37 0.000000
4301101 7420354 37927.996094 50362.511719 3067.131348 -82.842163 -59.592255 -52.632351 5.721559 1.000000e+37 1.000000e+37 0.000000
4301102 7420355 37703.496094 50738.773438 3188.715088 -42.059277 -30.789011 -109.370407 9.969508 1.000000e+37 1.000000e+37 0.000000
4301103 7420356 37493.882812 50780.878906 4399.607422 -90.718430 -23.038891 -88.727928 7.102893 1.000000e+37 1.000000e+37 0.000000
4301107 7420360 36427.132812 50017.167969 2824.017334 -110.917786 -65.710953 -76.029709 5.584410 1.000000e+37 1.000000e+37 0.000000
4301111 7420366 37377.800781 49687.292969 2475.160400 -107.756592 -52.103626 -86.382828 8.712444 1.000000e+37 1.000000e+37 0.000000
4301155 7420479 38093.375000 49409.156250 1796.146729 -122.236794 -80.511421 -106.763885 9.648820 1.000000e+37 1.000000e+37 0.000000
4301156 7420480 39177.453125 51095.933594 3027.838379 -130.224945 -83.237564 -29.027822 9.318823 1.000000e+37 1.000000e+37 0.000000
4301157 7420481 38926.230469 52516.460938 4259.417969 -91.771126 -51.393097 -22.177467 8.474418 1.000000e+37 1.000000e+37 0.000000
4301158 7420482 38483.539062 50672.480469 3511.695068 -104.570290 -31.544743 -90.386597 12.302050 1.000000e+37 1.000000e+37 0.000000
4301159 7420483 36488.246094 50266.042969 3066.703125 -106.795998 -73.729248 -78.248306 8.631864 1.000000e+37 1.000000e+37 0.000000
4301162 7420486 40478.117188 52991.976562 3565.791992 -96.144646 -47.472752 -35.331608 10.486174 1.000000e+37 1.000000e+37 0.000000
