# FOF_ID M_FOF[10^10 Msun/h] Pos_xyz [kpc/h] Vel_xyz [km/s]
182 559.988770 15841.602539 12996.314453 60194.636719 78.760414 171.222672 75.976418
192 729.109741 37268.742188 19817.980469 54622.304688 -88.769585 22.600788 -126.745163
219 522.421509 10154.765625 25402.015625 25257.794922 -125.337128 -244.945877 10.088618
254 605.084900 12873.799805 33630.164062 28857.138672 -53.247849 -129.870972 113.195030
286 498.085785 30695.732422 67058.671875 52734.886719 32.858021 -246.684479 -116.795296
299 408.087250 4663.587891 39360.683594 30880.421875 276.570801 20.575981 -91.481697
306 286.540649 6631.599121 29940.357422 33872.015625 176.159088 -71.057297 -61.770130
380 250.412994 14617.275391 4257.929688 22827.347656 -59.032063 315.827576 -103.604172
388 274.717651 30383.937500 52619.324219 49305.785156 -421.473541 -15.980006 -146.202789
403 243.136200 73810.703125 54629.371094 53070.964844 -28.606297 -41.357780 272.418427
415 373.059540 72748.101562 54931.316406 47568.312500 222.623169 236.275940 114.990585
416 380.966949 25396.357422 52849.410156 41779.574219 -168.282715 -9.750846 349.490326
422 284.868652 62988.156250 16042.307617 28729.962891 458.235809 -16.098850 -15.393064
433 345.746246 60006.160156 10644.963867 31566.376953 86.770744 108.724022 290.383362
457 206.332581 7629.812012 32049.162109 37420.160156 156.800186 -29.141861 -124.581886
501 169.768372 58444.171875 29223.060547 747.540771 59.637074 44.651470 330.604767
506 335.915985 3424.364258 26898.273438 72782.179688 102.724396 168.228790 114.093491
520 153.353561 73971.648438 26531.968750 9787.681641 280.081024 271.066742 436.549286
522 310.063263 7948.994629 54766.484375 72487.000000 265.708862 -113.168320 -254.063995
545 292.259277 19400.037109 5725.032715 42588.730469 -43.597614 85.684807 -124.381477
548 266.330292 17697.808594 46607.738281 72967.656250 -170.805557 9.405081 -344.222137
580 169.811813 18224.443359 17666.707031 26860.781250 -206.954926 -89.827271 185.499496
618 277.734894 25220.298828 7104.723633 60888.789062 110.403450 40.054733 77.454895
622 96.206322 9135.142578 61494.183594 34818.050781 -75.025970 -103.862343 155.044128
644 225.626266 43200.644531 65272.355469 13565.579102 -6.477421 134.201935 144.448196
647 237.952698 41643.812500 47516.949219 15116.862305 -36.737938 14.708159 97.952141
660 221.002548 64326.589844 12141.455078 5284.466797 25.456743 207.570068 66.554619
687 244.833191 69457.070312 52578.292969 27933.632812 109.115181 35.337940 84.678368
688 237.224426 39373.179688 4681.152344 59979.500000 -90.827415 -116.128899 -31.847397
692 226.385315 16489.302734 19344.738281 54549.476562 52.517307 198.258438 13.818673
698 215.561081 22365.625000 41145.289062 34252.082031 -302.667206 -18.156342 324.386902
732 209.721069 45836.230469 52297.773438 59360.125000 -98.364571 -35.709923 -148.160675
747 228.405777 25353.107422 8183.190430 63796.546875 64.193657 6.138124 65.284760
769 170.316376 19991.210938 47302.125000 32326.660156 -85.373627 -169.624466 299.160431
777 160.715958 67206.492188 57819.460938 24834.380859 22.543228 -64.090126 121.017723
904 158.749741 40591.488281 58380.691406 13355.762695 -38.599670 53.631306 61.744453
912 151.152466 64161.218750 19288.140625 53587.308594 60.558891 -137.690796 -106.301804
916 154.209747 60894.921875 35458.015625 12867.047852 187.424881 -193.244873 93.257843
942 156.509171 34386.664062 38627.046875 36985.347656 -192.749207 29.858877 288.672394
1011 134.399307 56616.121094 21847.103516 14366.232422 182.169632 -55.342285 58.590527
1028 145.823883 11327.239258 44987.765625 20046.064453 -54.193523 -181.679489 172.051544
1052 163.049286 61999.265625 12492.665039 25050.904297 177.342178 230.607285 302.246674
1070 141.360947 5363.361328 34824.929688 16810.265625 -77.435425 -374.581665 129.950562
1101 147.705170 24086.675781 7980.568359 2711.367432 -316.465759 -349.802338 -82.947212
1111 143.667328 13789.546875 74781.898438 12170.093750 327.960632 261.041107 -124.804398
1114 113.595497 39432.093750 65598.523438 8172.585449 -79.458633 145.814514 35.822037
1156 113.603638 53054.187500 48788.210938 31713.017578 4.932470 49.502869 -71.966179
1193 84.436913 65980.875000 40208.093750 73245.929688 108.866058 -234.127457 69.895920
1220 117.775688 3380.188965 50930.488281 69856.585938 292.545013 30.541922 -120.754753
1229 132.084351 26926.396484 74601.039062 62300.265625 108.295067 -86.444862 92.515320
1230 122.623367 34073.082031 5245.983887 47651.312500 -0.530495 -165.708618 29.344849
1237 116.407333 66883.437500 60006.226562 6526.882324 114.477776 -18.008135 3.224409
1238 55.825493 67902.898438 47289.824219 36347.496094 208.695770 155.242828 71.995361
1257 137.033356 35587.660156 50091.648438 37006.941406 -90.688446 30.220453 164.314560
1282 108.111122 47266.972656 8045.331543 46395.710938 43.861229 -173.168610 -191.729630
1313 92.027809 4308.002441 38054.937500 29799.226562 269.259003 77.300919 -112.815079
1315 102.425835 4656.611328 43548.542969 36152.226562 299.143402 143.581329 20.134516
1319 86.874489 24689.300781 8022.318359 70102.320312 18.308235 -230.074799 159.169388
1322 110.189491 59951.949219 61468.621094 51293.289062 262.751495 41.290245 -12.933940
1325 99.582016 19387.794922 58298.808594 51144.707031 62.898087 -473.709167 -16.713480
1344 102.920105 11424.292969 45794.160156 66475.968750 13.750097 147.918884 -101.201485
1382 92.902359 50004.031250 46440.339844 53013.203125 -32.934616 75.612495 72.549171
1394 84.926773 29163.195312 4969.548340 32364.326172 -17.517420 50.406605 -24.507145
1443 103.609825 55860.019531 73414.523438 45868.828125 -38.548077 -152.696396 -318.329956
1448 92.771385 67747.101562 60098.433594 44462.781250 182.883301 40.447105 65.955711
1464 105.455910 20329.064453 37452.175781 7107.438965 -163.322098 -59.813786 -76.543121
1469 89.644783 18354.275391 69610.859375 65566.031250 133.257736 -180.354248 204.741028
1484 117.050987 67807.890625 46511.910156 28845.757812 161.449524 53.691284 2.753591
1510 102.481789 26938.955078 46268.488281 23431.240234 -44.731209 -46.930454 136.442642
1526 87.914345 62815.957031 13978.264648 67560.578125 25.859694 44.381481 -25.560251
1527 97.319824 62973.984375 64670.519531 22237.917969 -107.972900 -9.663337 183.652878
1539 97.735519 48579.640625 59660.703125 12131.441406 36.185425 97.368301 129.949265
1578 98.501060 69327.960938 2811.710693 45312.238281 10.472581 -177.220322 -297.171234
1583 92.738899 54300.441406 21136.345703 5364.222168 39.187645 37.551350 40.252571
1586 85.226326 36438.355469 21944.617188 27697.980469 -160.545990 -18.709238 149.023468
1591 85.055038 13343.124023 59385.492188 45892.343750 75.199547 -376.881989 176.625946
1617 93.336525 9555.958008 73180.625000 7370.037109 332.009491 28.246351 66.665138
1678 90.238922 31577.460938 3868.738281 63285.976562 -40.900417 -120.394608 111.690033
1708 78.448929 13356.014648 30719.572266 6637.434570 -256.081055 -71.359314 -70.542244
1729 81.192429 9794.230469 31151.058594 70002.710938 -147.260605 -150.213852 0.602481
1747 68.454811 39965.507812 53091.441406 59986.992188 -148.591309 -24.591032 -232.139130
1748 74.856186 10229.824219 34825.566406 8071.934570 -205.342285 -172.344666 -44.931213
1791 81.191467 17892.660156 56341.597656 4117.939941 -81.668755 159.745895 -286.518799
1866 74.931602 50681.589844 35731.718750 11957.070312 88.646217 -90.287971 14.681692
1878 65.994705 16968.033203 49340.312500 57915.765625 41.084145 -30.622688 -243.726562
1913 68.004387 14212.567383 62976.406250 47270.777344 65.333023 -309.459412 30.755728
1915 71.155647 10787.045898 10847.718750 24005.289062 37.611340 252.032761 77.186203
1927 69.106911 38832.214844 55079.503906 7344.554688 -75.548004 26.386862 29.024635
1940 66.274879 60366.691406 63264.269531 57480.750000 249.570908 -52.919655 -367.503052
1971 82.175003 13075.345703 58962.597656 57270.933594 52.313007 -358.818542 -49.711407
1978 71.467117 43990.144531 11413.280273 48037.949219 -14.220695 -128.780701 -95.804146
1996 61.278931 27838.566406 70922.265625 59114.066406 65.707298 -86.667297 -0.104002
2067 74.952560 20672.542969 58745.269531 66349.945312 -371.722076 42.929420 -156.878677
2164 68.524376 62621.843750 52517.519531 63690.664062 196.039352 -34.686127 -282.652985
2182 67.535416 67333.875000 48786.304688 15326.578125 140.925369 -51.797340 76.087036
2208 68.066284 27463.466797 60102.820312 5029.002930 -206.249222 92.167435 -183.230026
2217 69.799103 19995.164062 68951.867188 33415.203125 80.291443 -16.433960 14.754240
2240 57.377132 12582.931641 72406.625000 8573.535156 248.270706 159.216034 -151.872375
2247 40.088257 32110.406250 33823.085938 65576.328125 -83.981285 72.047791 -30.816587
2257 67.629478 7444.411621 34267.574219 70291.046875 135.092316 -97.086006 20.850643
2270 64.177307 43657.859375 19157.013672 38535.398438 31.802078 -93.511139 155.465363
2277 50.372673 45635.167969 30915.871094 33271.128906 -0.156826 42.526768 -9.466433
2289 62.234413 49273.433594 39793.164062 29845.244141 22.075325 -51.493511 -146.531372
2295 62.982372 37662.488281 29598.554688 70981.117188 -82.915527 99.093704 -12.563962
2318 70.262108 50467.042969 65239.687500 17552.777344 28.634987 219.916046 198.283463
2397 59.431610 74774.125000 47919.714844 64512.632812 252.430023 81.463409 -248.815979
2400 64.012062 6059.488770 19787.472656 15302.582031 -103.516159 275.266479 371.476044
2409 53.548061 56557.304688 25113.460938 40579.976562 -17.778749 -189.186218 -91.737457
2439 51.173477 50204.433594 6122.683594 11642.967773 -32.460541 15.875518 38.144722
2464 47.953880 44223.199219 74749.867188 3150.363037 -150.487717 31.270775 -140.809647
2476 51.895813 54642.855469 59647.058594 52312.535156 109.140694 152.898941 -149.246964
2504 58.410427 6719.584473 60071.363281 54553.425781 -72.455734 -398.260590 -59.467506
2509 59.621700 2882.931396 50424.214844 39761.113281 294.885162 180.451355 294.088959
2550 55.423439 48840.003906 61944.097656 27534.351562 43.378616 162.446030 214.880310
2594 43.637260 33870.695312 19084.833984 33567.785156 -174.095367 -63.719814 107.609077
2640 45.478447 18859.005859 36643.382812 33880.941406 -271.089081 -33.044804 345.957581
2653 49.755276 10953.573242 37669.593750 37906.605469 129.543137 73.949875 32.340656
2663 49.224194 17751.837891 34438.753906 51555.562500 85.865288 233.960617 6.984282
2746 42.626167 30930.740234 27971.107422 26012.085938 -189.366501 -133.608749 180.019058
2847 42.753544 70158.132812 26849.865234 53833.019531 250.757538 -5.572695 36.937519
2868 48.145794 56136.484375 9185.037109 300.605774 -15.759589 57.916000 12.067152
2949 47.646832 48728.820312 43314.363281 17381.410156 27.427813 -42.991039 165.023056
2954 39.891151 1554.146729 30553.654297 16863.742188 81.351891 -752.226196 -50.336628
3012 48.577438 62320.796875 9418.538086 18887.841797 13.066563 157.709290 220.611679
3034 42.457672 60948.558594 26406.650391 4674.465332 106.781219 40.882015 9.082732
3065 47.206394 16265.899414 7495.743652 39071.531250 -87.885315 178.918335 -158.827499
3173 43.308887 73291.585938 22033.937500 19939.613281 297.846466 310.264099 319.761139
3226 41.710217 53639.589844 53182.652344 45353.109375 76.373428 171.962585 -16.205444
3393 45.907196 22218.554688 28929.330078 26899.970703 -259.733948 -92.844376 187.223068
3573 40.538593 29377.867188 37734.699219 17744.486328 -89.224976 -66.694672 -83.513649
3590 39.124783 56892.687500 38330.832031 46171.386719 -32.473072 81.619812 -31.421284
3751 29.002684 9448.474609 47421.269531 37033.777344 179.053009 88.645813 203.776199
4179 31.248138 11081.205078 35598.363281 41991.882812 130.315796 145.756454 15.626783
4414 30.064205 58230.582031 58441.007812 47831.667969 153.169479 177.604202 61.772083
4831 28.340342 38790.023438 51062.816406 3378.224609 -130.750626 -55.941170 -49.285923
5079 26.904476 9616.250000 61660.371094 148.031693 342.216827 -19.577484 -177.805389
