# FOF_ID M_FOF[10^10 Msun/h] Pos_xyz [kpc/h] Vel_xyz [km/s]
182 559.988770 16275.090820 12719.696289 60397.296875 -97.804405 292.641510 -79.563980
192 729.109741 37228.656250 19769.617188 54091.894531 -236.702866 -100.392418 106.193459
219 522.421509 9703.367188 25189.351562 25078.927734 -214.079834 -109.855370 309.878204
1415 91.668518 13114.653320 33039.304688 28617.490234 -163.296066 55.564106 52.092499
286 498.085785 30595.695312 67509.500000 53120.371094 -21.756472 -360.701019 -253.858582
299 408.087250 4999.039551 39844.871094 31289.728516 324.864288 -55.612919 -253.550964
306 286.540649 6675.350586 30216.505859 34292.773438 108.113785 0.220702 -253.084930
380 250.412994 14570.055664 4373.154297 22280.833984 85.022118 281.754852 25.744001
388 274.717651 29923.986328 52328.933594 49020.468750 -282.334869 30.788395 -87.702896
403 243.136200 73469.750000 54371.433594 53339.324219 -109.098953 -104.974258 65.376152
635 213.169327 73059.992188 54872.257812 46226.234375 297.644073 247.870255 183.199738
5068 24.466190 25710.310547 53102.097656 41328.371094 -197.812653 -56.962994 450.662659
422 284.868652 62545.085938 16371.692383 28539.248047 606.881592 -228.322861 47.905651
2699 42.774963 59551.074219 10199.973633 32255.494141 116.440712 124.585114 228.531250
457 206.332581 7355.653809 31765.261719 37008.542969 158.919342 90.581818 -31.501890
501 169.768372 58549.878906 29553.476562 1181.210815 -41.884022 -68.435509 73.478279
783 202.345917 2240.101318 27806.152344 71822.328125 177.350128 85.217804 136.844223
520 153.353561 74251.968750 26753.585938 9323.161133 156.899277 222.567566 491.726562
788 172.510452 6965.760742 53881.148438 71737.335938 286.400970 -94.025215 -236.047836
1521 98.933586 19073.183594 5306.216309 41783.687500 -13.033843 146.795868 -3.919741
639 235.247025 16907.126953 47039.703125 72369.101562 -79.974915 70.802567 -248.551636
580 169.811813 18717.910156 17873.400391 26850.201172 -305.066833 -198.062256 153.367615
1233 84.006966 25146.791016 7549.520508 61292.550781 69.891945 -26.058134 -32.050270
622 96.206322 9111.817383 62023.890625 34675.218750 -41.810921 -223.350540 152.628281
1197 125.780357 43454.960938 65197.296875 14270.404297 31.194801 96.808701 6.393210
784 195.245422 41477.703125 49128.273438 14331.037109 -34.916149 -51.462971 145.311142
1917 81.807838 63704.171875 11944.240234 5129.674316 156.262909 251.915909 112.692673
1374 92.831589 69086.523438 53301.140625 28336.021484 125.348541 -77.611267 64.832108
1459 98.656998 39817.566406 4951.399902 60803.207031 -161.823334 -169.706390 -116.590355
2651 50.563530 16103.020508 19344.515625 55124.457031 136.593887 81.216919 -55.964157
1038 153.095856 21238.103516 41358.652344 34054.613281 -226.393799 -41.605610 309.428101
3056 41.581810 46370.511719 51780.656250 59675.496094 -170.799133 38.242825 -148.518356
4356 26.873926 25372.845703 8765.400391 64006.558594 78.436226 -94.956360 7.393509
1184 103.673782 19517.919922 46655.929688 32159.970703 -175.266815 -58.979145 198.059265
3346 42.988529 67446.328125 57365.125000 25433.404297 16.762039 51.422249 55.422466
1373 107.882484 40745.093750 58399.148438 12532.864258 -57.031013 71.776688 154.176483
1481 103.786392 63873.105469 18545.523438 54224.480469 57.965466 -70.854195 -161.283142
2494 60.670334 60287.386719 35721.300781 13835.517578 231.353210 -185.820282 34.854015
1722 43.803005 34408.042969 38212.246094 37338.566406 -292.870483 96.842804 141.191605
1874 67.524216 56242.644531 22068.740234 14094.177734 201.660355 135.345535 124.762840
3233 43.299648 11699.056641 45104.046875 19203.638672 -94.628014 -144.014130 210.366272
3240 39.598801 61564.812500 11953.619141 24851.281250 200.282043 289.956146 318.492340
3579 38.780617 5284.719238 34496.261719 17414.146484 -191.748047 -343.402557 42.063721
2713 53.962303 24544.576172 7727.817871 2652.817871 -22.423666 15.519871 -116.497330
2031 67.599327 14085.833984 247.665543 11950.208008 192.530685 196.448471 -190.879044
1244 100.073135 40259.707031 65551.093750 9091.689453 -72.632477 121.210297 -43.107510
2698 55.789837 53388.199219 49026.289062 32752.871094 -20.375467 29.454588 -122.386429
5174 25.891281 66845.859375 40253.585938 73265.398438 95.034225 -232.293869 70.076416
2986 38.654385 3588.689697 50394.429688 70450.492188 249.686707 13.696527 -172.194626
2748 53.709854 27073.441406 74048.828125 62259.683594 95.458549 32.871429 124.555183
3842 28.543983 33823.207031 6144.812988 47864.109375 54.860577 -199.913010 50.627647
3147 43.641567 67411.750000 60661.011719 7500.771973 73.539009 -44.613537 -23.750965
1238 55.825493 68309.437500 47506.382812 36565.375000 162.546021 119.151123 41.794460
1470 89.932411 36486.007812 50070.867188 36195.390625 -114.015533 48.746872 185.979919
3764 31.877737 46675.511719 8403.354492 46614.738281 52.214088 -211.499222 -203.144791
4556 33.648289 4587.991699 37693.031250 30051.757812 238.713989 3.891310 -156.993454
1846 65.807137 4806.020508 44232.699219 36975.984375 288.233276 124.935982 28.931082
1886 70.313942 24859.673828 7442.061035 70730.484375 -7.407410 -164.189301 182.353577
5271 26.309605 59523.328125 61351.378906 50837.515625 323.302399 1.314786 -117.972366
5854 23.920097 19573.857422 58139.929688 51757.714844 12.183667 -401.359222 -36.085457
2659 49.481594 11228.090820 45136.179688 66496.492188 13.777520 195.869995 -110.909058
3027 47.637527 50713.433594 46656.238281 53202.578125 -82.633080 73.045135 61.660126
1637 77.566872 28476.244141 5558.145508 32701.800781 23.530701 47.222179 9.115895
3599 43.299694 56122.710938 73659.515625 46328.667969 -12.196371 -77.493332 -416.242004
2991 44.350895 67834.015625 60373.988281 45720.414062 212.170898 4.315099 90.203346
3324 39.597874 19934.412109 36860.007812 7735.010742 -123.479820 -55.151058 -113.023109
3119 33.794075 18187.320312 68559.500000 66654.164062 161.465103 -121.240280 163.032990
3152 54.072712 67242.226562 47706.066406 28732.265625 134.656708 4.341494 -5.254745
2024 69.836205 26955.591797 45209.253906 24251.660156 -118.102074 25.258911 120.202515
2877 45.622082 63111.023438 14505.067383 67546.117188 45.880424 -35.808720 62.665329
3256 41.152489 62647.734375 64995.464844 22663.125000 -41.150261 -23.598179 165.734253
2914 52.434055 50114.003906 59363.250000 12129.928711 -0.898009 101.117989 91.636497
2399 56.511112 69978.125000 2920.627686 45446.500000 -61.498081 -184.210617 -342.387421
4056 30.163260 54704.468750 21502.400391 5269.912109 15.609522 -22.209984 66.376434
1667 98.651985 35530.343750 21998.958984 27431.007812 -134.359390 -7.647240 164.136978
3183 43.132618 13759.240234 59439.765625 46359.292969 -30.722597 -402.322937 168.072739
2124 54.149651 9158.647461 72949.000000 7158.976074 446.788788 -31.844143 45.127522
5359 23.962749 31723.964844 3146.541260 64001.679688 -64.610191 -171.359375 99.607468
2161 68.154228 13875.037109 30920.253906 6449.319336 -315.846558 -106.284401 -36.571224
3126 43.392593 9991.197266 31468.332031 70386.117188 11.280569 208.955856 89.108215
3017 30.705185 41128.781250 53610.652344 59782.917969 -131.557907 -29.129961 -216.046738
3458 37.196499 9701.340820 34282.531250 8390.062500 -208.214661 -144.453781 -77.906212
3159 51.271805 17789.437500 56714.003906 3643.347656 -91.920029 132.889435 -217.204819
4732 28.251194 49050.191406 35994.613281 10805.029297 68.596863 -107.550514 -28.331343
3698 40.059578 16611.873047 48870.160156 57818.703125 -31.861910 116.919464 -285.618744
3201 44.295174 14660.147461 63124.902344 47525.214844 -8.860494 -361.360687 -21.882931
4887 33.475338 10852.258789 10570.877930 23588.642578 74.437355 279.562653 146.756058
4640 30.841095 38354.261719 55705.125000 6747.225586 -72.106628 9.754150 11.772557
4663 27.794897 59507.351562 63291.746094 57919.824219 253.345871 -23.274162 -353.290100
2255 59.235847 14211.364258 61029.835938 57407.800781 52.933636 -365.301392 -33.490364
4670 28.457062 44243.339844 10852.613281 47895.878906 -22.774677 -70.174713 -85.793610
2562 49.264114 27964.054688 70567.523438 58633.761719 44.948116 -29.755306 56.924603
2155 66.822029 20762.843750 58263.992188 66124.726562 -433.518402 89.507820 -83.951210
4848 27.678394 63085.945312 52604.203125 62663.457031 203.276642 -10.168533 -295.117432
2341 57.037815 66963.406250 48900.445312 14353.832031 151.323822 -64.761009 89.833580
2863 44.286663 27487.251953 58734.718750 5335.124512 -214.983017 109.903770 -123.718277
3901 32.446907 20250.060547 68315.882812 33361.960938 40.740143 15.570754 20.463276
3989 29.957958 12718.293945 72298.281250 8050.795898 222.240585 187.327240 -107.496429
3322 40.256538 32316.130859 33583.195312 66061.046875 -33.844379 121.729393 -67.370483
3375 38.058544 7228.771484 34190.367188 70995.273438 122.839935 -86.158577 -16.756779
3036 49.565361 43685.207031 19076.212891 39198.023438 61.160980 -73.809906 86.151344
5160 26.628042 45654.734375 30121.513672 33370.421875 -20.074736 94.233963 -39.252487
5653 22.965006 49725.882812 39805.570312 29411.003906 -51.132851 -78.490143 -95.275375
4061 31.580471 37468.285156 29742.632812 71516.101562 -36.322983 127.571930 -108.255188
4175 38.618977 50733.156250 65270.804688 17126.544922 -71.448471 194.211288 235.743652
5865 21.464724 901.409729 47707.421875 64590.878906 210.444656 101.214516 -221.774857
4419 25.773846 6217.616699 19316.837891 15101.476562 -131.308319 311.686829 395.409668
2416 51.838268 56316.437500 24523.662109 40438.886719 1.388319 -170.938248 -121.746384
4897 26.725431 49836.890625 5842.079590 11265.050781 -9.039294 6.693292 81.243950
2687 44.776016 44471.500000 74563.812500 3746.400635 -139.909256 64.404373 -140.379517
4216 31.127895 53680.097656 59727.691406 52197.070312 112.124878 147.313309 -169.189697
3715 45.808334 7533.967285 59885.417969 55028.710938 -76.276146 -358.043823 -116.014130
3428 43.080311 2745.644775 50970.843750 40308.515625 338.985657 155.603943 276.716248
3246 45.005829 48924.945312 62452.390625 27155.716797 29.367382 105.466164 200.944214
2652 53.253578 33272.414062 17909.710938 33497.855469 -199.905884 -9.893691 113.274162
4792 29.136530 19192.861328 36439.527344 34310.035156 -264.999664 -22.360636 314.578247
3245 45.493431 11441.928711 37090.320312 38355.964844 142.413269 110.441757 19.172041
3529 34.151886 17838.615234 34998.945312 51351.226562 93.802925 188.374603 30.113270
3140 48.491142 30416.515625 27243.382812 25627.855469 -175.277756 -101.862877 152.075989
4925 26.714315 70592.679688 26311.531250 55023.566406 242.807861 29.667473 -16.635479
3131 39.933022 56799.648438 9262.548828 356.852905 -53.195831 49.725971 -2.995264
5380 25.351215 47777.980469 42150.945312 16360.551758 51.915871 -19.948883 132.716232
3089 42.300846 1091.997803 30557.851562 16588.019531 36.375088 -735.058838 102.129196
4166 33.225231 61875.074219 8656.042969 18900.160156 53.302887 203.144073 212.879852
3702 41.889519 60627.562500 26440.607422 4136.675781 115.395729 39.907120 16.412407
4604 29.469275 16456.562500 8143.605957 39404.574219 -162.376663 107.693703 -153.253006
3908 31.115019 73299.875000 21769.009766 19509.349609 316.958466 370.324738 335.106232
3820 45.113182 54260.683594 53118.652344 44940.375000 -30.762365 216.919678 9.916419
4260 38.028946 23608.015625 29331.156250 27209.078125 -265.991058 -82.117249 178.083374
3767 31.999823 28974.843750 36291.742188 17671.865234 -118.386108 24.538624 -48.366154
4470 29.669828 56877.140625 38493.878906 45531.390625 -9.306602 30.724319 29.836493
5532 24.467316 9819.856445 46891.566406 37208.195312 136.197723 48.091499 252.830978
4256 30.521614 10556.174805 35095.035156 42235.601562 116.087723 142.752670 -15.431209
4768 27.305079 59076.589844 58660.320312 48554.746094 181.117264 156.544159 87.933388
5134 29.048048 38188.007812 50764.085938 3227.889404 -78.995255 -39.864185 -73.678383
5555 24.236422 10312.734375 61525.246094 298.308075 311.783783 -12.134061 -225.546036
