# FOF_ID M_FOF[10^10 Msun/h] Pos_xyz [kpc/h] Vel_xyz [km/s]
1039 135.912384 71568.593750 14524.504883 29098.957031 -290.137909 127.071342 -466.237976
847 165.049744 47115.738281 16.830969 34942.707031 151.385773 -1.735937 225.599716
3237 42.996338 18971.353516 14268.341797 22978.113281 -329.815338 -240.837555 38.807579
1415 91.668518 13114.653320 33039.304688 28617.490234 -162.235016 53.494022 53.584187
11777 10.892938 65985.960938 7372.550293 37171.929688 215.998215 -224.699280 -75.296211
11415 12.471845 22094.224609 14148.083008 18601.755859 -367.898743 -205.648804 204.685928
6947 19.206392 48323.117188 30595.552734 30227.044922 159.104095 276.689789 -119.759407
11338 12.598486 43075.113281 33.249588 36229.910156 -199.583420 -160.588913 213.953003
6638 19.257439 53607.601562 13243.229492 15491.122070 204.718018 58.937401 204.633484
4129 31.039679 27324.585938 15401.429688 32386.822266 -352.651672 253.676346 2.628557
17959 7.794618 71312.093750 14039.144531 54299.800781 9.553762 -118.118225 1.962425
2105 61.640751 60389.617188 68958.476562 46539.628906 -20.481169 -107.901939 -257.018280
6401 23.584578 64894.640625 61383.949219 31489.837891 198.466187 159.152771 269.225769
773 218.009659 11420.969727 6587.213867 7031.299805 157.736649 63.319870 168.549500
639 235.247025 16907.126953 47039.703125 72369.101562 -79.124481 71.393013 -248.912689
2760 51.365883 45776.523438 30132.552734 43114.683594 -173.727234 -168.030334 24.818268
1233 84.006966 25146.791016 7549.520508 61292.550781 67.435547 -69.786613 -12.448995
1842 66.853828 8535.953125 61846.777344 34637.406250 69.293396 -143.620575 174.259903
4686 26.020420 45633.261719 72668.578125 6501.905273 -5.666759 141.231171 -54.007874
1917 81.807838 63704.171875 11944.240234 5129.674316 153.496338 238.467041 109.642517
1488 93.984566 31886.800781 1271.104370 70341.945312 90.730309 -163.133209 256.746582
2651 50.563530 16103.020508 19344.515625 55124.457031 136.495483 81.764671 -56.097305
3056 41.581810 46370.511719 51780.656250 59675.496094 -169.833115 39.054398 -149.595428
3466 39.578449 40670.308594 51431.953125 26245.142578 -23.717752 10.349220 293.998016
1633 84.464157 66432.843750 57642.539062 19637.412109 27.574215 -1.832378 134.125229
9139 13.104180 6616.817871 67162.515625 4209.289551 171.091324 -2.400211 -1.812171
6173 24.716402 33858.679688 36716.324219 13074.680664 -310.021240 102.055786 -110.070030
13613 9.428760 893.993652 36580.945312 74060.398438 117.078384 -325.938629 111.315002
1833 77.654739 5025.021484 36659.949219 59980.636719 296.818787 -63.410255 -26.681253
1239 77.335678 10355.708984 12052.030273 45363.906250 58.924328 126.860275 -218.320587
2494 60.670334 60287.386719 35721.300781 13835.517578 227.884171 -183.337509 32.544125
3063 43.693111 41152.726562 824.599304 68931.601562 -516.180054 196.958694 235.990173
11298 11.729093 47606.312500 11903.734375 61482.656250 -35.462242 -94.380264 -16.081829
3233 43.299648 11699.056641 45104.046875 19203.638672 -92.610916 -143.326416 209.165665
3240 39.598801 61564.812500 11953.619141 24851.281250 199.828262 289.667267 319.322083
6327 21.497057 46509.515625 18869.310547 66771.703125 -157.916748 -3.193441 -92.309929
2713 53.962303 24544.576172 7727.817871 2652.817871 -23.139503 10.915091 -115.342979
1440 84.646378 1400.616211 52982.484375 53108.351562 -101.658371 -323.922577 52.391541
1974 67.113762 50349.949219 58435.617188 41568.710938 -34.698719 214.375793 6.128312
5174 25.891281 66845.859375 40253.585938 73265.398438 93.970428 -232.409668 68.371346
2748 53.709854 27073.441406 74048.828125 62259.683594 100.144592 34.103802 116.652351
3842 28.543983 33823.207031 6144.812988 47864.109375 51.367542 -190.011887 49.233383
10035 12.885524 35343.132812 31972.417969 66748.695312 -102.405556 105.988190 13.546036
3442 45.771652 1944.756470 42632.593750 63717.691406 236.304291 45.516823 -111.041145
8650 16.020020 41111.484375 36964.835938 72848.054688 9.201394 -191.176193 -472.584229
4556 33.648289 4587.991699 37693.031250 30051.757812 237.104095 7.376987 -152.500824
1846 65.807137 4806.020508 44232.699219 36975.984375 287.400208 125.140968 28.845631
1886 70.313942 24859.673828 7442.061035 70730.484375 -7.117438 -165.003235 182.485336
5271 26.309605 59523.328125 61351.378906 50837.515625 324.266968 1.579329 -123.140030
5854 23.920097 19573.857422 58139.929688 51757.714844 13.576735 -403.336761 -35.692715
9101 13.396720 43182.273438 37353.218750 45024.316406 -280.220154 25.114365 -39.850914
6658 19.507607 3837.650635 51217.417969 74951.289062 151.044113 -175.277908 -172.911713
3027 47.637527 50713.433594 46656.238281 53202.578125 -81.717529 72.472961 61.956409
9230 13.910756 68964.335938 41571.589844 18668.626953 147.118103 -231.824234 57.777218
8110 16.791222 68067.382812 69580.148438 40054.878906 -227.895798 -9.190215 -32.369797
10800 12.205408 17234.025391 47666.421875 38241.347656 -167.639023 -74.435287 321.830719
3599 43.299694 56122.710938 73659.515625 46328.667969 -13.426427 -79.249489 -414.804688
4525 34.107845 37786.062500 21746.220703 33055.632812 -146.723587 -31.309309 77.447533
10120 12.854879 5233.278320 62134.570312 34326.828125 18.974514 -84.960106 187.639008
8224 16.763645 47259.519531 64226.578125 25086.037109 212.315414 151.760162 41.320675
15348 9.096972 25342.978516 18139.197266 23629.205078 -215.437103 -2.983333 150.295120
1587 97.165009 6367.143555 58129.824219 33284.394531 -9.781149 -168.390656 250.047073
2072 57.767033 57607.472656 11144.906250 28514.984375 346.634338 30.802080 229.117371
2399 56.511112 69978.125000 2920.627686 45446.500000 -61.411293 -185.519867 -340.366638
1667 98.651985 35530.343750 21998.958984 27431.007812 -129.813828 -5.027921 166.760880
6994 12.127979 49614.925781 19668.572266 71927.007812 -43.275368 21.789621 72.945511
2124 54.149651 9158.647461 72949.000000 7158.976074 441.211304 -5.028396 57.803387
5132 27.760197 18929.353516 16906.046875 58329.574219 -53.647839 28.803173 -63.010406
2161 68.154228 13875.037109 30920.253906 6449.319336 -319.688385 -107.813179 -35.917316
6041 21.204597 71355.601562 28678.445312 15343.924805 737.285828 -460.644897 133.984222
5387 22.973154 64527.421875 8906.853516 33073.132812 16.807501 166.906113 122.383240
3159 51.271805 17789.437500 56714.003906 3643.347656 -95.633728 130.170471 -220.631027
4872 29.956787 42997.199219 30436.744141 3079.721191 -6.192647 85.175682 -206.080582
14669 8.607221 26525.001953 68145.007812 43764.945312 175.210419 -153.874756 44.585575
3698 40.059578 16611.873047 48870.160156 57818.703125 -29.457144 105.131973 -285.103333
3201 44.295174 14660.147461 63124.902344 47525.214844 -7.614751 -360.075226 -21.967602
17418 7.326329 4274.231934 13975.285156 19070.955078 38.634953 343.049286 420.002686
4887 33.475338 10852.258789 10570.877930 23588.642578 74.723572 279.101654 146.099319
2255 59.235847 14211.364258 61029.835938 57407.800781 53.626717 -363.139771 -33.232948
4670 28.457062 44243.339844 10852.613281 47895.878906 -23.533825 -70.733795 -87.193771
4486 29.293282 68.770927 12830.840820 65796.960938 126.903328 170.725632 30.047228
5047 25.771566 12842.792969 29694.154297 23836.169922 -310.470734 -104.139641 231.019028
12618 11.878003 43218.066406 53490.894531 23735.109375 59.510803 65.766068 246.021103
15891 7.932112 74907.046875 46890.515625 30828.171875 214.824371 -5.477437 81.254189
7862 16.664415 74405.562500 41500.351562 41289.433594 247.619186 145.805023 62.664246
11314 11.644965 41494.683594 39289.976562 43913.738281 -245.427261 -81.606857 15.390759
5728 24.633751 9167.214844 10567.606445 9420.942383 140.779572 6.284529 127.568062
3901 32.446907 20250.060547 68315.882812 33361.960938 40.861843 17.127565 40.512424
4801 26.688335 57817.921875 5865.561035 35538.273438 -164.046326 -28.246651 175.476044
15856 8.124379 20176.470703 66644.546875 69901.625000 109.065201 -246.406097 285.516602
8830 15.169621 60182.265625 13127.412109 41400.636719 -146.386856 -212.955704 -230.796539
3036 49.565361 43685.207031 19076.212891 39198.023438 60.833054 -73.985977 86.339539
5160 26.628042 45654.734375 30121.513672 33370.421875 -19.928743 94.273804 -38.651527
9454 12.848389 12981.586914 3871.220947 2399.180664 157.031815 -83.987358 238.163345
4175 38.618977 50733.156250 65270.804688 17126.544922 -68.628334 193.425278 237.996201
4419 25.773846 6217.616699 19316.837891 15101.476562 -130.376724 312.696320 393.811462
2416 51.838268 56316.437500 24523.662109 40438.886719 1.102843 -170.892868 -121.255768
6895 18.925034 1756.922729 39193.089844 33321.519531 302.255585 93.257713 -98.841652
7097 19.630018 58026.121094 74162.117188 54106.328125 22.465981 -41.338684 -173.456070
4897 26.725431 49836.890625 5842.079590 11265.050781 -7.410903 8.975021 79.801186
5741 24.347595 72042.421875 72823.414062 43487.859375 -203.457306 107.389343 29.879711
8214 16.184763 18847.857422 39574.109375 33998.281250 -213.321854 53.564880 234.318710
17439 7.212792 63237.703125 14821.405273 26222.777344 276.863495 392.553284 336.462433
5751 23.817490 55724.796875 15998.631836 16359.654297 63.954601 84.321442 104.546371
7753 15.521199 64517.562500 24974.291016 60045.644531 141.731766 -33.493694 -12.507108
6208 21.309158 35381.722656 3896.024414 16798.968750 -114.973755 30.099358 -21.046211
10275 12.893828 59064.070312 11738.654297 45355.550781 -65.577827 -60.154743 -225.668488
8298 15.946603 72168.304688 45060.613281 7462.309082 152.630234 -178.662399 2.238375
3529 34.151886 17838.615234 34998.945312 51351.226562 92.357559 189.474289 21.838449
7402 16.896690 43689.648438 14547.701172 48543.570312 -87.677536 -49.911671 -131.595505
2930 52.128223 22933.791016 58179.457031 20599.628906 -36.836517 60.610783 169.703018
8315 15.536123 55131.535156 54840.515625 50511.457031 93.166565 149.718628 -7.359940
12574 10.290899 9312.632812 46236.062500 57701.949219 73.545517 122.413254 -143.315491
11379 10.593262 68707.843750 34414.144531 23677.402344 181.491898 -194.473877 -127.413452
3131 39.933022 56799.648438 9262.548828 356.852905 -50.194508 48.796379 -5.945673
6734 19.786011 41393.417969 60264.339844 25562.421875 6.050178 47.135708 298.160370
4488 26.729710 69190.851562 58921.843750 4575.787598 111.345657 -34.329998 -74.418221
9218 13.719708 48487.156250 11457.144531 307.141052 -35.086758 -107.845284 35.497467
4225 33.683716 10883.847656 21413.525391 61993.347656 -14.836226 -150.374130 141.157791
5977 23.812580 24193.671875 15093.036133 19250.941406 -438.785339 -20.214550 38.513935
13175 10.522985 42889.550781 48549.496094 62993.531250 -122.809410 -116.633698 -106.900520
3817 38.809128 74920.429688 26841.310547 13640.128906 176.455765 272.678406 695.879944
6323 21.269573 21629.568359 22204.517578 12352.518555 -288.533264 -83.749123 44.439167
5587 24.454187 29697.605469 6582.500977 47852.917969 76.628479 -50.955639 55.338898
8158 16.979687 9130.228516 73314.164062 20461.855469 99.812386 267.928223 48.453983
5604 22.679285 55734.750000 50467.933594 35878.597656 20.012623 62.518517 -1.866504
8207 15.372303 72272.929688 35132.078125 208.717316 194.873383 -182.028549 263.945557
10051 12.257320 69970.523438 5675.289062 42139.875000 -121.916496 -180.431213 -247.825531
8076 15.695309 25121.232422 41337.710938 35548.570312 -287.556000 -66.245155 295.071716
12416 11.737233 69267.250000 55818.488281 29250.154297 76.036316 -55.275715 79.013779
4348 29.399017 49173.406250 15120.170898 52797.796875 -43.850479 -88.761185 -109.177948
4470 29.669828 56877.140625 38493.878906 45531.390625 -9.313996 29.424877 33.723007
14749 8.712441 54950.554688 37203.074219 50895.558594 -34.406075 107.672066 32.275028
4208 32.963387 56909.671875 20742.492188 71597.968750 3.390917 101.305916 127.355362
7260 19.337267 25272.878906 54984.578125 42947.023438 -167.267456 -336.236115 134.832901
13119 9.426135 62229.710938 41321.019531 70816.226562 66.551079 -110.383881 -7.718005
6732 18.722307 37401.781250 3393.958496 83.031113 -138.030365 -214.189758 -297.199799
7895 16.479790 51145.089844 60975.628906 31030.974609 -227.683105 147.162872 79.090477
8828 14.379519 5050.681641 74613.609375 4283.364746 247.562347 -62.263355 96.758530
7068 18.859636 27187.937500 4075.790039 7500.319824 -384.570770 35.136635 -192.852005
7854 15.716667 18324.371094 20557.417969 43362.933594 110.868279 183.215973 -117.836929
8583 12.884249 25138.373047 36290.757812 8700.936523 -40.596291 -75.364174 -3.287189
7205 17.856297 60391.992188 58061.214844 27958.722656 26.742380 91.048340 109.591995
4384 29.712206 69191.859375 6218.775391 39268.429688 -234.031448 -217.981857 -273.541046
9964 12.978805 36297.238281 44531.484375 66819.085938 -83.325348 -185.872314 -213.608566
5127 24.708704 55036.296875 55160.746094 47539.964844 42.955296 164.342194 11.211500
4101 29.926025 14330.824219 65382.992188 6551.443848 198.428787 220.048813 -312.237640
15409 8.823608 30259.433594 30263.773438 28648.861328 -130.935959 -86.664330 191.338547
10794 12.445432 13996.299805 74356.875000 57517.628906 72.479469 -47.879852 -4.162784
9490 14.977837 14303.450195 71018.398438 6610.382324 308.809448 110.851738 -209.088806
5232 26.643511 71080.507812 6382.864258 40899.058594 -82.884384 -125.894768 -214.691605
7492 16.862661 48940.269531 3890.573730 1617.020142 -265.707428 51.608353 28.721907
8603 16.981215 31719.777344 1081.506592 53799.449219 46.819160 35.388340 -65.080826
12309 11.921967 19102.619141 24948.757812 36897.402344 -124.339645 107.767197 59.450798
5725 22.210867 40452.019531 36904.597656 30278.976562 37.678783 -23.936808 200.882568
4982 29.965528 32524.453125 30756.146484 473.002441 -95.096062 -40.270561 -122.476074
11369 11.102503 5026.724121 54255.269531 61644.875000 -25.025551 -139.087357 -107.916740
7993 16.519455 9513.848633 16114.502930 56200.402344 153.733688 74.612686 126.861435
5520 27.189665 71394.046875 40390.171875 41271.351562 207.003296 119.938866 8.499233
7405 16.567982 53270.820312 1790.655518 11335.384766 -114.476440 9.319998 171.805511
8978 14.443580 42877.746094 28305.833984 65159.648438 -173.638519 29.045330 30.452332
7481 13.381008 41965.500000 72662.539062 44247.761719 -40.630329 -418.536316 -186.745941
7646 17.465069 47946.253906 22681.789062 72671.984375 -30.959602 87.986397 -21.568213
5695 23.815641 74855.906250 17002.853516 51663.238281 119.440392 -32.415592 5.361183
7974 16.503412 64118.292969 47376.363281 18330.224609 112.062538 -30.844513 84.426834
10297 12.126188 53208.167969 63018.738281 67749.328125 -14.815032 61.043999 -198.707275
16104 8.115117 63415.687500 44442.859375 18189.371094 117.222565 -124.429810 137.458115
7684 15.998324 61777.628906 41788.144531 55559.187500 105.765869 177.849579 8.295107
5714 22.949623 7051.128906 53258.726562 63352.390625 143.577667 -42.208576 -128.469238
13028 9.775159 16171.304688 55685.117188 1297.701660 -114.573219 140.827682 -323.550323
13656 8.872406 25856.332031 2275.480225 38054.777344 51.907410 47.700706 -72.548325
6818 20.069387 67507.804688 61508.117188 28204.402344 -10.104745 39.389919 172.084290
5134 29.048048 38188.007812 50764.085938 3227.889404 -78.438599 -38.580025 -73.726860
7469 16.666533 61724.425781 44074.562500 31100.867188 54.494003 14.523147 -29.904734
14807 8.518447 39976.347656 54401.343750 10868.663086 -56.737373 -2.297150 72.692421
11081 11.492352 42893.878906 20477.523438 31814.236328 17.150587 6.775677 114.329254
10656 11.426878 35172.988281 39456.207031 58222.644531 -110.445381 -33.111862 -223.595627
7443 17.828064 9282.848633 13352.878906 17492.103516 -48.155132 108.944550 257.890411
11458 10.680422 9100.555664 45437.859375 8376.573242 -12.369522 -92.412804 -129.593002
5196 32.286209 41325.953125 63912.003906 29735.722656 -8.397156 1.801468 219.731995
14823 8.495704 11834.462891 73083.742188 10159.130859 269.224091 227.921875 -149.588303
15231 8.736976 35291.546875 70359.937500 69018.351562 -185.893250 265.226776 27.505243
6956 17.170858 55562.781250 42202.058594 73132.585938 -4.430298 -248.784164 -91.525536
9832 12.911457 51437.898438 28626.113281 28225.695312 -15.678258 38.220997 -51.224308
8185 16.853193 42044.835938 58265.195312 59366.632812 -146.059494 44.102139 -224.154312
13940 9.470565 73899.820312 9355.108398 35174.445312 -9.257972 20.169163 -341.880157
8532 15.761978 64188.582031 22992.931641 56746.593750 94.519066 -45.677345 -30.928659
13099 11.792971 35167.687500 70714.171875 72243.203125 -234.791458 339.040314 -209.274780
10665 12.772779 74808.859375 27119.943359 7059.690918 173.579651 245.119278 357.216461
19001 7.189035 48139.468750 32082.230469 8745.173828 33.642986 -61.546227 -68.973434
8086 17.082081 11183.463867 48594.492188 40524.851562 10.623367 231.782852 368.440277
9794 13.939313 61084.703125 50951.531250 61314.765625 226.857849 -66.099709 -265.330933
6402 21.906246 29936.958984 72488.585938 19708.031250 -137.606720 76.451668 47.191124
9584 14.160900 37909.429688 40847.796875 12892.672852 -56.743244 -92.951164 19.993624
7616 18.286970 2217.375244 36751.863281 4365.045410 -125.844391 -336.695190 -80.292313
10225 13.373806 31694.537109 46475.433594 67340.335938 -132.641937 -99.143555 -184.218369
9928 14.807547 44243.875000 8963.991211 62843.722656 -181.226929 -108.391258 -100.436508
14434 8.990244 67250.179688 388.010437 73744.156250 85.630585 -14.893554 -1.201357
10389 12.071712 60314.644531 46908.441406 58946.480469 4.894588 181.673203 -34.263847
18957 8.983362 17081.605469 19676.201172 42529.507812 35.492695 145.347061 -185.168091
12066 8.484118 21580.632812 19392.593750 62028.371094 -78.128456 17.449121 -94.923851
14144 9.297867 28592.646484 37542.382812 9335.951172 -98.038063 -145.823166 59.229824
6383 20.385307 66072.468750 61163.476562 73245.554688 156.185974 -12.648327 -101.229202
11304 12.177150 47933.234375 30394.253906 54397.921875 -233.504410 86.406944 -13.683392
6931 20.081493 41938.632812 63149.371094 6763.230469 -120.081894 134.998077 50.444916
6612 23.364840 57802.656250 36697.953125 16083.315430 147.522202 -169.555237 92.875282
15085 8.405447 1468.645874 20928.535156 43452.816406 118.179749 -48.889862 -147.454620
12432 11.062169 16529.398438 69594.343750 40101.250000 -56.302330 -71.156624 32.241840
11123 11.412072 64232.722656 31813.412109 39722.542969 110.944344 -47.656528 -103.094391
17997 7.064873 36094.375000 28008.470703 7528.083984 -52.296429 97.481499 -64.488281
8771 15.156373 21336.630859 15156.286133 65597.242188 -127.347603 -127.277130 -124.624725
7920 16.174969 21338.291016 42678.875000 8698.763672 -77.907204 33.127029 -85.093956
13792 8.853884 64153.714844 10076.981445 12922.520508 25.926651 211.681335 170.605667
8739 15.422883 57280.386719 45120.828125 35576.210938 57.584808 135.173645 -71.534203
8376 15.762285 48522.699219 56316.714844 36620.222656 -71.198959 187.085175 35.649307
16221 8.601967 42740.136719 24250.980469 58124.468750 -159.767838 -31.159140 -51.797256
10934 11.762808 39148.210938 19790.697266 35905.656250 -104.671112 -64.167381 104.931236
14679 8.372661 24747.921875 56097.726562 5121.776367 -172.154358 44.107597 -148.566040
7055 19.268797 45488.765625 8376.208984 58236.285156 -122.849098 -43.661125 -106.085991
8436 17.069759 43817.800781 5323.219238 5785.210449 46.372540 -30.906410 -129.120972
10943 13.111320 58674.925781 44191.078125 12371.926758 123.377159 -101.669243 65.873657
7654 19.655979 2688.058350 13653.552734 48231.523438 71.578255 -29.449802 -137.085403
13578 8.207289 42224.332031 21240.099609 29656.564453 9.738822 48.006882 131.181747
9044 14.554422 63804.136719 5334.526855 43252.371094 -17.323860 -222.980179 -347.135132
10312 9.146992 63840.898438 69002.507812 32421.919922 -152.888611 91.542358 187.656143
13071 9.872578 54643.773438 63208.152344 47248.066406 -4.429959 206.952011 -84.155708
16284 7.454806 51784.531250 26482.972656 14517.039062 164.786789 -53.218895 8.927455
14243 9.079393 19532.156250 56770.429688 43603.015625 -11.602159 -388.036682 163.249680
8924 14.251682 33191.597656 13715.887695 20209.919922 -206.186020 3.507079 13.200209
9821 14.050235 25577.228516 18119.187500 41188.667969 -91.463600 177.101776 19.125759
9920 12.921197 66516.296875 18961.515625 64389.406250 116.102356 37.929241 76.443764
10210 12.588728 68529.234375 41426.000000 4847.564941 170.039749 -255.051529 -30.436308
13124 10.500261 28962.207031 69345.945312 69356.390625 -105.705170 243.955765 54.687588
15695 7.649233 38858.574219 32085.427734 29667.542969 -23.675716 46.399239 163.722656
8183 15.557983 13712.164062 49135.382812 51058.035156 231.901611 152.351868 -548.426270
14418 8.987649 25403.669922 13060.779297 52499.726562 60.522793 49.671211 -32.059799
9613 15.316003 50654.500000 23051.705078 41739.824219 -93.810921 -221.963760 -97.956223
16024 7.930657 47151.816406 62255.808594 20704.433594 -7.643643 181.598221 248.872681
14937 9.323323 18662.945312 49486.800781 39232.445312 -125.189430 -171.026657 348.630554
8509 13.880018 46353.328125 32302.451172 54607.906250 -311.137543 86.606079 18.903517
11082 11.615284 53139.039062 52856.339844 4947.072754 84.078690 -27.496416 -19.458754
11636 11.508421 27672.392578 27578.322266 10701.904297 -163.182693 13.703351 -58.654991
15260 8.740469 54738.531250 59633.996094 42940.199219 14.230720 190.948105 16.813473
10455 11.958479 1582.477905 48488.578125 61424.183594 176.665649 164.199295 -308.147980
8927 14.283833 25870.046875 40497.683594 7630.913086 -111.694252 -36.078499 7.948596
12199 9.255674 56249.882812 54836.347656 69696.953125 54.329937 -52.338684 -133.629211
12863 9.992681 26438.617188 49456.417969 19166.835938 -80.065666 -16.419613 73.543541
11414 10.853264 16194.047852 16765.312500 13806.623047 -87.466072 -17.275753 20.684328
13550 12.124700 16758.144531 40012.382812 45379.625000 235.797287 314.054840 23.747305
8846 14.846765 52267.242188 6533.908691 20171.755859 150.247467 -53.195023 122.613190
13390 9.182924 55471.164062 50463.445312 42013.320312 70.814827 226.415039 -8.046083
9867 13.304106 26738.326172 8719.353516 49392.277344 72.633896 -5.820910 72.379883
12486 9.898265 73001.726562 32190.480469 23180.832031 284.698212 -330.659882 -203.411392
10337 12.702200 74984.937500 13570.467773 41066.117188 -7.162440 -131.690247 -232.902374
9701 13.315722 7689.061035 30491.648438 24160.027344 -125.995514 -209.934631 -58.630680
10228 14.645488 7524.624512 48041.187500 2185.079102 55.083000 -32.034248 -218.188248
13610 9.349263 12963.657227 25648.544922 53732.339844 167.506866 139.028961 78.567291
10152 13.329122 11005.036133 63411.773438 74860.039062 340.467072 -24.098400 -181.365051
10942 11.777938 14894.364258 37782.386719 51879.902344 144.919189 229.715530 59.126316
16860 7.782231 69086.296875 33141.917969 63068.250000 242.870026 94.083420 122.012711
10404 12.742179 44482.414062 50395.414062 74804.054688 -57.428833 -118.919861 -97.196190
17192 7.358311 66057.500000 32401.755859 33090.714844 139.075867 -95.843903 -163.989243
18334 7.128388 7313.556641 59510.414062 1706.420166 243.501221 -45.716805 -206.435989
16980 7.311882 41342.542969 46792.015625 62940.261719 -171.508392 -129.688400 -94.176018
11833 11.187595 44142.007812 22829.898438 55943.835938 -166.825974 -84.858856 -82.314781
14676 8.560095 22942.750000 13907.488281 57093.562500 -19.563686 26.802710 33.885735
12200 11.318925 67211.781250 35108.175781 16956.039062 264.015747 -286.165680 3.961830
11228 12.222712 18660.025391 57288.441406 72373.484375 -283.264801 154.208954 -267.037933
15364 10.482604 31435.519531 45934.054688 5864.667480 -151.125732 -12.983540 -73.286591
13905 8.564274 21989.400391 74077.523438 52043.757812 129.969116 -46.683868 -5.937489
14116 8.849709 3426.179199 36422.796875 9623.931641 -77.417435 -390.437927 1.705165
11978 11.396442 68114.781250 56096.164062 73871.132812 238.078781 -23.231930 -100.409554
11972 11.082074 8359.889648 41970.160156 11799.283203 -13.810972 -199.358505 0.784723
16529 7.416809 44808.218750 48762.773438 2792.649170 -30.394848 -88.166481 -103.254601
15917 8.471527 22070.570312 58162.300781 68738.929688 -371.089355 136.731049 -243.627701
12396 9.912319 52205.046875 3500.666260 46843.250000 -45.652546 -120.959373 -294.016693
15452 8.063910 21513.947266 52357.644531 50034.695312 -265.376007 -631.221191 8.336741
16708 7.451118 26690.666016 55712.414062 72086.882812 -326.713928 67.745010 -122.358109
14427 8.868487 43461.515625 23423.527344 60967.003906 -180.075592 -21.561275 -47.003647
18157 7.148772 49485.550781 55870.984375 63185.929688 -24.344324 8.526744 -175.796722
16002 7.744181 58529.550781 55765.792969 27865.621094 19.835587 44.804890 86.800125
16723 7.506598 67514.765625 25970.603516 37197.523438 132.091705 -149.962280 -193.039200
16742 7.594628 64037.238281 60806.320312 4637.713867 73.922783 1.400875 30.900074
15630 8.462107 58224.125000 71857.937500 59996.449219 54.999813 -53.107594 -229.816330
17367 9.187530 33278.804688 51063.320312 29034.517578 -68.363022 62.678432 168.220734
13881 10.417805 71152.296875 70515.390625 7667.518555 217.830124 -61.118019 35.618355
13383 9.988919 27774.126953 7649.570801 9046.999023 -389.387878 -26.073618 -120.599709
16194 7.917352 72266.265625 72735.507812 21384.810547 100.376503 84.129097 160.746872
17422 7.837266 28823.068359 18983.791016 61321.328125 -122.084991 -4.816619 -136.556396
16405 7.874402 74537.367188 16583.017578 38699.320312 69.124321 -150.431183 -259.568329
15390 8.286062 63821.433594 33761.917969 48267.292969 113.451508 32.442467 -27.192631
16820 7.493997 34005.523438 10131.401367 65441.148438 -140.344849 -185.329285 9.196068
15575 7.883141 66553.203125 61286.820312 69631.648438 182.914978 -30.687418 -193.915268
14908 8.452264 44156.464844 58663.390625 25200.695312 53.273247 106.270721 218.638977
16325 7.581810 71063.984375 15598.100586 42828.304688 18.723972 -143.436752 -247.007767
17301 7.047534 43367.363281 61661.562500 24419.794922 116.891327 98.745346 238.538361
17517 7.292927 30889.175781 41014.085938 45449.519531 -451.960297 -19.985163 16.269079
18804 7.942618 61293.023438 69861.257812 55372.042969 152.033661 -93.124863 -219.585846
