# FOF_ID M_FOF[10^10 Msun/h] Pos_xyz [kpc/h] Vel_xyz [km/s]
64 1606.727539 70966.179688 14976.488281 28857.968750 68.383141 104.152687 -338.563385
221 467.043304 47908.046875 74946.742188 34815.003906 17.120111 27.102415 234.270569
249 562.991211 19067.207031 13677.555664 22926.488281 -276.379578 -83.233360 63.050415
254 605.084900 12873.799805 33630.164062 28857.138672 -52.838131 -122.874886 113.170532
261 581.279236 66322.398438 7053.860352 37422.210938 -1.403403 -194.203110 -110.024185
276 548.086670 22622.972656 14052.540039 18792.373047 -318.523590 -70.352951 84.858788
279 469.328979 47722.339844 30794.466797 29773.203125 49.663822 146.486862 -81.350662
346 450.053375 43394.484375 74662.812500 36039.070312 -87.800117 -114.230751 321.943634
352 461.720917 53941.652344 13689.726562 15542.962891 119.474144 43.150848 37.433426
360 432.548828 27320.984375 16040.475586 32286.109375 -308.638794 165.584030 22.229639
405 399.353729 70957.132812 13726.948242 54658.980469 91.516167 17.751177 -113.012909
442 345.399597 59847.058594 68570.015625 46160.832031 16.227720 11.885300 -184.366089
445 353.599640 65241.535156 61488.746094 32000.871094 54.155159 134.548401 177.714478
466 275.884796 10957.982422 7437.430176 7581.737793 239.166824 -57.271030 152.065216
548 266.330292 17697.808594 46607.738281 72967.656250 -161.357086 14.786548 -342.846161
597 257.503235 45924.558594 29243.763672 43245.453125 -181.828400 -80.213097 -10.766617
618 277.734894 25220.298828 7104.723633 60888.789062 110.417953 37.961658 74.487762
622 96.206322 9135.142578 61494.183594 34818.050781 -63.684784 -169.883118 144.133392
637 189.937851 45728.511719 73273.617188 5902.421387 -69.231407 78.038277 -32.748135
660 221.002548 64326.589844 12141.455078 5284.466797 28.066774 209.448166 66.334442
680 240.058868 31660.921875 948.808899 70875.304688 11.965950 214.300629 -206.540115
692 226.385315 16489.302734 19344.738281 54549.476562 53.034256 193.811295 11.408776
732 209.721069 45836.230469 52297.773438 59360.125000 -98.020157 -40.029881 -145.695511
754 198.892838 40168.859375 51068.933594 26825.361328 55.629665 32.499619 196.645233
786 181.991974 66165.906250 58149.597656 18960.947266 68.033096 33.507812 220.779510
808 199.193939 5980.544434 67106.984375 4272.573242 270.031067 51.402390 -48.080410
833 161.593750 33363.761719 36838.414062 13246.683594 -240.094788 -103.909332 -129.426758
878 170.999924 966.973450 36158.195312 73787.765625 95.054848 -196.577225 154.403915
902 144.289627 5468.093262 36513.738281 60546.046875 245.000397 -103.920341 -137.226318
906 161.783798 10661.683594 12140.340820 45746.210938 47.447613 101.593758 -317.821228
916 154.209747 60894.921875 35458.015625 12867.047852 188.936600 -192.527176 90.347755
919 72.560524 40947.402344 1200.195679 68672.304688 -405.008453 -62.930073 282.324982
999 158.958786 47636.632812 11432.025391 61800.445312 -90.231483 -20.444590 -113.357971
1028 145.823883 11327.239258 44987.765625 20046.064453 -55.302219 -183.587143 169.994293
1052 163.049286 61999.265625 12492.665039 25050.904297 176.569778 229.266693 304.354950
1092 132.414413 46547.152344 18468.851562 66350.609375 -126.509857 18.918285 1.636461
1101 147.705170 24086.675781 7980.568359 2711.367432 -314.667572 -359.281677 -89.252014
1121 137.543915 868.945740 53202.445312 52667.152344 78.040512 -114.668701 242.305695
1168 124.227768 50855.894531 57998.136719 41011.589844 -74.769051 220.624023 81.325455
1193 84.436913 65980.875000 40208.093750 73245.929688 128.145691 -233.149185 68.842285
1229 132.084351 26926.396484 74601.039062 62300.265625 107.911835 -88.516975 92.447708
1230 122.623367 34073.082031 5245.983887 47651.312500 -3.854360 -162.243286 34.109028
1284 97.962570 34910.453125 31426.279297 67267.750000 -61.518436 134.791473 24.196663
1289 58.242008 1782.589966 42129.011719 64853.257812 226.449112 10.992880 -130.467880
1306 93.422379 40759.125000 37114.910156 73178.390625 79.688622 -77.766762 -437.247284
1313 92.027809 4308.002441 38054.937500 29799.226562 241.228119 38.893898 -101.109520
1315 102.425835 4656.611328 43548.542969 36152.226562 294.974213 137.972839 21.148338
1319 86.874489 24689.300781 8022.318359 70102.320312 17.019278 -230.329102 156.806717
1322 110.189491 59951.949219 61468.621094 51293.289062 263.992920 41.197903 -14.459126
1325 99.582016 19387.794922 58298.808594 51144.707031 58.187992 -478.387115 -20.910706
1354 102.805183 42766.847656 37398.636719 44603.390625 -221.369354 26.038294 9.897103
1368 110.173866 3943.658203 50879.996094 333.237579 190.939499 -117.319145 -224.420837
1382 92.902359 50004.031250 46440.339844 53013.203125 -33.827366 75.822235 72.099480
1411 113.128853 68965.281250 40682.589844 18436.929688 151.683136 -194.314667 42.477722
1424 114.262901 68123.101562 69435.656250 39572.207031 -198.340103 -33.559853 81.955322
1435 81.022385 17065.951172 47399.210938 37803.199219 -72.816879 -131.936768 360.524109
1443 103.609825 55860.019531 73414.523438 45868.828125 -33.104103 -149.509750 -323.951111
1452 99.611465 37036.480469 21869.031250 32636.437500 -127.157448 -72.928711 124.727409
1461 98.709023 5437.428223 62750.921875 34201.628906 -19.009636 -132.464493 122.755173
1463 60.166031 46899.390625 64557.597656 24898.437500 218.373718 132.322357 55.941177
1494 105.344727 25688.324219 18457.222656 23477.890625 -288.446991 -40.041138 168.899429
1501 50.506527 6918.209961 57705.480469 33716.691406 -52.840847 -116.965546 237.183228
1573 61.255737 56834.179688 10887.966797 28220.957031 367.882965 36.742088 280.063995
1578 98.501060 69327.960938 2811.710693 45312.238281 10.738840 -176.681213 -295.827026
1586 85.226326 36438.355469 21944.617188 27697.980469 -163.091675 -20.837652 146.558807
1614 85.536575 50015.488281 19248.162109 72646.601562 -53.953522 88.735779 77.599411
1617 93.336525 9555.958008 73180.625000 7370.037109 329.431702 2.874648 81.341187
1661 82.535515 19082.894531 17106.296875 57816.636719 -56.328144 116.012604 30.513199
1708 78.448929 13356.014648 30719.572266 6637.434570 -253.404373 -70.303696 -72.655518
1723 57.243061 71134.140625 28242.619141 15230.800781 660.259033 -206.269363 224.361328
1763 73.159950 64315.410156 9512.923828 32876.136719 106.163567 99.467972 84.171242
1791 81.191467 17892.660156 56341.597656 4117.939941 -78.535103 156.646667 -289.095398
1811 93.645088 42796.882812 30674.699219 3861.961426 6.726199 4.690527 -240.131805
1829 84.329483 27301.992188 67862.171875 43961.140625 140.903458 -129.660797 55.486473
1878 65.994705 16968.033203 49340.312500 57915.765625 40.269722 -29.801945 -245.952667
1913 68.004387 14212.567383 62976.406250 47270.777344 68.469391 -316.604034 32.094051
1914 74.985802 4206.287109 14280.985352 19483.787109 15.860779 335.753448 375.763763
1915 71.155647 10787.045898 10847.718750 24005.289062 42.600246 249.494995 76.001244
1971 82.175003 13075.345703 58962.597656 57270.933594 51.117363 -357.782440 -52.455379
1978 71.467117 43990.144531 11413.280273 48037.949219 -14.392352 -128.700760 -95.980736
1989 76.508408 74822.710938 13171.372070 66538.578125 149.446136 159.913132 -2.643522
2008 77.591789 12370.452148 30011.550781 24199.746094 -282.830994 -187.263184 216.010727
2140 76.041626 43602.687500 54337.835938 23861.470703 33.289635 21.495386 245.925049
2158 69.902618 285.903229 47087.957031 31414.847656 194.676636 27.003103 55.008842
2192 62.829903 73857.851562 41300.140625 41499.750000 280.244080 156.662720 28.915434
2193 66.494530 41580.640625 38853.429688 43653.457031 -228.870621 -8.174176 12.825285
2198 71.063156 9401.524414 10209.319336 9051.419922 147.959290 2.092108 203.241516
2217 69.799103 19995.164062 68951.867188 33415.203125 81.035164 -16.407152 14.596634
2221 68.186401 57594.082031 6127.262207 35044.875000 -139.132980 89.484840 379.285614
2246 53.465591 20121.261719 66207.234375 70286.195312 105.779663 -198.162994 266.744598
2262 61.179829 60039.871094 13323.273438 41881.187500 -49.634315 -296.239624 -248.847549
2270 64.177307 43657.859375 19157.013672 38535.398438 31.684168 -94.619980 155.992966
2277 50.372673 45635.167969 30915.871094 33271.128906 -0.580438 42.609810 -9.116689
2297 62.200054 13053.907227 3709.839600 2897.155029 171.394211 -53.795017 173.715195
2318 70.262108 50467.042969 65239.687500 17552.777344 33.079285 220.169586 202.536469
2400 64.012062 6059.488770 19787.472656 15302.582031 -103.624702 275.342072 372.339417
2409 53.548061 56557.304688 25113.460938 40579.976562 -28.164675 -210.911102 -112.986206
2414 49.063488 1868.232910 39865.296875 33831.898438 306.645691 57.257874 -95.740768
2425 61.845112 57647.105469 74322.664062 54408.449219 65.621613 -67.227486 -235.410370
2439 51.173477 50204.433594 6122.683594 11642.967773 -30.416388 14.657432 37.399811
2456 47.818821 71661.750000 72761.296875 43934.992188 -166.650665 61.461121 -2.525581
2499 58.839600 19077.832031 40065.691406 33897.054688 -191.406113 -16.093985 164.893906
2501 48.775970 63607.214844 15061.333008 25915.806641 283.873718 341.026978 335.460083
2503 56.969223 55275.820312 15685.825195 16220.553711 145.548599 30.139967 89.340363
2539 66.893105 64392.402344 24687.189453 59466.582031 147.014160 -4.835460 24.279356
2568 62.573898 35404.300781 4617.793945 16514.722656 -109.524162 -8.608304 15.207565
2589 58.257618 58841.925781 12147.747070 46100.667969 -74.380630 -80.206573 -222.174484
2632 55.385460 71660.570312 45696.843750 7959.223633 156.297424 -187.034195 -13.019567
2663 49.224194 17751.837891 34438.753906 51555.562500 85.981285 233.643219 7.006068
2691 58.296246 42942.902344 14996.045898 48398.367188 -48.694351 -8.512813 -115.424454
2741 54.067261 22899.039062 57625.960938 21289.667969 15.537546 83.309464 154.080582
2761 49.071953 54595.957031 55034.375000 50231.582031 110.286606 105.340569 -63.102421
2821 59.200283 8519.043945 46466.664062 57950.644531 84.331009 102.821152 -180.688690
2835 54.539349 68439.257812 34773.640625 24021.953125 184.216156 -227.266541 -152.693481
2868 48.145794 56136.484375 9185.037109 300.605774 -15.847281 58.246300 12.331693
3064 35.897228 40874.847656 60143.636719 25745.638672 71.363976 46.133366 275.696625
3077 43.729904 69638.515625 58627.960938 3683.873535 130.116653 -17.433315 -60.067543
3082 35.074547 48217.792969 11163.208008 16.247263 -17.415771 -86.656464 78.116516
3106 29.331299 11117.786133 21314.992188 62437.062500 41.437145 -86.384155 182.864609
3127 47.515495 23700.646484 15228.761719 19492.656250 -396.937561 -23.051435 -4.018850
3166 43.732212 43271.027344 48113.980469 63463.453125 -122.326111 -139.635864 -147.898605
3202 40.841831 40.368896 27030.072266 14081.164062 391.009186 32.295227 659.251282
3278 40.402195 21736.160156 22513.576172 12792.245117 -278.495483 -114.036514 6.917047
3330 37.741264 29695.148438 6798.217773 47328.828125 66.821693 -75.508453 104.687920
3372 37.930382 8611.511719 73174.773438 20959.837891 101.424583 275.311310 39.115471
3384 38.574520 55319.742188 50282.691406 35191.761719 34.663410 68.983734 7.081776
3403 42.244114 72382.062500 35396.617188 74637.492188 167.620377 -142.660278 277.306793
3424 37.125065 69522.937500 5544.958496 42356.492188 -49.164722 -194.235214 -296.045258
3444 37.658371 24493.283203 41245.429688 35372.304688 -274.252197 -40.375885 316.840759
3471 38.712044 69142.046875 55309.441406 29358.707031 94.700348 -21.762516 83.815247
3512 27.462730 48943.238281 14997.289062 52244.859375 3.746164 -48.838699 -87.637749
3590 39.124783 56892.687500 38330.832031 46171.386719 -31.856567 78.465622 -30.783234
3609 41.684757 54924.589844 37781.460938 51230.789062 -28.424417 85.857643 25.605844
3706 43.173660 56369.355469 20555.353516 71258.593750 54.679829 53.912945 142.983658
3711 22.824911 25437.539062 55498.664062 42765.894531 -43.730003 -406.884399 143.749588
3716 36.318966 62077.625000 41550.968750 70311.257812 59.510811 -169.783813 -12.261890
3760 34.204880 38572.261719 3256.895264 74787.054688 -126.804512 -193.051697 -320.210846
3797 40.568306 50957.433594 60564.390625 30784.626953 -193.000153 150.181717 137.130142
3840 36.611481 4342.684082 74270.851562 4193.146973 267.066498 -29.057011 77.027328
3855 35.930126 26641.703125 4262.682617 7426.262695 -345.248047 25.525524 -195.961792
3863 37.048637 18667.332031 20579.546875 43803.820312 82.489243 150.378967 -127.814102
3864 34.911407 25803.626953 36239.621094 9127.738281 -46.294872 -71.072395 1.530100
3888 34.276878 59913.699219 58905.566406 28239.843750 60.974041 91.356628 118.811623
3904 26.619455 68855.812500 5875.942383 39018.437500 -216.214890 -215.193100 -273.553772
3946 32.428425 35802.753906 44804.195312 66740.867188 -56.607891 -201.975861 -190.333237
3967 34.908367 55135.386719 55233.558594 46661.292969 41.120934 169.061127 58.016991
3972 35.614395 14143.466797 64938.039062 6781.687500 222.402985 253.942581 -312.229004
4003 21.204311 30760.988281 29975.156250 28587.816406 -144.938080 -59.290752 147.334244
4015 35.705372 12747.654297 74288.351562 56653.703125 79.634163 -47.525684 -23.874659
4042 33.429184 14757.409180 70922.625000 6422.017090 313.981293 119.195412 -173.859711
4080 33.307537 71662.312500 6552.279785 41121.558594 -88.909439 -149.643829 -247.538803
4151 32.767715 48696.121094 3368.595459 2340.589844 -235.383621 65.512848 0.269452
4156 31.456940 31535.199219 1533.087402 53913.957031 94.549393 14.671235 -80.119019
4261 19.449335 19394.037109 25382.962891 37188.125000 -8.525342 56.235058 17.462734
4303 32.349369 40787.253906 36069.843750 30136.691406 62.791058 1.010066 219.364197
4328 28.202114 32359.001953 30713.773438 74836.085938 -47.768902 -30.138586 -163.854568
4358 34.686352 4614.619141 54299.535156 61954.320312 26.915642 -98.955490 -193.395966
4380 29.996853 9635.795898 15941.441406 55580.152344 104.244560 73.358345 114.649147
4404 27.850462 70814.343750 40090.945312 41043.265625 222.107742 138.132248 0.895039
4435 30.320650 52825.085938 1256.008057 10936.395508 -92.186821 5.602960 177.074081
4453 33.622902 43248.753906 28227.095703 65771.078125 -180.882156 13.834958 9.814347
4565 28.675295 41757.152344 72302.921875 43963.882812 -30.492838 -433.800507 -157.871368
4585 15.555846 47517.578125 22806.539062 72131.359375 -83.084755 66.826340 32.072556
4602 36.381035 276.801666 17090.140625 52355.773438 75.736923 -4.065178 -32.121101
4609 28.588451 64078.445312 48092.289062 17705.464844 125.182762 -42.609035 112.712120
4646 30.007698 53432.796875 63212.187500 66903.429688 -22.833443 75.947235 -190.036316
4683 29.092817 63227.785156 44124.308594 18546.232422 125.038612 -99.620338 106.213860
4716 30.946669 62561.234375 41694.839844 55437.179688 81.311348 208.532623 69.569283
4719 29.930145 7467.401855 53245.894531 63659.582031 136.254684 -16.061302 -157.659027
4783 30.924067 15828.970703 55545.167969 845.011169 -65.847504 160.001526 -339.199402
4811 29.124519 25249.093750 2381.750977 38204.328125 68.435936 66.016235 -86.972328
4817 26.581646 67986.195312 61545.777344 27922.552734 -78.141380 21.610571 191.968063
4831 28.340342 38790.023438 51062.816406 3378.224609 -130.681458 -55.921700 -49.511959
4834 29.558189 62282.671875 43739.179688 30947.068359 48.235722 56.495956 -38.824215
4840 29.307386 40006.781250 53796.492188 11121.568359 -74.570694 32.698963 77.736084
4844 27.020782 43217.300781 20689.410156 31393.761719 -9.529964 -3.158625 133.568558
4893 23.094753 35712.164062 39518.039062 57805.953125 -106.095306 62.544014 -166.511322
4933 27.761021 9646.189453 12935.495117 17932.394531 -63.645973 106.570747 231.373611
4956 26.810019 9230.436523 45718.851562 7907.533691 -6.942483 -109.386436 -110.710907
4993 27.220678 41255.734375 63445.535156 29253.894531 -5.560713 31.701395 253.931931
5052 28.575890 11914.767578 73199.960938 10680.412109 287.600342 230.971375 -163.296310
5105 25.707317 35808.082031 70277.625000 68926.976562 -214.695953 305.215363 -21.686886
5115 23.523338 55052.878906 41655.292969 73030.859375 -1.774686 -256.254913 -96.663857
5216 24.463491 50885.835938 29097.890625 28348.134766 -9.878073 32.501602 -39.219078
5244 25.689987 42069.066406 58851.632812 59254.253906 -135.235184 18.341961 -222.760605
5285 24.209572 73367.148438 9069.054688 34896.578125 9.758978 -12.502687 -336.053192
5297 26.683361 63505.410156 23434.779297 56199.152344 138.302017 -94.858734 -22.026005
5305 28.238291 35600.855469 70501.250000 72603.179688 -258.352692 329.530365 -227.946503
5314 17.743706 74817.781250 27444.955078 6618.499512 184.193573 244.384369 369.095398
5357 24.303274 47478.058594 32291.570312 9188.502930 42.425125 -73.100700 -77.072815
5383 25.264952 11621.020508 48841.277344 40674.031250 0.589050 214.912613 333.427368
5439 25.788555 60962.027344 50496.640625 61471.929688 200.099579 -21.049225 -290.777283
5445 24.851458 29896.029297 72792.218750 19156.144531 -156.047729 18.107595 49.566525
5476 23.000364 38578.351562 41477.742188 12793.121094 -84.607307 -83.130455 22.303106
5579 24.450054 2096.240479 36479.261719 5003.350586 -98.550644 -347.609741 -111.415642
5760 24.067871 32263.123047 46121.386719 67489.484375 -140.632309 -93.693199 -209.719025
5769 25.983719 43808.234375 8761.599609 62960.000000 -150.997971 -90.362663 -75.476509
5814 22.582251 67401.398438 473.876709 74827.687500 92.755966 -12.594899 -15.230782
5831 20.994396 60118.839844 47399.980469 58706.164062 26.980814 158.172745 -37.455429
5947 29.641541 16745.966797 19288.341797 42398.410156 53.664356 154.329987 -159.494934
5948 21.596497 21703.560547 19802.287109 61512.464844 -62.178543 28.662891 -85.055107
5992 20.942572 28149.927734 37864.570312 9093.406250 -50.362591 -115.739258 43.409126
6159 20.395018 66029.304688 61163.089844 72424.757812 161.740128 -25.278250 -99.953125
6162 19.958227 47664.781250 30940.984375 54451.121094 -268.699402 55.646217 -1.880305
6242 21.420511 41604.445312 63652.750000 6937.381348 -97.480659 123.077194 30.228989
6273 23.638680 57311.687500 36780.289062 16316.554688 168.792053 -154.042496 112.899155
6295 25.460402 1142.016968 20209.033203 42996.640625 115.585632 -35.082767 -165.799911
6427 21.917261 16027.110352 69706.289062 40257.613281 -30.199236 -66.559837 -0.433410
6441 19.725357 63994.890625 32643.953125 40104.597656 119.400368 -49.764175 -98.455681
6443 20.658964 36652.316406 27683.722656 7208.922852 -77.104027 73.857971 -69.847961
6519 19.518904 21489.535156 15094.949219 65102.882812 -126.714172 -159.449356 -59.860058
6554 20.247437 20811.162109 42404.273438 8289.979492 -71.605759 -3.731172 -76.493660
6661 20.632967 64889.593750 10088.723633 12794.820312 21.582872 204.421448 163.057236
6723 20.146303 56900.824219 44804.808594 35316.015625 75.443291 131.593094 -55.300655
6765 21.048101 48788.679688 56231.437500 37137.125000 -88.359329 184.134491 14.220126
6776 20.707430 42978.476562 23551.369141 58015.050781 -181.515945 -3.658744 -76.817024
6801 19.587002 38689.457031 19735.734375 36154.433594 -87.943253 -77.815987 84.694778
6807 14.913553 24420.320312 55583.253906 5214.862793 -149.624283 71.299057 -146.792786
6842 19.409645 46034.867188 9013.540039 57936.031250 -127.691177 -74.040115 -95.037491
6859 19.663330 44085.390625 5524.040039 6301.747070 40.548538 -54.659130 -150.596100
7006 18.465830 58183.730469 44178.519531 13447.872070 129.294708 -107.367012 73.533035
7041 17.813345 3229.720947 13350.612305 47735.859375 53.423126 -23.197309 -128.677841
7094 18.018082 42754.125000 21220.937500 29778.857422 -16.385334 40.363136 133.291946
7123 19.612303 64381.277344 4935.302246 43196.242188 -60.345737 -231.248856 -341.840576
7154 19.740892 63776.652344 68902.335938 31808.417969 -153.783722 97.536186 230.243851
7353 19.841644 53994.121094 63456.664062 47138.972656 -1.173409 222.924973 -82.347626
7406 17.024725 51522.351562 26702.054688 13857.979492 166.892227 -60.403355 30.025097
7425 17.774940 19597.949219 57209.792969 43090.148438 -7.363068 -364.495911 178.767288
7451 17.407825 33253.250000 13409.875000 19788.072266 -199.856186 28.794983 35.995731
7655 18.483374 25480.158203 18925.031250 41375.617188 -104.438766 157.613144 2.597210
7715 19.422340 66374.507812 18737.585938 65073.675781 106.768593 80.139893 44.085384
7773 19.144415 68234.851562 41943.175781 4952.137695 165.079193 -273.782990 -17.100548
7800 15.904268 29367.992188 69296.804688 68973.468750 -112.353531 235.894257 62.110325
7880 16.584772 38234.367188 31734.462891 29370.154297 -37.150349 44.315468 155.350815
7986 16.712500 13652.767578 48921.285156 51744.296875 225.734039 120.502708 -518.948853
8012 17.336830 25259.634766 13592.769531 51608.210938 39.346462 53.070782 -37.359859
8103 15.912953 50818.386719 22537.148438 41509.199219 -90.309837 -207.873398 -86.572769
8144 18.643158 47404.730469 61988.710938 20322.906250 -11.404321 181.517776 267.795502
8239 16.387106 18341.998047 49081.968750 39325.894531 -81.167923 -180.889694 377.746185
8302 14.792833 46038.609375 32778.312500 54596.136719 -308.930817 75.577003 7.397589
8308 15.213917 53779.433594 53045.707031 4507.432617 77.535446 -38.111050 9.830036
8346 18.349508 26964.779297 27936.082031 10171.640625 -158.963867 18.785065 -40.385624
8426 16.120155 55102.644531 59274.941406 42811.808594 -7.826997 191.691986 59.203781
8515 14.502320 1405.698853 48937.871094 60595.800781 183.566254 178.078171 -342.594330
8554 15.412498 26216.550781 40002.316406 7771.462891 -118.718826 -22.934443 3.422470
8558 16.063547 55669.371094 54958.601562 70539.015625 50.500664 -36.778194 -127.287010
8645 15.316852 26297.666016 49884.800781 18755.080078 -81.444733 -35.043800 74.765198
8713 13.582425 16412.363281 16653.812500 13177.275391 -75.930359 -11.899274 36.999371
8766 15.643783 16355.752930 40207.464844 45031.875000 252.335312 278.362518 43.315189
8807 14.964112 52673.613281 6942.927734 20459.923828 108.471230 -36.740719 118.502922
8824 15.516880 55940.671875 51171.984375 42121.449219 56.214584 214.375046 -4.534808
8869 14.368021 27037.740234 8284.161133 49472.101562 69.402596 5.090790 52.608810
9037 15.057277 72764.132812 32448.001953 23620.005859 265.607635 -350.761536 -189.620331
9105 13.464901 74663.125000 13242.583008 41865.964844 62.681652 -123.638206 -253.805161
9131 14.181277 7881.405762 30294.740234 23623.203125 -153.952957 -190.964554 -31.431875
9453 14.064362 7146.225098 48179.218750 2518.491699 80.357399 -67.399460 -211.774017
9759 12.739570 12488.545898 25824.382812 54016.886719 167.014404 126.647202 58.306889
9850 13.550247 10756.240234 63464.968750 74238.109375 392.304626 -31.031040 -157.052109
9971 13.425766 14510.533203 37217.734375 52227.761719 153.444092 216.736786 58.691948
9988 12.812124 68447.492188 33342.187500 63051.015625 254.172577 73.695480 121.008110
10057 12.246754 44431.378906 51056.425781 147.876572 -47.471176 -106.958954 -113.450508
10122 13.263386 66326.484375 32823.062500 32683.773438 127.810974 -112.897240 -133.445221
10166 12.087741 6721.864746 59095.214844 1828.841675 238.368164 -40.176365 -210.728882
10175 12.036395 40933.039062 47152.222656 63263.214844 -138.075089 -180.795273 -149.949478
10316 12.079344 44591.558594 23016.679688 55666.218750 -188.160339 -69.968628 -53.113205
10317 12.357388 22172.380859 13694.319336 57699.679688 10.139075 48.518459 58.694931
10363 12.421499 67368.750000 36149.210938 17226.666016 228.619202 -279.928284 0.892556
10579 13.639616 18916.156250 57045.000000 72890.804688 -270.373413 151.557785 -281.079803
10682 11.725295 31657.773438 46350.027344 6054.310059 -176.999374 -80.125832 -68.492599
10795 12.364798 21789.714844 74126.507812 51409.218750 113.521194 -41.981392 48.954281
10871 11.984707 3276.225586 35900.570312 9748.250000 -67.927582 -379.033630 3.873159
10964 11.567137 68477.750000 56256.625000 73455.578125 233.887543 -43.596252 -98.644363
11070 11.311205 8566.879883 42661.320312 10725.161133 -8.865554 -171.940186 -25.233849
11495 11.235200 45387.839844 49329.449219 2837.679199 -50.937550 -95.747017 -91.460426
11928 10.230185 21764.330078 58352.367188 68370.453125 -383.356659 118.451378 -233.246292
12004 9.120956 51656.421875 2930.459717 46383.050781 -46.462090 -123.428627 -279.090790
12037 11.461699 21185.498047 51840.152344 49891.570312 -261.924591 -673.869507 5.579650
12068 10.519180 26572.300781 55454.566406 71625.523438 -320.874420 82.608215 -122.416321
12284 10.989594 44074.125000 23324.628906 60736.691406 -213.303665 -44.248756 -48.932728
12426 11.444098 50101.187500 56150.425781 63432.363281 -30.131081 -1.970135 -194.278824
12431 10.354192 58627.945312 56326.199219 27955.322266 17.823761 32.981232 77.381157
12883 10.150863 67642.609375 26446.267578 37385.847656 131.441910 -180.189865 -202.646561
12940 10.338113 64279.527344 60761.011719 5075.848145 76.403275 -40.272446 8.075949
12955 10.062720 58778.144531 71765.921875 59924.699219 23.163134 -62.768154 -227.721298
13034 9.906495 33217.554688 50655.437500 28726.425781 -57.602158 76.664490 184.432175
13149 10.885852 71138.734375 70752.437500 7142.488770 216.255264 -60.348011 51.718681
13174 10.509363 28214.289062 7590.617676 8709.623047 -392.802490 -27.821249 -111.510010
13558 10.871745 72580.539062 72262.156250 21803.542969 74.785706 101.908569 147.396652
13585 9.935081 28712.222656 18645.914062 61979.558594 -129.695114 -4.187359 -141.590759
13720 9.603154 74898.039062 17038.021484 39064.796875 51.702904 -139.294037 -258.832733
13959 9.203940 64338.257812 34330.238281 48463.207031 108.728943 33.712204 -29.992695
14075 9.039464 33885.058594 9761.522461 65783.125000 -108.652962 -163.306610 12.575798
14083 8.694314 66649.554688 61454.390625 69103.812500 203.745987 -49.757191 -181.696808
14457 8.806825 44668.664062 59164.925781 24766.898438 64.370773 118.047165 218.003754
16241 7.591639 71280.789062 15894.066406 42342.550781 30.953018 -147.872879 -220.526337
17007 7.828114 42925.679688 61724.109375 24160.447266 144.997314 63.190269 245.136917
17321 7.140631 30336.144531 40965.988281 45475.566406 -448.813416 -11.964575 12.210375
17957 7.183708 61256.113281 70091.093750 55918.105469 133.979263 -91.451584 -254.448593
